1
9.117050170898438 -4.981378555297852 -0.22277593612670898
9.113471984863281 -3.339550018310547 -0.2370295524597168
9.239181518554688 -1.712061882019043 -0.2517867088317871
9.43865966796875 -0.1042032241821289 -0.2733478546142578
9.450069427490234 1.5340538024902344 -0.27587270736694336
9.492652893066406 3.177398681640625 -0.29564523696899414
9.577342987060547 4.773590087890625 -0.31339454650878906
9.415180206298828 6.135700225830078 -0.32537126541137695
7.586475372314453 6.247873306274414 -0.3004169464111328
5.9033050537109375 6.356473922729492 -0.26660966873168945
4.817256927490234 5.930698394775391 -0.24371671676635742
4.833351135253906 4.272714614868164 -0.2394261360168457
4.821784973144531 2.627643585205078 -0.2230057716369629
4.744945526123047 1.0647544860839844 -0.21349000930786133
4.670753479003906 -0.6311759948730469 -0.20316791534423828
4.613994598388672 -2.1463241577148438 -0.20162153244018555
4.480945587158203 -3.740237236022949 -0.1855144500732422
5.900295257568359 -4.223203659057617 -0.18630170822143555
7.502262115478516 -4.604698181152344 -0.2016124725341797
9.05615234375 -4.910297393798828 -0.23779773712158203

1
18.368247985839844 -4.803211212158203 -0.1405010223388672
16.92383575439453 -4.6805009841918945 -0.15021324157714844
15.47674560546875 -4.533957481384277 -0.1598820686340332
13.871456146240234 -4.4126129150390625 -0.19172143936157227
12.45217514038086 -4.3177032470703125 -0.20461750030517578
10.95413589477539 -4.165064811706543 -0.21587324142456055
9.44991683959961 -4.040363311767578 -0.23110055923461914
8.117111206054688 -3.985013961791992 -0.2455306053161621
8.391525268554688 -5.486479759216309 -0.2368474006652832
8.692642211914062 -6.909649848937988 -0.217315673828125
9.030128479003906 -8.367349624633789 -0.18834352493286133
10.128681182861328 -8.887954711914062 -0.17064332962036133
11.707996368408203 -8.982842445373535 -0.16533708572387695
13.119762420654297 -9.052202224731445 -0.16287946701049805
14.636920928955078 -9.173416137695312 -0.16840076446533203
15.960681915283203 -9.239935874938965 -0.15896272659301758
17.47586441040039 -9.110363960266113 -0.16779756546020508
17.76666259765625 -7.6734490394592285 -0.1587996482849121
18.084877014160156 -6.252773284912109 -0.13587570190429688
18.354087829589844 -4.813650131225586 -0.13425922393798828

2
29.85654067993164 3.662181854248047 -0.12970638275146484
28.856395721435547 3.7596492767333984 -0.13294172286987305
27.74701690673828 3.8250694274902344 -0.1527543067932129
26.680919647216797 3.9112319946289062 -0.15436649322509766
25.625431060791016 4.004961013793945 -0.17137861251831055
24.500080108642578 4.069494247436523 -0.18812894821166992
23.398975372314453 4.18358039855957 -0.19830703735351562
22.346637725830078 4.254568099975586 -0.2179417610168457
21.40215301513672 4.361989974975586 -0.2376871109008789
20.416210174560547 4.649524688720703 -0.2600274085998535
19.652332305908203 5.503303527832031 -0.2842373847961426
19.126583099365234 6.374799728393555 -0.29469776153564453
19.07513427734375 7.412925720214844 -0.29564857482910156
19.148616790771484 8.50560188293457 -0.29598140716552734
19.248973846435547 9.579385757446289 -0.2998967170715332
19.433330535888672 10.658979415893555 -0.3078618049621582
19.491165161132812 11.77291488647461 -0.33312225341796875
19.521728515625 12.8118896484375 -0.33568525314331055
19.65347671508789 13.852617263793945 -0.362332820892334
19.585601806640625 14.80672836303711 -0.3765692710876465

2
11.678329467773438 14.804388046264648 -0.4311223030090332
11.637027740478516 12.254859924316406 -0.4153170585632324
11.451698303222656 9.665266036987305 -0.3964252471923828
11.30743408203125 7.093225479125977 -0.39644908905029297
9.54888916015625 5.245378494262695 -0.3640708923339844
6.789951324462891 5.155261993408203 -0.34513187408447266
4.044544219970703 5.392068862915039 -0.3383159637451172
1.4048805236816406 5.551658630371094 -0.3400435447692871
-1.1900653839111328 5.678752899169922 -0.3460698127746582
-3.9023971557617188 5.8739013671875 -0.3330368995666504
-6.413848876953125 6.047821044921875 -0.3432917594909668
-9.085166931152344 6.238351821899414 -0.3580169677734375
-11.801959991455078 6.422637939453125 -0.36838579177856445
-14.484456062316895 6.5959625244140625 -0.37221431732177734
-17.131580352783203 6.76805305480957 -0.3776373863220215
-19.702678680419922 6.923919677734375 -0.3878912925720215
-22.3419132232666 7.118295669555664 -0.40467071533203125
-24.85546875 7.286876678466797 -0.4220724105834961
-27.412137985229492 7.4042510986328125 -0.4212226867675781
-29.835771560668945 7.573286056518555 -0.419161319732666

2
9.729427337646484 -14.804789543151855 -0.1808929443359375
9.971488952636719 -12.19947624206543 -0.22087955474853516
10.199630737304688 -9.661431312561035 -0.23485803604125977
10.376079559326172 -6.866504669189453 -0.2844815254211426
9.783660888671875 -4.356105804443359 -0.2774510383605957
7.577655792236328 -3.184022903442383 -0.2973971366882324
4.745269775390625 -3.0300979614257812 -0.27971458435058594
2.053668975830078 -2.880190849304199 -0.2554645538330078
-0.6280193328857422 -2.7065353393554688 -0.23026275634765625
-3.152873992919922 -2.536179542541504 -0.22178173065185547
-5.908975601196289 -2.3608226776123047 -0.24889326095581055
-8.730201721191406 -2.155061721801758 -0.27433204650878906
-11.328397750854492 -1.983506202697754 -0.2984914779663086
-13.967296600341797 -1.8373918533325195 -0.31104278564453125
-16.624202728271484 -1.6290569305419922 -0.34601640701293945
-19.242277145385742 -1.441070556640625 -0.3729543685913086
-22.02139663696289 -1.2460613250732422 -0.39137744903564453
-24.636486053466797 -1.0617551803588867 -0.4124469757080078
-27.15143394470215 -0.8819379806518555 -0.42838525772094727
-29.824983596801758 -0.6891908645629883 -0.47011280059814453

1
19.51714324951172 4.811098098754883 -0.3222322463989258
19.302913665771484 3.349302291870117 -0.2882962226867676
19.055007934570312 1.9787349700927734 -0.27305173873901367
18.83447265625 0.5609750747680664 -0.244964599609375
18.648120880126953 -0.9167985916137695 -0.21627140045166016
18.493743896484375 -2.300826072692871 -0.20937061309814453
18.281375885009766 -3.691481590270996 -0.1953725814819336
18.887409210205078 -4.466489791870117 -0.16786766052246094
20.30706024169922 -4.566892623901367 -0.1688847541809082
21.699668884277344 -4.703156471252441 -0.16525650024414062
23.033233642578125 -4.607784271240234 -0.15764522552490234
23.083290100097656 -3.160353660583496 -0.16648387908935547
23.117332458496094 -1.733647346496582 -0.15543556213378906
23.238964080810547 -0.3570575714111328 -0.15820884704589844
23.366703033447266 1.0917816162109375 -0.15729188919067383
23.380889892578125 2.5033626556396484 -0.15407705307006836
23.439640045166016 3.9315624237060547 -0.14516067504882812
22.40399169921875 4.3283843994140625 -0.1957101821899414
21.028717041015625 4.607704162597656 -0.23766803741455078
19.461837768554688 4.824501037597656 -0.2874479293823242

1
9.899120330810547 9.98342514038086 -0.3055458068847656
9.535476684570312 8.460458755493164 -0.30504941940307617
9.308887481689453 6.869499206542969 -0.33029699325561523
9.009246826171875 5.354652404785156 -0.32871532440185547
10.641548156738281 5.2625885009765625 -0.32141685485839844
12.39548110961914 5.206056594848633 -0.3179049491882324
13.909919738769531 5.125364303588867 -0.31432199478149414
15.458110809326172 5.048862457275391 -0.3157954216003418
16.990737915039062 4.980247497558594 -0.31909894943237305
18.569358825683594 4.879169464111328 -0.3029665946960449
20.156612396240234 4.794380187988281 -0.2848930358886719
19.948890686035156 6.339044570922852 -0.2724118232727051
19.688343048095703 7.835527420043945 -0.2730836868286133
19.401538848876953 9.464078903198242 -0.27793264389038086
17.951812744140625 9.736509323120117 -0.2918534278869629
16.353313446044922 9.71670913696289 -0.30880117416381836
14.707866668701172 9.752204895019531 -0.3149681091308594
13.18941879272461 9.787120819091797 -0.30722856521606445
11.664112091064453 9.867544174194336 -0.3101367950439453
9.887458801269531 9.946296691894531 -0.3044300079345703

2
29.837818145751953 -4.594626426696777 -0.1398463249206543
28.534175872802734 -4.503464698791504 -0.16033172607421875
27.175418853759766 -4.406864166259766 -0.16496515274047852
25.765419006347656 -4.293726921081543 -0.1842179298400879
24.438385009765625 -4.216557502746582 -0.1886734962463379
23.021060943603516 -4.103397369384766 -0.19544410705566406
21.72098159790039 -3.9075889587402344 -0.20613908767700195
20.980548858642578 -3.1577186584472656 -0.22047090530395508
19.977371215820312 -2.665480613708496 -0.2367415428161621
18.812828063964844 -3.0218114852905273 -0.2168745994567871
17.541946411132812 -4.069869041442871 -0.18709373474121094
16.94076156616211 -5.152837753295898 -0.19170141220092773
16.599365234375 -6.441474914550781 -0.1966385841369629
16.354633331298828 -7.857142448425293 -0.2060227394104004
16.518436431884766 -9.195222854614258 -0.1971282958984375
17.24854278564453 -9.757356643676758 -0.19606781005859375
17.84798812866211 -10.773630142211914 -0.17206668853759766
17.862579345703125 -12.159334182739258 -0.15369415283203125
17.680999755859375 -13.466631889343262 -0.1380000114440918
17.558006286621094 -14.819131851196289 -0.1424551010131836

0
15.333015441894531 14.974687576293945 -0.3987412452697754
15.348072052001953 14.861787796020508 -0.4018430709838867
15.28360366821289 14.689229965209961 -0.41100311279296875
15.263046264648438 14.497222900390625 -0.41340208053588867
15.226547241210938 14.270681381225586 -0.406766414642334
15.209327697753906 14.079021453857422 -0.4056549072265625
15.181720733642578 13.934593200683594 -0.4019804000854492
15.187480926513672 13.740938186645508 -0.3973979949951172
15.219158172607422 13.558170318603516 -0.3969106674194336
15.225692749023438 13.348760604858398 -0.3969569206237793
15.200809478759766 13.116168975830078 -0.3943028450012207
15.188594818115234 12.941913604736328 -0.3870868682861328
15.169017791748047 12.753660202026367 -0.3842768669128418
15.138099670410156 12.57200813293457 -0.38491106033325195
15.123298645019531 12.369283676147461 -0.3869485855102539
15.112617492675781 12.145622253417969 -0.3887495994567871
15.141544342041016 11.98386001586914 -0.3848114013671875
15.127880096435547 11.808917999267578 -0.38265371322631836
15.132869720458984 11.613931655883789 -0.38343286514282227
15.147869110107422 11.441232681274414 -0.3785877227783203

