1
8.958816528320312 -4.994150161743164 -0.26196765899658203
8.971221923828125 -3.3299102783203125 -0.2589998245239258
9.06467056274414 -1.7130632400512695 -0.2687492370605469
9.256107330322266 -0.09573745727539062 -0.28626203536987305
9.280120849609375 1.545745849609375 -0.28230762481689453
9.335681915283203 3.1659984588623047 -0.293302059173584
9.419166564941406 4.753568649291992 -0.30289745330810547
9.259086608886719 6.122095108032227 -0.30843639373779297
7.445209503173828 6.213291168212891 -0.2825932502746582
5.7547760009765625 6.32667350769043 -0.2476801872253418
4.706836700439453 5.897802352905273 -0.22543668746948242
4.679603576660156 4.23382568359375 -0.22214031219482422
4.667427062988281 2.6146183013916016 -0.21629905700683594
4.552406311035156 1.0392189025878906 -0.21071481704711914
4.498935699462891 -0.6264352798461914 -0.2038726806640625
4.446556091308594 -2.1651439666748047 -0.2089838981628418
4.308002471923828 -3.739948272705078 -0.19959592819213867
5.741825103759766 -4.257881164550781 -0.2037677764892578
7.3460845947265625 -4.62592887878418 -0.2237238883972168
8.875320434570312 -4.916560173034668 -0.26050472259521484

2
29.850696563720703 3.6303062438964844 -0.1255030632019043
28.83661651611328 3.7240943908691406 -0.1300668716430664
27.714595794677734 3.7880001068115234 -0.14427757263183594
26.61957550048828 3.8707332611083984 -0.14992046356201172
25.564685821533203 3.9589805603027344 -0.16347122192382812
24.427059173583984 4.030235290527344 -0.1808300018310547
23.318668365478516 4.142679214477539 -0.19310331344604492
22.249061584472656 4.225481033325195 -0.21364593505859375
21.307205200195312 4.324794769287109 -0.2281332015991211
20.308361053466797 4.588996887207031 -0.25151968002319336
19.509971618652344 5.401271820068359 -0.26666927337646484
18.968807220458984 6.292417526245117 -0.2818937301635742
18.87923812866211 7.352563858032227 -0.2779092788696289
18.931617736816406 8.475173950195312 -0.2752523422241211
19.043777465820312 9.523317337036133 -0.2776527404785156
19.20977020263672 10.630498886108398 -0.28197526931762695
19.30583953857422 11.737979888916016 -0.3065810203552246
19.309738159179688 12.765480041503906 -0.3119478225708008
19.440387725830078 13.827327728271484 -0.3330531120300293
19.392169952392578 14.807268142700195 -0.3410305976867676

1
18.245880126953125 -4.792606353759766 -0.17940092086791992
16.77655029296875 -4.6883392333984375 -0.18658924102783203
15.348026275634766 -4.532726287841797 -0.19327354431152344
13.731224060058594 -4.428117752075195 -0.2180466651916504
12.289958953857422 -4.32757568359375 -0.22782135009765625
10.795047760009766 -4.188014984130859 -0.24072551727294922
9.281089782714844 -4.051465034484863 -0.25168943405151367
7.9637603759765625 -4.014128684997559 -0.2672743797302246
8.226699829101562 -5.5263214111328125 -0.2591681480407715
8.522575378417969 -6.9141998291015625 -0.2440962791442871
8.893882751464844 -8.425048828125 -0.22481966018676758
9.996917724609375 -8.928796768188477 -0.22324371337890625
11.575279235839844 -9.019017219543457 -0.2285923957824707
12.995994567871094 -9.118358612060547 -0.24356603622436523
14.521320343017578 -9.225343704223633 -0.24165105819702148
15.844417572021484 -9.310504913330078 -0.2304983139038086
17.322608947753906 -9.17331314086914 -0.22556352615356445
17.629222869873047 -7.668833255767822 -0.2180490493774414
17.942752838134766 -6.270540237426758 -0.1922616958618164
18.23987579345703 -4.7952470779418945 -0.18256378173828125

2
11.572296142578125 14.802209854125977 -0.37882137298583984
11.515998840332031 12.232662200927734 -0.3659796714782715
11.251594543457031 9.64671516418457 -0.3594951629638672
11.067588806152344 7.082544326782227 -0.38109874725341797
9.331962585449219 5.236669540405273 -0.3474154472351074
6.6337127685546875 5.141794204711914 -0.32378625869750977
3.908679962158203 5.374065399169922 -0.3187069892883301
1.3283615112304688 5.528358459472656 -0.30775976181030273
-1.265939712524414 5.667877197265625 -0.31720638275146484
-3.980833053588867 5.8793182373046875 -0.30538129806518555
-6.49467658996582 6.056184768676758 -0.31525754928588867
-9.098684310913086 6.249721527099609 -0.32854795455932617
-11.820030212402344 6.44184684753418 -0.3363637924194336
-14.435749053955078 6.6194915771484375 -0.3437924385070801
-17.063304901123047 6.791440963745117 -0.34411048889160156
-19.668113708496094 6.962379455566406 -0.35088062286376953
-22.29437828063965 7.163206100463867 -0.36584901809692383
-24.829086303710938 7.327411651611328 -0.38362884521484375
-27.405467987060547 7.476860046386719 -0.37836265563964844
-29.83209228515625 7.645406723022461 -0.37765073776245117

1
19.354171752929688 4.799295425415039 -0.3190326690673828
19.155799865722656 3.3322219848632812 -0.2867770195007324
18.91405487060547 1.9607353210449219 -0.2757382392883301
18.687313079833984 0.5309953689575195 -0.24833297729492188
18.511985778808594 -0.9581823348999023 -0.22667407989501953
18.30759048461914 -2.335452079772949 -0.22176790237426758
18.140335083007812 -3.7240095138549805 -0.2099142074584961
18.740760803222656 -4.507624626159668 -0.18962812423706055
20.1859130859375 -4.602593421936035 -0.1915745735168457
21.569225311279297 -4.740558624267578 -0.18581819534301758
22.876327514648438 -4.638239860534668 -0.18208694458007812
22.941253662109375 -3.182415008544922 -0.1809558868408203
22.96508026123047 -1.744119644165039 -0.16905975341796875
23.08667755126953 -0.34354496002197266 -0.16674232482910156
23.2021484375 1.090463638305664 -0.16179895401000977
23.233230590820312 2.468717575073242 -0.15743541717529297
23.318721771240234 3.894847869873047 -0.1473393440246582
22.21917724609375 4.297985076904297 -0.20011615753173828
20.833820343017578 4.5797119140625 -0.24045658111572266
19.297046661376953 4.801006317138672 -0.2897682189941406

2
9.662845611572266 -14.80208683013916 -0.2785482406616211
9.918899536132812 -12.178342819213867 -0.3118162155151367
10.06195068359375 -9.683677673339844 -0.31853342056274414
10.219306945800781 -6.946135520935059 -0.3457798957824707
9.646186828613281 -4.391147613525391 -0.3048229217529297
7.42779541015625 -3.179802894592285 -0.3106074333190918
4.661903381347656 -3.0346899032592773 -0.2885289192199707
1.9469413757324219 -2.8716230392456055 -0.2603187561035156
-0.7334880828857422 -2.695516586303711 -0.23115015029907227
-3.2552337646484375 -2.5263328552246094 -0.22371959686279297
-6.039329528808594 -2.3453359603881836 -0.2397933006286621
-8.815694808959961 -2.1466665267944336 -0.2689976692199707
-11.405750274658203 -1.974447250366211 -0.2923412322998047
-14.08961009979248 -1.8249530792236328 -0.3059844970703125
-16.744415283203125 -1.6094074249267578 -0.34131526947021484
-19.36481475830078 -1.4291667938232422 -0.36825084686279297
-22.110240936279297 -1.2363786697387695 -0.3872718811035156
-24.707040786743164 -1.0539522171020508 -0.405153751373291
-27.192626953125 -0.8727273941040039 -0.4281167984008789
-29.831825256347656 -0.6819381713867188 -0.46748828887939453

1
9.73758316040039 9.968626022338867 -0.282742977142334
9.373821258544922 8.454584121704102 -0.2834587097167969
9.113037109375 6.86073112487793 -0.31905221939086914
8.843414306640625 5.34661865234375 -0.3272862434387207
10.483592987060547 5.244804382324219 -0.31636810302734375
12.166709899902344 5.1818084716796875 -0.3094024658203125
13.668220520019531 5.104740142822266 -0.30335140228271484
15.203353881835938 5.036529541015625 -0.3000631332397461
16.834938049316406 4.94969367980957 -0.3055076599121094
18.408679962158203 4.837335586547852 -0.2915487289428711
19.988422393798828 4.755037307739258 -0.278017520904541
19.73370361328125 6.321750640869141 -0.25984859466552734
19.480133056640625 7.814632415771484 -0.2569246292114258
19.180492401123047 9.411029815673828 -0.25545597076416016
17.74753189086914 9.70533561706543 -0.2632927894592285
16.123886108398438 9.715927124023438 -0.27992725372314453
14.539386749267578 9.741443634033203 -0.28136348724365234
12.995437622070312 9.790046691894531 -0.2779245376586914
11.50286865234375 9.87592887878418 -0.2809877395629883
9.70278549194336 9.929338455200195 -0.27254724502563477

2
29.843887329101562 -4.662877082824707 -0.1755819320678711
28.54171371459961 -4.57938289642334 -0.1956939697265625
27.169639587402344 -4.490180969238281 -0.20769882202148438
25.751483917236328 -4.367258071899414 -0.22059345245361328
24.45203399658203 -4.2957868576049805 -0.22473812103271484
22.99856948852539 -4.184991836547852 -0.23666954040527344
21.67926025390625 -4.025029182434082 -0.24496173858642578
21.001144409179688 -3.246321678161621 -0.26031923294067383
20.036418914794922 -2.702023506164551 -0.26711320877075195
18.75778579711914 -3.00393009185791 -0.24865245819091797
17.426898956298828 -4.011447906494141 -0.2302265167236328
16.78435516357422 -5.117362022399902 -0.24036169052124023
16.463897705078125 -6.367642402648926 -0.25475645065307617
16.21091079711914 -7.845792293548584 -0.2609119415283203
16.341068267822266 -9.149066925048828 -0.2721686363220215
17.107501983642578 -9.728521347045898 -0.2722172737121582
17.701587677001953 -10.720935821533203 -0.2609877586364746
17.740936279296875 -12.118656158447266 -0.2626767158508301
17.625762939453125 -13.467801094055176 -0.25681114196777344
17.496532440185547 -14.815531730651855 -0.26578330993652344

0
15.236392974853516 14.973169326782227 -0.35397863388061523
15.212940216064453 14.855358123779297 -0.3568449020385742
15.181751251220703 14.685901641845703 -0.36286020278930664
15.183929443359375 14.492341995239258 -0.365354061126709
15.134151458740234 14.250762939453125 -0.3635387420654297
15.104412078857422 14.072759628295898 -0.3627657890319824
15.081966400146484 13.918645858764648 -0.3608822822570801
15.083404541015625 13.713180541992188 -0.35715532302856445
15.099292755126953 13.543220520019531 -0.3581571578979492
15.117919921875 13.338739395141602 -0.35794973373413086
15.093421936035156 13.103738784790039 -0.3570890426635742
15.078262329101562 12.928096771240234 -0.3513202667236328
15.057647705078125 12.750246047973633 -0.3490009307861328
15.03402328491211 12.570352554321289 -0.35087013244628906
15.007881164550781 12.376575469970703 -0.3510160446166992
15.00054931640625 12.137432098388672 -0.3525724411010742
15.029857635498047 11.9500732421875 -0.35178661346435547
15.004581451416016 11.801326751708984 -0.35199880599975586
15.004222869873047 11.596803665161133 -0.3558950424194336
15.007953643798828 11.412332534790039 -0.3513188362121582

