1
6.9093780517578125 -4.895042419433594 -0.2891092300415039
6.970115661621094 -3.243208885192871 -0.29576539993286133
7.036861419677734 -1.6139259338378906 -0.2977132797241211
7.106529235839844 0.011194229125976562 -0.30455780029296875
7.146289825439453 1.5769023895263672 -0.3128833770751953
7.270923614501953 3.2092533111572266 -0.32200002670288086
7.280303955078125 4.87548828125 -0.3314857482910156
7.1983795166015625 6.205486297607422 -0.3363356590270996
5.4322967529296875 6.283241271972656 -0.2929682731628418
3.806468963623047 6.444917678833008 -0.2567000389099121
2.6798324584960938 6.014259338378906 -0.22658538818359375
2.5295982360839844 4.3533477783203125 -0.2228527069091797
2.506633758544922 2.6840362548828125 -0.21583890914916992
2.443115234375 1.057790756225586 -0.21543359756469727
2.3072776794433594 -0.5658273696899414 -0.20765018463134766
2.313934326171875 -2.2186899185180664 -0.21524333953857422
2.340831756591797 -3.770035743713379 -0.21050357818603516
3.804096221923828 -4.192644119262695 -0.2312602996826172
5.324737548828125 -4.564658164978027 -0.26154613494873047
6.888721466064453 -4.88444709777832 -0.29619359970092773

2
29.841896057128906 3.8135910034179688 -0.34238195419311523
28.675155639648438 3.865964889526367 -0.33941173553466797
27.488880157470703 3.932964324951172 -0.3481016159057617
26.30579376220703 4.009746551513672 -0.3534054756164551
25.15239715576172 4.109901428222656 -0.3637838363647461
23.985698699951172 4.212308883666992 -0.36741018295288086
22.851207733154297 4.269775390625 -0.37240123748779297
21.711517333984375 4.31842041015625 -0.38031721115112305
20.62554168701172 4.366252899169922 -0.3804178237915039
19.33188247680664 4.48919677734375 -0.3780951499938965
18.225749969482422 4.765569686889648 -0.3833484649658203
17.259315490722656 5.627740859985352 -0.3889780044555664
16.81206512451172 6.672157287597656 -0.39652204513549805
16.72909164428711 7.8629913330078125 -0.3852829933166504
16.827476501464844 9.011762619018555 -0.3751649856567383
16.939163208007812 10.283588409423828 -0.37926340103149414
17.0010986328125 11.33523178100586 -0.39596128463745117
17.044551849365234 12.592662811279297 -0.41133880615234375
17.2281494140625 13.67348861694336 -0.4228019714355469
17.24152374267578 14.812700271606445 -0.42734241485595703

1
16.30026626586914 -4.653046607971191 -0.2966766357421875
14.785449981689453 -4.523270606994629 -0.2935638427734375
13.32098388671875 -4.38401985168457 -0.2949519157409668
11.787773132324219 -4.320101737976074 -0.29057741165161133
10.287052154541016 -4.20836067199707 -0.28619909286499023
8.843364715576172 -4.121912956237793 -0.28089094161987305
7.253002166748047 -3.9946746826171875 -0.2817344665527344
5.894565582275391 -3.966996192932129 -0.27864789962768555
6.250633239746094 -5.480320930480957 -0.27645206451416016
6.622241973876953 -6.927249908447266 -0.25896120071411133
6.942333221435547 -8.352437973022461 -0.24999475479125977
8.160926818847656 -8.876625061035156 -0.2641944885253906
9.68045425415039 -8.944509506225586 -0.2695631980895996
11.151557922363281 -8.984539031982422 -0.2844066619873047
12.557823181152344 -9.09324836730957 -0.30519866943359375
14.111557006835938 -9.219104766845703 -0.3259701728820801
15.441032409667969 -9.02879524230957 -0.3424057960510254
15.744499206542969 -7.500338077545166 -0.3401021957397461
16.04822540283203 -6.1399688720703125 -0.3276834487915039
16.336536407470703 -4.652131080627441 -0.32506752014160156

2
9.403106689453125 14.80235481262207 -0.46642541885375977
9.248859405517578 12.340360641479492 -0.4586052894592285
9.124034881591797 9.913799285888672 -0.43323421478271484
8.981246948242188 7.3662261962890625 -0.4274711608886719
7.524394989013672 5.471412658691406 -0.36887264251708984
5.141460418701172 5.176057815551758 -0.34520864486694336
2.5465736389160156 5.36451530456543 -0.32306432723999023
0.07635688781738281 5.46722412109375 -0.2741050720214844
-2.57415771484375 5.578289031982422 -0.24422645568847656
-5.037370681762695 5.7169189453125 -0.20727872848510742
-7.7081298828125 5.9208984375 -0.19742965698242188
-10.028884887695312 6.0719146728515625 -0.18558597564697266
-12.572772979736328 6.212835311889648 -0.17377948760986328
-14.945340156555176 6.350690841674805 -0.17192602157592773
-17.44316291809082 6.483846664428711 -0.15161895751953125
-19.8991756439209 6.6538848876953125 -0.14423227310180664
-22.412099838256836 6.799263000488281 -0.1277909278869629
-24.917457580566406 6.977634429931641 -0.11993932723999023
-27.375276565551758 7.06414794921875 -0.1150965690612793
-29.813541412353516 7.214086532592773 -0.10834980010986328

2
7.756034851074219 -14.805675506591797 -0.3014955520629883
7.992698669433594 -12.239838600158691 -0.33652353286743164
8.140262603759766 -9.830057144165039 -0.34189462661743164
8.248889923095703 -7.216630935668945 -0.3746829032897949
7.829418182373047 -4.670653343200684 -0.3392801284790039
5.8674468994140625 -3.1933164596557617 -0.32032203674316406
3.2909698486328125 -3.011227607727051 -0.29717350006103516
0.7212638854980469 -2.9007835388183594 -0.2361159324645996
-1.7136173248291016 -2.787139892578125 -0.19277620315551758
-4.306966781616211 -2.6780576705932617 -0.16296768188476562
-6.880044937133789 -2.5513439178466797 -0.14180469512939453
-9.393722534179688 -2.380779266357422 -0.1435379981994629
-12.011302947998047 -2.2211036682128906 -0.14780426025390625
-14.56639575958252 -2.0663890838623047 -0.14485979080200195
-17.248916625976562 -1.9014711380004883 -0.14046287536621094
-19.823768615722656 -1.7336368560791016 -0.1528620719909668
-22.426368713378906 -1.5623741149902344 -0.1543898582458496
-24.869945526123047 -1.463724136352539 -0.15982913970947266
-27.328428268432617 -1.3062982559204102 -0.16113615036010742
-29.81300163269043 -1.1650733947753906 -0.16088056564331055

1
7.610874176025391 10.085325241088867 -0.3290262222290039
7.287986755371094 8.590238571166992 -0.33512163162231445
7.033363342285156 6.981439590454102 -0.37381553649902344
6.8358917236328125 5.459983825683594 -0.3855414390563965
8.367130279541016 5.377738952636719 -0.37520694732666016
10.05819320678711 5.317949295043945 -0.3690810203552246
11.46908950805664 5.244556427001953 -0.36913394927978516
13.041149139404297 5.1980133056640625 -0.3676881790161133
14.640850067138672 5.088264465332031 -0.3783688545227051
16.236263275146484 5.068662643432617 -0.377687931060791
17.904781341552734 4.978607177734375 -0.3674278259277344
17.688560485839844 6.540409088134766 -0.37632083892822266
17.40778350830078 8.02431869506836 -0.36789369583129883
17.071990966796875 9.618257522583008 -0.37308597564697266
15.598175048828125 9.810443878173828 -0.3768010139465332
14.098628997802734 9.85280990600586 -0.37548255920410156
12.516021728515625 9.874755859375 -0.36582517623901367
10.900367736816406 9.900815963745117 -0.34674882888793945
9.28017807006836 10.047481536865234 -0.3403434753417969
7.597789764404297 10.033401489257812 -0.33589792251586914

1
17.310405731201172 4.961067199707031 -0.4141731262207031
17.153865814208984 3.524198532104492 -0.3882107734680176
16.903915405273438 2.0852508544921875 -0.37853527069091797
16.76734161376953 0.668853759765625 -0.3584609031677246
16.509437561035156 -0.7320156097412109 -0.35333967208862305
16.31875228881836 -2.2116012573242188 -0.34302473068237305
16.018566131591797 -3.6654281616210938 -0.32752084732055664
16.72210693359375 -4.352752685546875 -0.32071447372436523
18.226600646972656 -4.457897186279297 -0.32674503326416016
19.54975128173828 -4.4888715744018555 -0.3304457664489746
20.860149383544922 -4.383908271789551 -0.3301563262939453
20.95638656616211 -2.962571144104004 -0.32955217361450195
20.91645050048828 -1.5293817520141602 -0.32465314865112305
21.00754165649414 -0.0957040786743164 -0.31704187393188477
21.19483184814453 1.2914772033691406 -0.32636356353759766
21.217819213867188 2.6243038177490234 -0.3384542465209961
21.406291961669922 4.088916778564453 -0.3269176483154297
20.18017578125 4.539560317993164 -0.35713624954223633
18.8436279296875 4.711883544921875 -0.38655519485473633
17.26348876953125 4.945577621459961 -0.4138603210449219

2
29.835826873779297 -4.510448455810547 -0.3765854835510254
28.440845489501953 -4.378917694091797 -0.3898043632507324
26.89952850341797 -4.2858381271362305 -0.40827465057373047
25.372802734375 -4.202936172485352 -0.4091510772705078
23.878578186035156 -4.143178939819336 -0.41620445251464844
22.415687561035156 -4.058060646057129 -0.41469907760620117
20.910118103027344 -3.982821464538574 -0.4120645523071289
19.872589111328125 -3.606856346130371 -0.4036693572998047
18.993072509765625 -2.5758838653564453 -0.40837860107421875
17.790077209472656 -2.5589380264282227 -0.3870816230773926
16.213958740234375 -3.2682418823242188 -0.3560934066772461
15.176074981689453 -4.377728462219238 -0.334747314453125
14.667030334472656 -5.656445503234863 -0.34348535537719727
14.374958038330078 -7.18039608001709 -0.3586602210998535
14.280620574951172 -8.80610466003418 -0.3680453300476074
15.099227905273438 -9.375349044799805 -0.36249208450317383
15.78173828125 -10.373905181884766 -0.3602747917175293
15.833595275878906 -11.942655563354492 -0.3709750175476074
15.763973236083984 -13.322134017944336 -0.37552547454833984
15.72408676147461 -14.809152603149414 -0.36330175399780273

0
13.003421783447266 14.978275299072266 -0.4470553398132324
12.973155975341797 14.87315559387207 -0.43430137634277344
12.943984985351562 14.687103271484375 -0.43355417251586914
12.933868408203125 14.481658935546875 -0.4362912178039551
12.927803039550781 14.304317474365234 -0.4314117431640625
12.97262191772461 14.099664688110352 -0.43080902099609375
12.948257446289062 13.909786224365234 -0.4242711067199707
12.968704223632812 13.74431037902832 -0.42789697647094727
12.937171936035156 13.601036071777344 -0.42831897735595703
12.889591217041016 13.401338577270508 -0.4308633804321289
12.876121520996094 13.198665618896484 -0.4278135299682617
12.850284576416016 12.98484992980957 -0.4367804527282715
12.829025268554688 12.790243148803711 -0.4399127960205078
12.825252532958984 12.617916107177734 -0.4343228340148926
12.82535171508789 12.455364227294922 -0.4328889846801758
12.834430694580078 12.235280990600586 -0.4257192611694336
12.864532470703125 12.024862289428711 -0.4243354797363281
12.842086791992188 11.870019912719727 -0.41792774200439453
12.809383392333984 11.686281204223633 -0.4160647392272949
12.811958312988281 11.450340270996094 -0.4077587127685547

