1
-29.8259334564209 4.824113845825195 -0.35811758041381836
-28.825462341308594 4.824043273925781 -0.35451173782348633
-27.846715927124023 4.852136611938477 -0.344449520111084
-26.832584381103516 4.820659637451172 -0.34393787384033203
-25.623632431030273 4.790342330932617 -0.3410649299621582
-24.705472946166992 4.799127578735352 -0.3332195281982422
-23.676979064941406 4.765220642089844 -0.33452558517456055
-22.533340454101562 4.803409576416016 -0.32356977462768555
-22.16952133178711 5.628412246704102 -0.3396177291870117
-22.23967742919922 6.649274826049805 -0.36400747299194336
-22.156696319580078 7.725980758666992 -0.3814353942871094
-22.163619995117188 8.87896728515625 -0.39934730529785156
-22.50983428955078 9.532398223876953 -0.4064497947692871
-23.494487762451172 9.479326248168945 -0.40639591217041016
-24.58187484741211 9.496498107910156 -0.4036521911621094
-25.781047821044922 9.512439727783203 -0.3950986862182617
-26.722118377685547 9.476036071777344 -0.3898444175720215
-27.74323272705078 9.447145462036133 -0.3838930130004883
-28.788528442382812 9.468109130859375 -0.3809947967529297
-29.8934383392334 9.411968231201172 -0.39060258865356445

1
-21.903804779052734 4.916021347045898 -0.32611560821533203
-21.86457061767578 3.436573028564453 -0.3097352981567383
-21.89373016357422 1.9137496948242188 -0.2811756134033203
-21.879398345947266 0.45969676971435547 -0.2505459785461426
-21.829940795898438 -1.002547264099121 -0.24861621856689453
-21.981678009033203 -2.409158706665039 -0.23502016067504883
-22.009153366088867 -3.8996191024780273 -0.1907663345336914
-21.826169967651367 -5.340686798095703 -0.1818528175354004
-20.394859313964844 -4.848334312438965 -0.19316959381103516
-18.953027725219727 -4.38502311706543 -0.17665672302246094
-17.535411834716797 -3.9955902099609375 -0.19364356994628906
-16.999263763427734 -2.818208694458008 -0.21593284606933594
-17.018291473388672 -1.2864389419555664 -0.23852157592773438
-17.05807876586914 0.14667606353759766 -0.27338361740112305
-17.0360164642334 1.6048965454101562 -0.31038475036621094
-17.099267959594727 3.0863399505615234 -0.35810136795043945
-17.140745162963867 4.39219856262207 -0.38289833068847656
-18.599285125732422 4.573732376098633 -0.3652338981628418
-20.26740264892578 4.6707305908203125 -0.33802318572998047
-21.924840927124023 4.920314788818359 -0.3152928352355957

2
17.603599548339844 14.803876876831055 -0.3940305709838867
17.44568634033203 11.550418853759766 -0.38216733932495117
17.40814208984375 8.298553466796875 -0.3491826057434082
16.501930236816406 5.373470306396484 -0.4222412109375
13.286479949951172 5.106201171875 -0.415618896484375
10.062580108642578 5.089834213256836 -0.4200897216796875
6.719261169433594 5.07056999206543 -0.40605831146240234
3.4514923095703125 5.090076446533203 -0.40175580978393555
0.07427978515625 5.089391708374023 -0.3903350830078125
-3.0658950805664062 5.102216720581055 -0.39209651947021484
-6.382354736328125 5.115379333496094 -0.3987236022949219
-9.616905212402344 5.03021240234375 -0.42189788818359375
-13.252557754516602 4.948064804077148 -0.44138526916503906
-16.410533905029297 4.813169479370117 -0.4104275703430176
-18.476158142089844 3.123991012573242 -0.3813056945800781
-21.54847526550293 3.569643020629883 -0.3514747619628906
-23.839693069458008 6.135593414306641 -0.41944169998168945
-22.825408935546875 8.489986419677734 -0.43194150924682617
-22.558162689208984 11.485782623291016 -0.5034914016723633
-22.720361709594727 14.797595977783203 -0.5263619422912598

2
29.831626892089844 -2.512186050415039 -0.3366398811340332
26.602951049804688 -2.5279273986816406 -0.33091306686401367
23.349689483642578 -2.557522773742676 -0.33209943771362305
20.028911590576172 -2.5719385147094727 -0.32386159896850586
16.811870574951172 -2.611483573913574 -0.3169116973876953
13.431411743164062 -2.6107778549194336 -0.31642913818359375
10.016002655029297 -2.647855758666992 -0.3106656074523926
6.8028411865234375 -2.666309356689453 -0.2940082550048828
3.3514404296875 -2.696460723876953 -0.2837715148925781
0.0268402099609375 -2.704861640930176 -0.28109216690063477
-3.336271286010742 -2.735531806945801 -0.2848944664001465
-6.659389495849609 -2.7546310424804688 -0.2839226722717285
-10.064334869384766 -2.779669761657715 -0.28849124908447266
-13.351966857910156 -2.796189308166504 -0.29590702056884766
-16.65231704711914 -2.7842445373535156 -0.3108348846435547
-20.27535629272461 -2.881143569946289 -0.3014211654663086
-22.52952766418457 -4.888204574584961 -0.24456119537353516
-22.61783218383789 -8.13170337677002 -0.15172290802001953
-22.6904296875 -11.47917366027832 -0.035017967224121094
-22.400211334228516 -14.800138473510742 0.10183572769165039

2
29.82977294921875 5.306720733642578 -0.4240908622741699
29.03668212890625 5.3034210205078125 -0.4226503372192383
28.178295135498047 5.296918869018555 -0.4220104217529297
27.256031036376953 5.299718856811523 -0.4228386878967285
26.370906829833984 5.261466979980469 -0.4254598617553711
25.651107788085938 5.263954162597656 -0.42391157150268555
24.726531982421875 5.281597137451172 -0.4306635856628418
23.803512573242188 5.266056060791016 -0.429931640625
22.99575424194336 5.41026496887207 -0.41998863220214844
22.32436752319336 6.191783905029297 -0.3950653076171875
22.281108856201172 7.073419570922852 -0.3625216484069824
22.181285858154297 7.88664436340332 -0.34972047805786133
22.230144500732422 8.793373107910156 -0.3599867820739746
22.180625915527344 9.71098518371582 -0.3679990768432617
22.232112884521484 10.524618148803711 -0.37456655502319336
22.194992065429688 11.348396301269531 -0.3904142379760742
22.177898406982422 12.206487655639648 -0.4070625305175781
22.155418395996094 13.148122787475586 -0.40902090072631836
22.308292388916016 13.986579895019531 -0.4181785583496094
22.287296295166016 14.797624588012695 -0.41758251190185547

1
-29.84851837158203 -9.092612266540527 -0.029702186584472656
-28.766176223754883 -9.094361305236816 -0.04270792007446289
-27.585613250732422 -9.093482971191406 -0.044632911682128906
-26.582714080810547 -9.018173217773438 -0.04132270812988281
-25.505844116210938 -9.052544593811035 -0.04771614074707031
-24.143924713134766 -9.01462173461914 -0.0414128303527832
-22.93019676208496 -9.076541900634766 -0.0422215461730957
-22.05864143371582 -8.940690994262695 -0.04737567901611328
-21.542734146118164 -8.040946960449219 -0.08077287673950195
-21.36347198486328 -6.867971420288086 -0.12668943405151367
-21.267864227294922 -5.802364349365234 -0.15965604782104492
-21.153549194335938 -4.610688209533691 -0.1999530792236328
-21.88375473022461 -4.322758674621582 -0.20534896850585938
-23.062713623046875 -4.344930648803711 -0.22403287887573242
-24.19931983947754 -4.364574432373047 -0.20986366271972656
-25.362152099609375 -4.405472755432129 -0.21714496612548828
-26.45955467224121 -4.443552017211914 -0.22328901290893555
-27.598363876342773 -4.451543807983398 -0.2260298728942871
-28.746273040771484 -4.449520111083984 -0.21384477615356445
-29.87308692932129 -4.479155540466309 -0.22616958618164062

