1
-22.460996627807617 4.945955276489258 -0.33245849609375
-22.363948822021484 3.435304641723633 -0.32088279724121094
-22.432992935180664 1.9736919403076172 -0.29899120330810547
-22.41961097717285 0.46105003356933594 -0.27097177505493164
-22.379613876342773 -0.9530820846557617 -0.26845264434814453
-22.5768985748291 -2.378127098083496 -0.2616128921508789
-22.48019790649414 -3.8793487548828125 -0.22569513320922852
-22.316587448120117 -5.312853813171387 -0.2174210548400879
-20.84239387512207 -4.788750648498535 -0.22222471237182617
-19.541351318359375 -4.353252410888672 -0.20638704299926758
-18.09709358215332 -3.8896408081054688 -0.22089481353759766
-17.569183349609375 -2.818105697631836 -0.23815679550170898
-17.567195892333984 -1.2579832077026367 -0.2590370178222656
-17.673694610595703 0.1426095962524414 -0.29283952713012695
-17.665922164916992 1.6583309173583984 -0.33017778396606445
-17.700685501098633 3.125946044921875 -0.3710207939147949
-17.768978118896484 4.414819717407227 -0.3947277069091797
-19.276042938232422 4.592548370361328 -0.37325048446655273
-20.808856964111328 4.7178802490234375 -0.3543233871459961
-22.484392166137695 4.947061538696289 -0.33550357818603516

1
-29.83094024658203 4.828424453735352 -0.373751163482666
-28.861244201660156 4.828668594360352 -0.3711090087890625
-27.963518142700195 4.873561859130859 -0.3569021224975586
-27.031723022460938 4.8350982666015625 -0.3553643226623535
-25.88573455810547 4.809396743774414 -0.35462045669555664
-25.0175838470459 4.827125549316406 -0.34299182891845703
-24.08670425415039 4.807580947875977 -0.34503984451293945
-22.985437393188477 4.815814971923828 -0.33619070053100586
-22.770082473754883 5.685724258422852 -0.34917688369750977
-22.712615966796875 6.640129089355469 -0.3712029457092285
-22.779373168945312 7.705057144165039 -0.3928236961364746
-22.589069366455078 8.746809005737305 -0.4059925079345703
-22.894012451171875 9.482818603515625 -0.4193539619445801
-23.701143264770508 9.521169662475586 -0.4182887077331543
-24.782197952270508 9.515779495239258 -0.4154782295227051
-25.930063247680664 9.535894393920898 -0.41106605529785156
-26.820398330688477 9.483488082885742 -0.40505266189575195
-27.829851150512695 9.458778381347656 -0.3999972343444824
-28.821273803710938 9.479887008666992 -0.39824533462524414
-29.8928165435791 9.425395965576172 -0.4066629409790039

2
17.198001861572266 14.806093215942383 -0.34999799728393555
17.01709747314453 11.540122985839844 -0.33822202682495117
16.892654418945312 8.306634902954102 -0.3168768882751465
16.089736938476562 5.346038818359375 -0.3948783874511719
12.818485260009766 5.099775314331055 -0.39299869537353516
9.500591278076172 5.066017150878906 -0.40304040908813477
6.190849304199219 5.059844970703125 -0.3947110176086426
2.95184326171875 5.082279205322266 -0.392819881439209
-0.3627643585205078 5.076482772827148 -0.3859419822692871
-3.5763320922851562 5.098560333251953 -0.3923482894897461
-6.830333709716797 5.105188369750977 -0.40122461318969727
-10.15060806274414 5.025184631347656 -0.427919864654541
-13.703815460205078 4.966161727905273 -0.4464282989501953
-16.91368865966797 4.840618133544922 -0.424257755279541
-19.07404327392578 3.1724166870117188 -0.398892879486084
-22.064067840576172 3.6074352264404297 -0.3728151321411133
-24.30078125 6.127103805541992 -0.43201398849487305
-23.452268600463867 8.47802734375 -0.44376277923583984
-23.061004638671875 11.505985260009766 -0.5134220123291016
-23.14983367919922 14.800752639770508 -0.5323185920715332

2
29.82886505126953 5.290502548217773 -0.387176513671875
29.023059844970703 5.284954071044922 -0.3867068290710449
28.14800262451172 5.282890319824219 -0.38926076889038086
27.21216583251953 5.290632247924805 -0.3898177146911621
26.27996063232422 5.246416091918945 -0.39069223403930664
25.537242889404297 5.257087707519531 -0.38973522186279297
24.599559783935547 5.267934799194336 -0.3943300247192383
23.634017944335938 5.247379302978516 -0.39600372314453125
22.832412719726562 5.337137222290039 -0.3884429931640625
21.952922821044922 5.976764678955078 -0.3679327964782715
21.782886505126953 6.819202423095703 -0.34007692337036133
21.734695434570312 7.726835250854492 -0.3194241523742676
21.72205352783203 8.632316589355469 -0.32320070266723633
21.73769760131836 9.597023010253906 -0.33012866973876953
21.768692016601562 10.421308517456055 -0.33173608779907227
21.688987731933594 11.24211311340332 -0.3450808525085449
21.73351287841797 12.131597518920898 -0.359835147857666
21.607803344726562 13.066398620605469 -0.36986303329467773
21.743953704833984 13.962757110595703 -0.375734806060791
21.81844711303711 14.80140495300293 -0.3761558532714844

2
29.828369140625 -2.4922170639038086 -0.2933511734008789
26.607845306396484 -2.5133256912231445 -0.2940711975097656
23.315052032470703 -2.550084114074707 -0.30298519134521484
19.953445434570312 -2.570760726928711 -0.29979944229125977
16.68320083618164 -2.607809066772461 -0.2980842590332031
13.260906219482422 -2.6103010177612305 -0.3016490936279297
9.84954833984375 -2.6410865783691406 -0.30048656463623047
6.602787017822266 -2.652358055114746 -0.28873157501220703
3.1890220642089844 -2.679624557495117 -0.2855825424194336
-0.21704673767089844 -2.6920433044433594 -0.284822940826416
-3.648672103881836 -2.7036571502685547 -0.2990279197692871
-6.9790802001953125 -2.731130599975586 -0.3018631935119629
-10.396209716796875 -2.746457099914551 -0.3112010955810547
-13.823324203491211 -2.7626476287841797 -0.32095861434936523
-17.104286193847656 -2.7629833221435547 -0.3419156074523926
-20.772693634033203 -2.8492517471313477 -0.34157800674438477
-22.927404403686523 -4.737002372741699 -0.27786922454833984
-23.115516662597656 -8.085792541503906 -0.1932239532470703
-23.01418685913086 -11.459325790405273 -0.0867156982421875
-22.82558250427246 -14.7986421585083 0.04882621765136719

1
-29.843931198120117 -9.064922332763672 -0.08729171752929688
-28.743627548217773 -9.04052734375 -0.0963902473449707
-27.623878479003906 -9.022882461547852 -0.09942293167114258
-26.669504165649414 -8.945077896118164 -0.09214019775390625
-25.635665893554688 -8.984159469604492 -0.09659719467163086
-24.32891845703125 -8.9068021774292 -0.09408426284790039
-23.205514907836914 -8.967608451843262 -0.09112405776977539
-22.38131332397461 -8.799528121948242 -0.09650468826293945
-21.982145309448242 -7.890974998474121 -0.1221609115600586
-21.79638671875 -6.834417343139648 -0.15118169784545898
-21.717144012451172 -5.783119201660156 -0.1823558807373047
-21.606294631958008 -4.625807762145996 -0.22519397735595703
-22.159149169921875 -4.261029243469238 -0.2297816276550293
-23.3398494720459 -4.296952247619629 -0.2523932456970215
-24.390666961669922 -4.316880226135254 -0.23970746994018555
-25.491764068603516 -4.348019599914551 -0.2535133361816406
-26.5454044342041 -4.390254974365234 -0.25841522216796875
-27.667497634887695 -4.383234977722168 -0.26155614852905273
-28.768667221069336 -4.389115333557129 -0.2557945251464844
-29.868669509887695 -4.4059295654296875 -0.2667722702026367

