1
-22.856441497802734 4.89482307434082 -0.34158945083618164
-22.732072830200195 3.433124542236328 -0.32602548599243164
-22.90453338623047 1.9990959167480469 -0.3050374984741211
-22.830469131469727 0.45791053771972656 -0.2792954444885254
-22.798900604248047 -0.968989372253418 -0.27258920669555664
-23.006868362426758 -2.419976234436035 -0.26210689544677734
-22.881916046142578 -3.8795061111450195 -0.22968339920043945
-22.828960418701172 -5.338222503662109 -0.2219834327697754
-21.29152488708496 -4.808980941772461 -0.2247476577758789
-19.95355224609375 -4.360750198364258 -0.21510744094848633
-18.62289810180664 -3.9071388244628906 -0.22598981857299805
-18.04784393310547 -2.834628105163574 -0.24161481857299805
-18.048465728759766 -1.2917680740356445 -0.26764678955078125
-18.081472396850586 0.16233444213867188 -0.30529117584228516
-18.094406127929688 1.646860122680664 -0.3418569564819336
-18.1287899017334 3.1512203216552734 -0.3830447196960449
-18.28070640563965 4.425727844238281 -0.40237855911254883
-19.743438720703125 4.544670104980469 -0.38176822662353516
-21.27490997314453 4.708795547485352 -0.36647844314575195
-22.86420249938965 4.938739776611328 -0.3494110107421875

1
-29.832950592041016 4.840372085571289 -0.3787522315979004
-28.91996955871582 4.833221435546875 -0.37665414810180664
-28.031322479248047 4.901092529296875 -0.364163875579834
-27.14491844177246 4.856382369995117 -0.36115360260009766
-26.09209632873535 4.837165832519531 -0.36293649673461914
-25.242393493652344 4.831781387329102 -0.35039234161376953
-24.350086212158203 4.840179443359375 -0.3540658950805664
-23.374483108520508 4.815898895263672 -0.34795188903808594
-23.145519256591797 5.76530647277832 -0.3598499298095703
-23.163970947265625 6.640218734741211 -0.38234710693359375
-23.12712860107422 7.745395660400391 -0.41004037857055664
-22.890317916870117 8.697410583496094 -0.41562843322753906
-23.148082733154297 9.43295669555664 -0.432004451751709
-23.874269485473633 9.530977249145508 -0.4294700622558594
-24.946022033691406 9.52638053894043 -0.4292001724243164
-26.042884826660156 9.546993255615234 -0.42494964599609375
-26.917024612426758 9.488115310668945 -0.4174504280090332
-27.90325927734375 9.471649169921875 -0.41091108322143555
-28.86371421813965 9.494939804077148 -0.41112661361694336
-29.895994186401367 9.451473236083984 -0.4176640510559082

2
16.736297607421875 14.803653717041016 -0.33597421646118164
16.55966567993164 11.539628982543945 -0.3294949531555176
16.4766845703125 8.282903671264648 -0.30849742889404297
15.689212799072266 5.306474685668945 -0.3827323913574219
12.395606994628906 5.0866851806640625 -0.38396263122558594
9.06686019897461 5.051332473754883 -0.39841699600219727
5.76922607421875 5.057474136352539 -0.39218568801879883
2.5930252075195312 5.083038330078125 -0.39373350143432617
-0.6962623596191406 5.070745468139648 -0.38943004608154297
-3.940267562866211 5.096111297607422 -0.3971214294433594
-7.214206695556641 5.102983474731445 -0.4064173698425293
-10.53635025024414 5.021394729614258 -0.4353141784667969
-14.038905143737793 4.967380523681641 -0.4530301094055176
-17.186634063720703 4.863679885864258 -0.43554162979125977
-19.44060516357422 3.153858184814453 -0.4090299606323242
-22.434288024902344 3.5981712341308594 -0.38319873809814453
-24.687728881835938 6.071569442749023 -0.44011783599853516
-23.862646102905273 8.444177627563477 -0.45128679275512695
-23.55860710144043 11.435583114624023 -0.5256562232971191
-23.488750457763672 14.803312301635742 -0.5405902862548828

2
29.829914093017578 5.27790641784668 -0.3753080368041992
29.001750946044922 5.2705841064453125 -0.3759627342224121
28.099571228027344 5.269227981567383 -0.378572940826416
27.130786895751953 5.274356842041016 -0.38030576705932617
26.172954559326172 5.229486465454102 -0.3806767463684082
25.39228057861328 5.248563766479492 -0.3798837661743164
24.446025848388672 5.239042282104492 -0.38338136672973633
23.44146728515625 5.2188568115234375 -0.3863987922668457
22.633983612060547 5.263505935668945 -0.3793911933898926
21.631309509277344 5.626466751098633 -0.3623929023742676
21.355892181396484 6.552772521972656 -0.33542728424072266
21.244800567626953 7.49737548828125 -0.30982017517089844
21.260913848876953 8.444852828979492 -0.3107728958129883
21.27503204345703 9.433725357055664 -0.31307125091552734
21.325435638427734 10.283708572387695 -0.31200265884399414
21.278717041015625 11.124380111694336 -0.3192901611328125
21.302722930908203 12.087240219116211 -0.3364410400390625
21.238872528076172 12.995412826538086 -0.34555578231811523
21.276878356933594 13.917745590209961 -0.34895896911621094
21.4110107421875 14.805503845214844 -0.3533139228820801

1
-29.84274673461914 -9.09485912322998 -0.09883594512939453
-28.767778396606445 -9.074392318725586 -0.10461664199829102
-27.725669860839844 -9.063713073730469 -0.11331510543823242
-26.800189971923828 -8.976486206054688 -0.10451030731201172
-25.84541130065918 -9.036846160888672 -0.1069803237915039
-24.648086547851562 -8.941963195800781 -0.10488653182983398
-23.574481964111328 -8.997091293334961 -0.0998530387878418
-22.835647583007812 -8.759398460388184 -0.10493612289428711
-22.500110626220703 -7.829237937927246 -0.1319103240966797
-22.333934783935547 -6.827243804931641 -0.15648460388183594
-22.306819915771484 -5.883330345153809 -0.18401288986206055
-22.12740707397461 -4.716411590576172 -0.23054075241088867
-22.580425262451172 -4.3242597579956055 -0.23486709594726562
-23.68712615966797 -4.331080436706543 -0.25621795654296875
-24.659700393676758 -4.363615036010742 -0.24324464797973633
-25.715967178344727 -4.393816947937012 -0.2599153518676758
-26.72695541381836 -4.419551849365234 -0.2649054527282715
-27.748388290405273 -4.42289924621582 -0.26725053787231445
-28.79561424255371 -4.427229881286621 -0.2624354362487793
-29.866655349731445 -4.448447227478027 -0.27430200576782227

2
29.822834014892578 -2.5034570693969727 -0.2929501533508301
26.564559936523438 -2.5248517990112305 -0.29416322708129883
23.260643005371094 -2.5538806915283203 -0.3031344413757324
19.839969635009766 -2.565471649169922 -0.2992115020751953
16.511844635009766 -2.612274169921875 -0.29712533950805664
13.061225891113281 -2.616389274597168 -0.2996859550476074
9.640518188476562 -2.640962600708008 -0.3004331588745117
6.395282745361328 -2.6609373092651367 -0.288205623626709
3.0247116088867188 -2.6861486434936523 -0.2865004539489746
-0.47748565673828125 -2.6936912536621094 -0.2860426902770996
-3.902008056640625 -2.7058334350585938 -0.3029141426086426
-7.253917694091797 -2.7299022674560547 -0.3069586753845215
-10.715286254882812 -2.7437057495117188 -0.3163108825683594
-14.222633361816406 -2.761021614074707 -0.3289804458618164
-17.408451080322266 -2.740097999572754 -0.3515605926513672
-21.12328338623047 -2.829702377319336 -0.3547329902648926
-23.49150276184082 -4.668242454528809 -0.28799962997436523
-23.627351760864258 -8.029396057128906 -0.20263195037841797
-23.421478271484375 -11.468080520629883 -0.10602045059204102
-23.350101470947266 -14.795097351074219 0.03066396713256836

