1
-23.336490631103516 4.917272567749023 -0.3425102233886719
-23.222108840942383 3.4115753173828125 -0.3261551856994629
-23.348379135131836 2.0140304565429688 -0.307192325592041
-23.318038940429688 0.4537334442138672 -0.281980037689209
-23.27667999267578 -0.9986410140991211 -0.2706789970397949
-23.386077880859375 -2.409491539001465 -0.2598714828491211
-23.289941787719727 -3.8695287704467773 -0.22815227508544922
-23.290742874145508 -5.365288734436035 -0.21869516372680664
-21.75634765625 -4.863900184631348 -0.22500276565551758
-20.39521026611328 -4.410008430480957 -0.21745920181274414
-19.07660675048828 -3.9768104553222656 -0.2230381965637207
-18.480836868286133 -2.8428955078125 -0.23772525787353516
-18.54446792602539 -1.3526859283447266 -0.2700676918029785
-18.58140754699707 0.14730548858642578 -0.3086071014404297
-18.590503692626953 1.6180362701416016 -0.34688377380371094
-18.65486717224121 3.0999603271484375 -0.3844943046569824
-18.81298065185547 4.386198043823242 -0.4005556106567383
-20.323955535888672 4.569520950317383 -0.38548803329467773
-21.7576904296875 4.744909286499023 -0.3698387145996094
-23.308006286621094 4.958507537841797 -0.35311031341552734

1
-29.83191680908203 4.8392791748046875 -0.3816232681274414
-28.931747436523438 4.836206436157227 -0.3786773681640625
-28.104969024658203 4.887510299682617 -0.3669157028198242
-27.271921157836914 4.85577392578125 -0.36331605911254883
-26.31389617919922 4.842380523681641 -0.36478281021118164
-25.45846939086914 4.816261291503906 -0.3540372848510742
-24.57379913330078 4.83213996887207 -0.35602331161499023
-23.67793083190918 4.838129043579102 -0.35179853439331055
-23.5030517578125 5.760164260864258 -0.36632204055786133
-23.676197052001953 6.633607864379883 -0.3847794532775879
-23.60098648071289 7.686830520629883 -0.41491270065307617
-23.382488250732422 8.566354751586914 -0.42218494415283203
-23.465412139892578 9.352378845214844 -0.434781551361084
-24.16541862487793 9.478675842285156 -0.43224382400512695
-25.198110580444336 9.478010177612305 -0.43177127838134766
-26.197996139526367 9.50567626953125 -0.42758798599243164
-27.042755126953125 9.465553283691406 -0.42066431045532227
-28.015522003173828 9.45068359375 -0.41152524948120117
-28.923524856567383 9.475940704345703 -0.41298866271972656
-29.90043830871582 9.43313980102539 -0.4168281555175781

2
16.46725845336914 14.80093002319336 -0.3627896308898926
16.129962921142578 11.564565658569336 -0.34485578536987305
16.050735473632812 8.266374588012695 -0.3198556900024414
15.318103790283203 5.283769607543945 -0.39460134506225586
11.98101806640625 5.063930511474609 -0.3957381248474121
8.665035247802734 5.030048370361328 -0.4101853370666504
5.3880767822265625 5.030513763427734 -0.4020414352416992
2.1794509887695312 5.054372787475586 -0.4034285545349121
-1.0783824920654297 5.039037704467773 -0.39792490005493164
-4.337469100952148 5.072233200073242 -0.4027738571166992
-7.67719841003418 5.074150085449219 -0.4089527130126953
-10.960884094238281 4.979625701904297 -0.4385204315185547
-14.427104949951172 4.933923721313477 -0.4538230895996094
-17.518829345703125 4.851358413696289 -0.43773698806762695
-19.855846405029297 3.115182876586914 -0.4113640785217285
-22.8697566986084 3.6562347412109375 -0.3854703903198242
-25.08430290222168 6.049900054931641 -0.44510793685913086
-24.37765121459961 8.395544052124023 -0.46029233932495117
-23.893667221069336 11.459814071655273 -0.5294513702392578
-24.000869750976562 14.804569244384766 -0.553950309753418

2
29.83515167236328 5.282373428344727 -0.37775659561157227
28.983715057373047 5.27320671081543 -0.37807607650756836
28.059898376464844 5.274074554443359 -0.38236141204833984
27.067489624023438 5.281215667724609 -0.38498544692993164
26.084178924560547 5.240419387817383 -0.38737964630126953
25.27678680419922 5.257167816162109 -0.3876457214355469
24.324787139892578 5.242454528808594 -0.39231348037719727
23.316307067871094 5.2208709716796875 -0.39529991149902344
22.49258041381836 5.260894775390625 -0.3913254737854004
21.492115020751953 5.498666763305664 -0.3751335144042969
21.041812896728516 6.37274169921875 -0.35230398178100586
20.872299194335938 7.320598602294922 -0.32102441787719727
20.857868194580078 8.301797866821289 -0.32068634033203125
20.89419174194336 9.331695556640625 -0.32195568084716797
20.859516143798828 10.19405746459961 -0.322080135345459
20.870044708251953 11.040327072143555 -0.32987451553344727
20.83138656616211 12.041374206542969 -0.34978485107421875
20.80284881591797 12.981287002563477 -0.35933685302734375
20.744556427001953 13.928764343261719 -0.3605928421020508
20.938915252685547 14.801420211791992 -0.3690681457519531

1
-29.844818115234375 -9.076589584350586 -0.08550882339477539
-28.783035278320312 -9.055286407470703 -0.09406137466430664
-27.84722137451172 -9.03869915008545 -0.10694026947021484
-26.947790145874023 -8.961153030395508 -0.0994424819946289
-26.028108596801758 -9.025518417358398 -0.10025644302368164
-24.926082611083984 -8.93525505065918 -0.09792900085449219
-23.828937530517578 -8.96855354309082 -0.09341812133789062
-23.210323333740234 -8.698322296142578 -0.10001373291015625
-22.96441078186035 -7.756780624389648 -0.1251840591430664
-22.79837989807129 -6.800353050231934 -0.15086746215820312
-22.721853256225586 -5.913652420043945 -0.18033266067504883
-22.494815826416016 -4.707371711730957 -0.22944021224975586
-22.8736515045166 -4.310125350952148 -0.23210763931274414
-23.889087677001953 -4.314863204956055 -0.25086259841918945
-24.858413696289062 -4.364567756652832 -0.23896074295043945
-25.867326736450195 -4.386207580566406 -0.25527143478393555
-26.840478897094727 -4.40861701965332 -0.2597837448120117
-27.808923721313477 -4.418682098388672 -0.26047754287719727
-28.824819564819336 -4.419816017150879 -0.25723934173583984
-29.862110137939453 -4.449585914611816 -0.26746225357055664

2
29.822856903076172 -2.534992218017578 -0.29498958587646484
26.535865783691406 -2.5525741577148438 -0.29581594467163086
23.208393096923828 -2.5821409225463867 -0.3057065010070801
19.748836517333984 -2.5861053466796875 -0.30133724212646484
16.36697006225586 -2.6269445419311523 -0.2982368469238281
12.847564697265625 -2.632901191711426 -0.30134057998657227
9.49753189086914 -2.6475448608398438 -0.3020334243774414
6.189353942871094 -2.6743459701538086 -0.28873682022094727
2.81378173828125 -2.698831558227539 -0.28577423095703125
-0.7526454925537109 -2.7090978622436523 -0.28442955017089844
-4.209556579589844 -2.7235584259033203 -0.298978328704834
-7.519142150878906 -2.7474231719970703 -0.3039417266845703
-11.029817581176758 -2.773162841796875 -0.31273984909057617
-14.555502891540527 -2.775106430053711 -0.3249821662902832
-17.68206024169922 -2.753164291381836 -0.34777069091796875
-21.450393676757812 -2.8413848876953125 -0.3528885841369629
-23.876140594482422 -4.637129783630371 -0.28424501419067383
-24.113643646240234 -8.027469635009766 -0.19733238220214844
-24.034700393676758 -11.435857772827148 -0.0992136001586914
-23.947067260742188 -14.794702529907227 0.03517723083496094

