1
-29.832353591918945 4.840816497802734 -0.3769645690917969
-28.985490798950195 4.826469421386719 -0.3746967315673828
-28.23036766052246 4.875251770019531 -0.3609309196472168
-27.4644775390625 4.838834762573242 -0.35722780227661133
-26.621051788330078 4.846006393432617 -0.35768842697143555
-25.75588607788086 4.821662902832031 -0.351564884185791
-24.91526222229004 4.829822540283203 -0.3526186943054199
-24.201940536499023 4.935739517211914 -0.3477182388305664
-24.161636352539062 5.862701416015625 -0.36223888397216797
-24.279935836791992 6.725650787353516 -0.38358402252197266
-24.089296340942383 7.626873016357422 -0.4075307846069336
-24.022369384765625 8.477605819702148 -0.41373157501220703
-24.121021270751953 9.287126541137695 -0.42933130264282227
-24.674373626708984 9.51694107055664 -0.4293498992919922
-25.477344512939453 9.507850646972656 -0.42599058151245117
-26.422183990478516 9.524959564208984 -0.4263491630554199
-27.19890594482422 9.476682662963867 -0.4197392463684082
-28.116788864135742 9.485189437866211 -0.40828561782836914
-28.96800994873047 9.486907958984375 -0.40851306915283203
-29.89862632751465 9.446073532104492 -0.41057825088500977

1
-23.745628356933594 4.9269866943359375 -0.33339881896972656
-23.669084548950195 3.375 -0.31946372985839844
-23.76534080505371 1.9743232727050781 -0.3039231300354004
-23.800029754638672 0.4459514617919922 -0.27784299850463867
-23.77028465270996 -1.005183219909668 -0.264890193939209
-23.846418380737305 -2.447132110595703 -0.25504159927368164
-23.834049224853516 -3.9489974975585938 -0.22364330291748047
-23.863445281982422 -5.36702823638916 -0.21489238739013672
-22.343517303466797 -4.865097999572754 -0.22580671310424805
-20.97580337524414 -4.41141414642334 -0.2190093994140625
-19.52379608154297 -3.9703922271728516 -0.21883773803710938
-18.95285415649414 -2.83492374420166 -0.23369693756103516
-19.00322151184082 -1.3498334884643555 -0.2698063850402832
-19.06713104248047 0.2093048095703125 -0.3061656951904297
-19.112396240234375 1.6256599426269531 -0.3433356285095215
-19.12070083618164 3.0959911346435547 -0.37755346298217773
-19.285280227661133 4.384204864501953 -0.3936424255371094
-20.790048599243164 4.5682373046875 -0.38055849075317383
-22.264163970947266 4.735866546630859 -0.36472129821777344
-23.71689796447754 4.970815658569336 -0.34824228286743164

2
29.838375091552734 5.290046691894531 -0.3736391067504883
28.952999114990234 5.282012939453125 -0.37343788146972656
27.997180938720703 5.280431747436523 -0.3811807632446289
26.981815338134766 5.285301208496094 -0.3845658302307129
25.960018157958984 5.246606826782227 -0.38724660873413086
25.105209350585938 5.250492095947266 -0.3871760368347168
24.117755889892578 5.2323150634765625 -0.39190149307250977
23.11037826538086 5.218955993652344 -0.39567089080810547
22.253177642822266 5.244255065917969 -0.3955702781677246
21.21511459350586 5.40339469909668 -0.38054323196411133
20.579402923583984 6.082603454589844 -0.36173343658447266
20.374431610107422 7.1390838623046875 -0.32586050033569336
20.40644073486328 8.144298553466797 -0.32003164291381836
20.37738037109375 9.203758239746094 -0.321439266204834
20.36688995361328 10.104948043823242 -0.3199625015258789
20.324756622314453 10.99101448059082 -0.3277316093444824
20.26628875732422 11.974346160888672 -0.349576473236084
20.330242156982422 12.944124221801758 -0.3553175926208496
20.284893035888672 13.922760009765625 -0.35711097717285156
20.304656982421875 14.811365127563477 -0.3675365447998047

2
15.871063232421875 14.801782608032227 -0.3596506118774414
15.63522720336914 11.544221878051758 -0.34347105026245117
15.582786560058594 8.191797256469727 -0.3164219856262207
14.749252319335938 5.245065689086914 -0.391573429107666
11.358806610107422 5.070850372314453 -0.39175987243652344
7.982685089111328 5.051214218139648 -0.4091362953186035
4.833621978759766 5.0382232666015625 -0.39893388748168945
1.5855712890625 5.062688827514648 -0.4008212089538574
-1.7352886199951172 5.049095153808594 -0.39227867126464844
-5.133029937744141 5.065469741821289 -0.39499950408935547
-8.407672882080078 5.065135955810547 -0.40179872512817383
-11.628002166748047 4.972850799560547 -0.4323859214782715
-14.988733291625977 4.920507431030273 -0.4471011161804199
-18.157894134521484 4.8380584716796875 -0.43231725692749023
-20.443628311157227 3.130392074584961 -0.40937042236328125
-23.386260986328125 3.6694869995117188 -0.37960100173950195
-25.676061630249023 5.988079071044922 -0.4414496421813965
-24.977563858032227 8.297025680541992 -0.4569568634033203
-24.433212280273438 11.401067733764648 -0.5234179496765137
-24.624435424804688 14.802217483520508 -0.544550895690918

2
29.821765899658203 -2.5012569427490234 -0.2909073829650879
26.50143051147461 -2.5273313522338867 -0.295377254486084
23.151771545410156 -2.5691099166870117 -0.3062591552734375
19.674930572509766 -2.571941375732422 -0.30202484130859375
16.25037384033203 -2.6196136474609375 -0.30013370513916016
12.680992126464844 -2.6255311965942383 -0.3028535842895508
9.305442810058594 -2.64469051361084 -0.302854061126709
5.91265869140625 -2.679037094116211 -0.2884230613708496
2.5475616455078125 -2.6987533569335938 -0.2862410545349121
-1.1190662384033203 -2.711759567260742 -0.2852339744567871
-4.645547866821289 -2.737764358520508 -0.29924631118774414
-7.842761993408203 -2.7495031356811523 -0.3047819137573242
-11.412811279296875 -2.78363037109375 -0.3136320114135742
-14.912154197692871 -2.7781753540039062 -0.3273649215698242
-18.135162353515625 -2.7804794311523438 -0.34954166412353516
-21.908987045288086 -2.8352975845336914 -0.3560194969177246
-24.549333572387695 -4.59160041809082 -0.28594112396240234
-24.6651611328125 -7.993305683135986 -0.1952500343322754
-24.681026458740234 -11.444138526916504 -0.10054302215576172
-24.384639739990234 -14.796294212341309 0.025732040405273438

1
-29.845266342163086 -9.103721618652344 -0.08880901336669922
-28.787677764892578 -9.090631484985352 -0.09505558013916016
-27.953201293945312 -9.091538429260254 -0.10983514785766602
-27.174396514892578 -9.014963150024414 -0.1014413833618164
-26.28818130493164 -9.071172714233398 -0.10245704650878906
-25.319875717163086 -8.994782447814941 -0.09696578979492188
-24.325599670410156 -9.052867889404297 -0.0947260856628418
-23.861270904541016 -8.683172225952148 -0.10571670532226562
-23.67761993408203 -7.7639970779418945 -0.1295328140258789
-23.498329162597656 -6.858211517333984 -0.15176820755004883
-23.485897064208984 -5.91696834564209 -0.1841564178466797
-23.159042358398438 -4.811716079711914 -0.22773408889770508
-23.461040496826172 -4.331275939941406 -0.23316669464111328
-24.28217887878418 -4.314525604248047 -0.24865198135375977
-25.205745697021484 -4.386608123779297 -0.2421860694885254
-26.14554786682129 -4.409510612487793 -0.25611162185668945
-27.076692581176758 -4.430295944213867 -0.25969505310058594
-27.928518295288086 -4.434597015380859 -0.25994110107421875
-28.88860511779785 -4.431540489196777 -0.2586078643798828
-29.8616943359375 -4.4613142013549805 -0.2710404396057129

