1
-29.842823028564453 4.827243804931641 -0.3746304512023926
-29.034912109375 4.803184509277344 -0.370729923248291
-28.317726135253906 4.862985610961914 -0.3578767776489258
-27.635177612304688 4.839193344116211 -0.3548412322998047
-26.873483657836914 4.847606658935547 -0.3556528091430664
-26.00868797302246 4.821813583374023 -0.3521280288696289
-25.240278244018555 4.851511001586914 -0.35298967361450195
-24.685199737548828 5.062862396240234 -0.3491630554199219
-24.681827545166016 5.9594879150390625 -0.36174440383911133
-24.806514739990234 6.762308120727539 -0.38944101333618164
-24.704986572265625 7.541498184204102 -0.4017910957336426
-24.618303298950195 8.428255081176758 -0.41689062118530273
-24.60059928894043 9.163171768188477 -0.4283914566040039
-25.020700454711914 9.449991226196289 -0.42496728897094727
-25.772048950195312 9.518396377563477 -0.4258856773376465
-26.580333709716797 9.506978988647461 -0.42603540420532227
-27.33386993408203 9.458606719970703 -0.4172205924987793
-28.21419334411621 9.449649810791016 -0.4048495292663574
-29.01360511779785 9.447402954101562 -0.40539073944091797
-29.8937931060791 9.401660919189453 -0.40474796295166016

1
-24.173023223876953 4.95179557800293 -0.33962583541870117
-24.162609100341797 3.3642139434814453 -0.3221607208251953
-24.281347274780273 1.9815349578857422 -0.30498313903808594
-24.292478561401367 0.46012020111083984 -0.2850193977355957
-24.258113861083984 -0.9392337799072266 -0.268526554107666
-24.354736328125 -2.4584169387817383 -0.25510501861572266
-24.280010223388672 -3.9414520263671875 -0.22519874572753906
-24.216766357421875 -5.344507217407227 -0.22486352920532227
-22.849929809570312 -4.84084415435791 -0.22873544692993164
-21.428390502929688 -4.416659355163574 -0.22376775741577148
-19.90653419494629 -3.9782819747924805 -0.21988296508789062
-19.43288803100586 -2.8577003479003906 -0.2354116439819336
-19.478790283203125 -1.418320655822754 -0.2738652229309082
-19.545381546020508 0.16671180725097656 -0.3098483085632324
-19.67119598388672 1.6733589172363281 -0.3466324806213379
-19.637359619140625 3.1057586669921875 -0.37859010696411133
-19.814903259277344 4.355094909667969 -0.39403867721557617
-21.345970153808594 4.532375335693359 -0.3802018165588379
-22.81787109375 4.716684341430664 -0.3754706382751465
-24.20012855529785 4.954496383666992 -0.3547220230102539

2
29.842323303222656 5.307241439819336 -0.37347936630249023
28.92395782470703 5.306760787963867 -0.3729729652404785
27.93798828125 5.304149627685547 -0.3821444511413574
26.896339416503906 5.300746917724609 -0.3876028060913086
25.843467712402344 5.267702102661133 -0.3903980255126953
24.94701385498047 5.265998840332031 -0.39035892486572266
23.94943618774414 5.237873077392578 -0.3960237503051758
22.928756713867188 5.222358703613281 -0.3994741439819336
22.012981414794922 5.229885101318359 -0.4011807441711426
20.927753448486328 5.318151473999023 -0.3887171745300293
20.176361083984375 5.893714904785156 -0.37162303924560547
19.92621612548828 6.973302841186523 -0.3340921401977539
19.936084747314453 7.975160598754883 -0.324951171875
19.905899047851562 9.015056610107422 -0.3247833251953125
19.896644592285156 9.990547180175781 -0.3235936164855957
19.881080627441406 10.910799026489258 -0.33292531967163086
19.882495880126953 11.924028396606445 -0.3528575897216797
19.90914535522461 12.911500930786133 -0.3582143783569336
19.922420501708984 13.896158218383789 -0.36318206787109375
19.804096221923828 14.808631896972656 -0.37322568893432617

2
15.215423583984375 14.804656982421875 -0.36219358444213867
15.158588409423828 11.514171600341797 -0.3492879867553711
15.085762023925781 8.213521957397461 -0.31762170791625977
14.278205871582031 5.231046676635742 -0.38967227935791016
10.795833587646484 5.080589294433594 -0.3905463218688965
7.457618713378906 5.063039779663086 -0.4106721878051758
4.302146911621094 5.046199798583984 -0.40126752853393555
0.9151725769042969 5.063594818115234 -0.40158510208129883
-2.2646007537841797 5.054059982299805 -0.3927488327026367
-5.811784744262695 5.0706329345703125 -0.3921360969543457
-8.967626571655273 5.07573127746582 -0.4010457992553711
-12.30998420715332 4.99009895324707 -0.4329376220703125
-15.63427734375 4.952634811401367 -0.4444708824157715
-18.83272361755371 4.83818244934082 -0.4309358596801758
-21.022523880004883 3.1323318481445312 -0.4095635414123535
-23.8930721282959 3.6702442169189453 -0.3813309669494629
-26.130210876464844 6.077434539794922 -0.4512362480163574
-25.42961883544922 8.380836486816406 -0.4596881866455078
-25.184844970703125 11.522106170654297 -0.5349268913269043
-25.277244567871094 14.790008544921875 -0.5458688735961914

2
29.822166442871094 -2.491546630859375 -0.2964940071105957
26.494388580322266 -2.5188541412353516 -0.300689697265625
23.13019561767578 -2.5615310668945312 -0.3107457160949707
19.635318756103516 -2.5635080337524414 -0.3055405616760254
16.188602447509766 -2.615006446838379 -0.30294036865234375
12.60177993774414 -2.618617057800293 -0.30503034591674805
9.197521209716797 -2.6324806213378906 -0.3051314353942871
5.768360137939453 -2.678990364074707 -0.2897167205810547
2.402374267578125 -2.699054718017578 -0.2875099182128906
-1.32373046875 -2.708024024963379 -0.2867255210876465
-4.883129119873047 -2.7405662536621094 -0.29911231994628906
-8.034263610839844 -2.750814437866211 -0.30537986755371094
-11.622730255126953 -2.7817325592041016 -0.3141026496887207
-15.100829124450684 -2.7848548889160156 -0.3285713195800781
-18.362903594970703 -2.797917366027832 -0.3476524353027344
-22.119571685791016 -2.8544435501098633 -0.35888099670410156
-24.86888313293457 -4.595026016235352 -0.2859158515930176
-24.90826416015625 -7.971275806427002 -0.1947331428527832
-24.935327529907227 -11.483257293701172 -0.1004486083984375
-24.66242218017578 -14.799018859863281 0.02624988555908203

1
-29.845333099365234 -9.10794448852539 -0.08655261993408203
-28.793245315551758 -9.102951049804688 -0.09278297424316406
-28.011871337890625 -9.104686737060547 -0.10824918746948242
-27.288219451904297 -9.0167236328125 -0.10099220275878906
-26.395156860351562 -9.062015533447266 -0.10142707824707031
-25.481103897094727 -9.009843826293945 -0.09494495391845703
-24.577762603759766 -9.05555248260498 -0.09418058395385742
-24.099618911743164 -8.666328430175781 -0.10497856140136719
-23.93069076538086 -7.681400299072266 -0.13214111328125
-23.787250518798828 -6.8479156494140625 -0.15030813217163086
-23.84996795654297 -5.940451622009277 -0.18360090255737305
-23.53799057006836 -4.888084411621094 -0.2237405776977539
-23.757579803466797 -4.328937530517578 -0.23268842697143555
-24.494613647460938 -4.319342613220215 -0.24709224700927734
-25.399417877197266 -4.371283531188965 -0.24210214614868164
-26.299985885620117 -4.411632537841797 -0.2553720474243164
-27.180204391479492 -4.430230140686035 -0.258237361907959
-27.995586395263672 -4.443535804748535 -0.2580699920654297
-28.919870376586914 -4.4362897872924805 -0.2572898864746094
-29.86046028137207 -4.473094940185547 -0.26888227462768555

