1
-29.847246170043945 4.831899642944336 -0.3644099235534668
-29.084381103515625 4.805475234985352 -0.35999298095703125
-28.386747360229492 4.866115570068359 -0.3499336242675781
-27.745454788208008 4.854496002197266 -0.34704017639160156
-27.014238357543945 4.84815788269043 -0.3485994338989258
-26.197914123535156 4.834056854248047 -0.3491182327270508
-25.569686889648438 4.846059799194336 -0.34746694564819336
-25.065673828125 5.11834716796875 -0.34729766845703125
-25.041629791259766 6.040477752685547 -0.354215145111084
-25.242494583129883 6.794719696044922 -0.38314199447631836
-25.191608428955078 7.492803573608398 -0.39263200759887695
-25.111852645874023 8.350324630737305 -0.4085831642150879
-24.938814163208008 9.109479904174805 -0.4168515205383301
-25.34853172302246 9.40572738647461 -0.4165034294128418
-26.04317855834961 9.52867317199707 -0.4203195571899414
-26.76116371154785 9.50396728515625 -0.41845703125
-27.477157592773438 9.468978881835938 -0.4096813201904297
-28.312395095825195 9.433176040649414 -0.39711904525756836
-29.062957763671875 9.445638656616211 -0.39847612380981445
-29.893924713134766 9.392452239990234 -0.3949408531188965

1
-24.742176055908203 4.938514709472656 -0.33193397521972656
-24.551830291748047 3.402261734008789 -0.31424474716186523
-24.751842498779297 2.033536911010742 -0.29488372802734375
-24.754776000976562 0.4634675979614258 -0.28057289123535156
-24.740413665771484 -0.9427280426025391 -0.2641735076904297
-24.923870086669922 -2.474872589111328 -0.24850082397460938
-24.830652236938477 -3.956735610961914 -0.2196660041809082
-24.70237159729004 -5.297794342041016 -0.21572303771972656
-23.357892990112305 -4.792514801025391 -0.22275018692016602
-21.89845085144043 -4.433718681335449 -0.2175769805908203
-20.398479461669922 -3.9445085525512695 -0.21091365814208984
-20.00145721435547 -2.829710006713867 -0.22779273986816406
-19.980791091918945 -1.3717498779296875 -0.26539039611816406
-20.009605407714844 0.15039634704589844 -0.3034510612487793
-20.159290313720703 1.6358299255371094 -0.3396162986755371
-20.17257308959961 3.0992298126220703 -0.36965322494506836
-20.292098999023438 4.304744720458984 -0.38691234588623047
-21.743606567382812 4.531475067138672 -0.37550830841064453
-23.225351333618164 4.716754913330078 -0.36863136291503906
-24.66195297241211 4.973344802856445 -0.3463716506958008

2
29.836624145507812 5.313190460205078 -0.37840795516967773
28.887100219726562 5.311084747314453 -0.37616539001464844
27.86724853515625 5.309076309204102 -0.3883047103881836
26.78546905517578 5.302452087402344 -0.3929319381713867
25.703857421875 5.273202896118164 -0.39525318145751953
24.745765686035156 5.280345916748047 -0.3935403823852539
23.741043090820312 5.2439422607421875 -0.39879274368286133
22.679279327392578 5.228553771972656 -0.4017038345336914
21.708740234375 5.224628448486328 -0.40294456481933594
20.620506286621094 5.258964538574219 -0.3933377265930176
19.721878051757812 5.665006637573242 -0.37726259231567383
19.44133758544922 6.692697525024414 -0.34159135818481445
19.403602600097656 7.774873733520508 -0.3216972351074219
19.390323638916016 8.802755355834961 -0.31826210021972656
19.386428833007812 9.894113540649414 -0.31673574447631836
19.404144287109375 10.834056854248047 -0.3249373435974121
19.422801971435547 11.860282897949219 -0.3398294448852539
19.415725708007812 12.83857536315918 -0.34956979751586914
19.405654907226562 13.873300552368164 -0.35501861572265625
19.258174896240234 14.804412841796875 -0.36038827896118164

2
14.90798568725586 14.799179077148438 -0.35653209686279297
14.777118682861328 11.492172241210938 -0.3448309898376465
14.684288024902344 8.216779708862305 -0.3155999183654785
13.959232330322266 5.233928680419922 -0.38768482208251953
10.41964340209961 5.073545455932617 -0.39144134521484375
6.986019134521484 5.077861785888672 -0.4103255271911621
3.8702316284179688 5.0572662353515625 -0.4014120101928711
0.4514274597167969 5.064083099365234 -0.3996243476867676
-2.761972427368164 5.053466796875 -0.39176082611083984
-6.293891906738281 5.074869155883789 -0.3914155960083008
-9.439001083374023 5.040107727050781 -0.39938926696777344
-12.800561904907227 4.982177734375 -0.4297599792480469
-16.067222595214844 4.943132400512695 -0.4395408630371094
-19.337841033935547 4.811822891235352 -0.42566442489624023
-21.346187591552734 3.065601348876953 -0.40396976470947266
-24.26816177368164 3.6407546997070312 -0.37298011779785156
-26.54241371154785 6.092624664306641 -0.44626712799072266
-25.803119659423828 8.386665344238281 -0.45029354095458984
-25.499282836914062 11.512760162353516 -0.5261855125427246
-25.55130386352539 14.794382095336914 -0.5354108810424805

2
29.821781158447266 -2.4742298126220703 -0.307342529296875
26.497920989990234 -2.50191593170166 -0.31101083755493164
23.09746551513672 -2.5419769287109375 -0.3191032409667969
19.591094970703125 -2.5451488494873047 -0.3122572898864746
16.096454620361328 -2.5976152420043945 -0.3092503547668457
12.487812042236328 -2.6016664505004883 -0.3107795715332031
9.03472900390625 -2.6155433654785156 -0.3103466033935547
5.515110015869141 -2.6657867431640625 -0.29335451126098633
2.182392120361328 -2.6935033798217773 -0.2887272834777832
-1.6032752990722656 -2.6947622299194336 -0.28784751892089844
-5.297157287597656 -2.73189640045166 -0.2962021827697754
-8.356145858764648 -2.7401046752929688 -0.30278730392456055
-12.021379470825195 -2.78079891204834 -0.312288761138916
-15.49809741973877 -2.7793493270874023 -0.3260006904602051
-18.837928771972656 -2.800905227661133 -0.3431839942932129
-22.497394561767578 -2.8141212463378906 -0.3541898727416992
-25.351516723632812 -4.537395477294922 -0.28333091735839844
-25.353614807128906 -7.919057369232178 -0.193267822265625
-25.33619499206543 -11.43663501739502 -0.09276580810546875
-25.22970962524414 -14.797379493713379 0.03922748565673828

1
-29.854450225830078 -9.105655670166016 -0.07877779006958008
-28.835098266601562 -9.096536636352539 -0.08669471740722656
-28.142675399780273 -9.093046188354492 -0.10111522674560547
-27.4387149810791 -9.014386177062988 -0.09369564056396484
-26.577186584472656 -9.008615493774414 -0.09573936462402344
-25.75295639038086 -9.029386520385742 -0.08687162399291992
-24.87445831298828 -9.02390193939209 -0.09091615676879883
-24.46595001220703 -8.538442611694336 -0.10346221923828125
-24.28968048095703 -7.579721450805664 -0.13442182540893555
-24.21411895751953 -6.749372482299805 -0.14770889282226562
-24.406444549560547 -5.990240097045898 -0.1781787872314453
-24.091693878173828 -4.969780921936035 -0.21958065032958984
-24.165685653686523 -4.328413963317871 -0.23054790496826172
-24.755043029785156 -4.314659118652344 -0.24103212356567383
-25.686790466308594 -4.371903419494629 -0.24105072021484375
-26.577728271484375 -4.370090484619141 -0.25209951400756836
-27.34157943725586 -4.4007768630981445 -0.2511782646179199
-28.101245880126953 -4.420774459838867 -0.25359535217285156
-28.970304489135742 -4.4124956130981445 -0.25291872024536133
-29.861404418945312 -4.45689582824707 -0.2605609893798828

