1
-29.848079681396484 4.837589263916016 -0.3526301383972168
-29.11522674560547 4.807584762573242 -0.34778928756713867
-28.459331512451172 4.867916107177734 -0.3382902145385742
-27.865459442138672 4.865516662597656 -0.3358030319213867
-27.148849487304688 4.8431549072265625 -0.3380708694458008
-26.396785736083984 4.850299835205078 -0.3404378890991211
-25.872501373291016 4.86189079284668 -0.33885669708251953
-25.60230255126953 5.292673110961914 -0.3398151397705078
-25.594863891601562 6.12640380859375 -0.34894800186157227
-25.667388916015625 6.834541320800781 -0.3737621307373047
-25.638036727905273 7.462224960327148 -0.3792729377746582
-25.512086868286133 8.315458297729492 -0.39739990234375
-25.435293197631836 8.971546173095703 -0.39924097061157227
-25.656230926513672 9.408723831176758 -0.4039754867553711
-26.286727905273438 9.521448135375977 -0.40803098678588867
-26.957475662231445 9.512672424316406 -0.40508127212524414
-27.619230270385742 9.500619888305664 -0.39357519149780273
-28.38574981689453 9.439399719238281 -0.3830118179321289
-29.100460052490234 9.450176239013672 -0.38308048248291016
-29.88961410522461 9.403467178344727 -0.378692626953125

1
-25.322118759155273 4.990354537963867 -0.31947994232177734
-24.99176025390625 3.435443878173828 -0.30509471893310547
-25.166366577148438 1.9945526123046875 -0.2885427474975586
-25.174854278564453 0.4814443588256836 -0.2793707847595215
-25.169818878173828 -0.9954309463500977 -0.26421594619750977
-25.374889373779297 -2.5705366134643555 -0.24160099029541016
-25.243640899658203 -3.8955116271972656 -0.22258567810058594
-25.07347869873047 -5.304576873779297 -0.2199268341064453
-23.75374984741211 -4.792147636413574 -0.22548913955688477
-22.315460205078125 -4.425559043884277 -0.22033929824829102
-20.84137725830078 -3.942704200744629 -0.21359586715698242
-20.44992446899414 -2.851360321044922 -0.2202744483947754
-20.384174346923828 -1.3438434600830078 -0.2592482566833496
-20.451435089111328 0.14146900177001953 -0.29825305938720703
-20.548866271972656 1.6192245483398438 -0.33522796630859375
-20.575885772705078 3.1216773986816406 -0.3650832176208496
-20.7512149810791 4.32023811340332 -0.3818526268005371
-22.138334274291992 4.566444396972656 -0.37302064895629883
-23.62896728515625 4.771114349365234 -0.36564016342163086
-25.100942611694336 4.994173049926758 -0.3388233184814453

2
29.833885192871094 5.297542572021484 -0.3838973045349121
28.85416030883789 5.292791366577148 -0.3804306983947754
27.79167938232422 5.293680191040039 -0.39334726333618164
26.664817810058594 5.284942626953125 -0.3978004455566406
25.55426025390625 5.263919830322266 -0.40090513229370117
24.54952621459961 5.264692306518555 -0.39745235443115234
23.550800323486328 5.227260589599609 -0.40491294860839844
22.488544464111328 5.217670440673828 -0.40672826766967773
21.467758178710938 5.198938369750977 -0.4087486267089844
20.36998748779297 5.217809677124023 -0.4015517234802246
19.42624282836914 5.536191940307617 -0.38747406005859375
18.997486114501953 6.472646713256836 -0.3542461395263672
18.90808868408203 7.598369598388672 -0.3254218101501465
18.909912109375 8.662837982177734 -0.3207416534423828
18.884052276611328 9.769128799438477 -0.32038068771362305
18.896522521972656 10.699796676635742 -0.3270530700683594
18.94910430908203 11.81378173828125 -0.34028148651123047
18.89191436767578 12.793176651000977 -0.35462236404418945
18.794750213623047 13.856103897094727 -0.35767269134521484
18.822986602783203 14.80898666381836 -0.3598041534423828

2
14.471832275390625 14.799259185791016 -0.35863780975341797
14.342788696289062 11.535711288452148 -0.3424553871154785
14.192035675048828 8.266046524047852 -0.31593751907348633
13.479053497314453 5.267772674560547 -0.38732099533081055
9.97979736328125 5.074542999267578 -0.3942127227783203
6.495979309082031 5.072772979736328 -0.4126753807067871
3.4236412048339844 5.063201904296875 -0.40450620651245117
-0.05399894714355469 5.068592071533203 -0.3992424011230469
-3.3366832733154297 5.066812515258789 -0.3925514221191406
-6.828266143798828 5.083263397216797 -0.3884396553039551
-9.968574523925781 5.040811538696289 -0.39516496658325195
-13.33956527709961 4.992240905761719 -0.42351484298706055
-16.524221420288086 4.940254211425781 -0.4343113899230957
-19.866539001464844 4.7970428466796875 -0.4203472137451172
-21.743545532226562 3.056039810180664 -0.4008502960205078
-24.67094612121582 3.6547279357910156 -0.3662867546081543
-26.90814208984375 6.097606658935547 -0.43848180770874023
-26.16372299194336 8.361885070800781 -0.4406280517578125
-25.872591018676758 11.507352828979492 -0.5152254104614258
-25.92290687561035 14.796148300170898 -0.5188241004943848

2
29.8212890625 -2.501631736755371 -0.31716489791870117
26.492855072021484 -2.524287223815918 -0.32035160064697266
23.057811737060547 -2.5629520416259766 -0.32799577713012695
19.563358306884766 -2.5651493072509766 -0.3210163116455078
16.03667449951172 -2.609170913696289 -0.3163743019104004
12.41153335571289 -2.6154727935791016 -0.3183021545410156
8.923553466796875 -2.6279563903808594 -0.3182058334350586
5.358440399169922 -2.675039291381836 -0.3011631965637207
2.0111656188964844 -2.7046031951904297 -0.29368162155151367
-1.7892475128173828 -2.6903305053710938 -0.2941255569458008
-5.60498046875 -2.7314815521240234 -0.2989959716796875
-8.585350036621094 -2.745285987854004 -0.30742311477661133
-12.31599235534668 -2.775707244873047 -0.3155488967895508
-15.850556373596191 -2.7819862365722656 -0.3286409378051758
-19.147335052490234 -2.791566848754883 -0.34467506408691406
-22.85175323486328 -2.7919750213623047 -0.35607004165649414
-25.631393432617188 -4.499993324279785 -0.2844581604003906
-25.70553970336914 -7.872366905212402 -0.20251893997192383
-25.58198356628418 -11.416556358337402 -0.1054544448852539
-25.49761199951172 -14.801604270935059 0.027767181396484375

1
-29.860689163208008 -9.116100311279297 -0.08544540405273438
-28.877567291259766 -9.112655639648438 -0.09226703643798828
-28.231420516967773 -9.094086647033691 -0.1057896614074707
-27.56363296508789 -9.038787841796875 -0.09978628158569336
-26.691368103027344 -9.004851341247559 -0.10176372528076172
-25.927085876464844 -9.047733306884766 -0.0942068099975586
-25.135828018188477 -9.016841888427734 -0.09938764572143555
-24.819002151489258 -8.4991455078125 -0.10980701446533203
-24.641399383544922 -7.526220321655273 -0.13880300521850586
-24.585914611816406 -6.715727806091309 -0.15324735641479492
-24.70810317993164 -5.969930648803711 -0.18126487731933594
-24.449405670166016 -5.032936096191406 -0.22126245498657227
-24.45796775817871 -4.357357025146484 -0.23122072219848633
-24.999256134033203 -4.29770565032959 -0.24115228652954102
-25.889808654785156 -4.371423721313477 -0.24357938766479492
-26.773561477661133 -4.381897926330566 -0.25069713592529297
-27.46344566345215 -4.411689758300781 -0.24932527542114258
-28.161720275878906 -4.427712440490723 -0.2533402442932129
-28.996601104736328 -4.417156219482422 -0.25381040573120117
-29.85869598388672 -4.4766740798950195 -0.2610602378845215

