1
-29.860055923461914 4.826961517333984 -0.34174633026123047
-29.17721939086914 4.802436828613281 -0.3361496925354004
-28.565826416015625 4.85236930847168 -0.32691287994384766
-27.995014190673828 4.859783172607422 -0.3260488510131836
-27.308549880981445 4.828693389892578 -0.32867860794067383
-26.649646759033203 4.829111099243164 -0.3326530456542969
-26.16813087463379 4.927040100097656 -0.33542823791503906
-26.22274398803711 5.581813812255859 -0.33695554733276367
-26.118711471557617 6.229700088500977 -0.34662437438964844
-26.177183151245117 6.843252182006836 -0.3649287223815918
-26.145606994628906 7.422752380371094 -0.3690032958984375
-25.91901397705078 8.239707946777344 -0.38506507873535156
-25.95960235595703 8.870973587036133 -0.39107465744018555
-25.990894317626953 9.381423950195312 -0.3940134048461914
-26.611940383911133 9.508792877197266 -0.3970193862915039
-27.232133865356445 9.521896362304688 -0.3942570686340332
-27.816068649291992 9.553855895996094 -0.3845200538635254
-28.482318878173828 9.465845108032227 -0.37527990341186523
-29.146543502807617 9.47651481628418 -0.3734169006347656
-29.890518188476562 9.425750732421875 -0.3677821159362793

2
29.83075714111328 5.287927627563477 -0.3847808837890625
28.826702117919922 5.281810760498047 -0.38192129135131836
27.739791870117188 5.285249710083008 -0.39457178115844727
26.574867248535156 5.273841857910156 -0.397735595703125
25.445960998535156 5.256046295166016 -0.4008665084838867
24.41360855102539 5.249969482421875 -0.39626121520996094
23.391197204589844 5.217798233032227 -0.40476322174072266
22.306663513183594 5.208009719848633 -0.40851593017578125
21.27269744873047 5.182003021240234 -0.4083590507507324
20.15821075439453 5.190692901611328 -0.40328025817871094
19.15151596069336 5.3913116455078125 -0.3962101936340332
18.559722900390625 6.278005599975586 -0.36368846893310547
18.415660858154297 7.396883010864258 -0.3300051689147949
18.41584014892578 8.498844146728516 -0.3240838050842285
18.417980194091797 9.661027908325195 -0.32361888885498047
18.442142486572266 10.600959777832031 -0.3306884765625
18.512733459472656 11.744964599609375 -0.3415355682373047
18.484352111816406 12.76978874206543 -0.3568291664123535
18.359619140625 13.839847564697266 -0.36235952377319336
18.410640716552734 14.81057357788086 -0.3654804229736328

2
13.892704010009766 14.8045654296875 -0.3550376892089844
13.919418334960938 11.565715789794922 -0.3537869453430176
13.79001235961914 8.367633819580078 -0.3193068504333496
13.0582275390625 5.2526702880859375 -0.38465166091918945
9.690277099609375 5.063566207885742 -0.3935089111328125
6.130973815917969 5.051645278930664 -0.4140019416809082
3.0019912719726562 5.04034423828125 -0.40829038619995117
-0.442596435546875 5.04060173034668 -0.4006352424621582
-3.894227981567383 5.053707122802734 -0.3934483528137207
-7.329118728637695 5.055149078369141 -0.3869953155517578
-10.529375076293945 5.03858757019043 -0.39290618896484375
-13.987010955810547 4.993854522705078 -0.41814756393432617
-17.135374069213867 4.897743225097656 -0.4335007667541504
-20.41912078857422 4.740045547485352 -0.4179086685180664
-22.33580780029297 3.0621986389160156 -0.3952064514160156
-25.178245544433594 3.6292266845703125 -0.35911083221435547
-27.448333740234375 6.105222702026367 -0.4336686134338379
-26.69310188293457 8.207975387573242 -0.43169307708740234
-26.596904754638672 11.436769485473633 -0.5026874542236328
-26.863723754882812 14.811431884765625 -0.5042591094970703

2
29.830238342285156 -2.495894432067871 -0.31841325759887695
26.494873046875 -2.515247344970703 -0.3224968910217285
23.018051147460938 -2.557478904724121 -0.3311753273010254
19.505496978759766 -2.5586233139038086 -0.3234744071960449
15.970565795898438 -2.594538688659668 -0.3187742233276367
12.32699966430664 -2.598541259765625 -0.31998205184936523
8.761096954345703 -2.615070343017578 -0.3202071189880371
5.175746917724609 -2.6611480712890625 -0.303499698638916
1.7884368896484375 -2.7008256912231445 -0.29619503021240234
-2.0438098907470703 -2.6934728622436523 -0.29595327377319336
-5.884544372558594 -2.7343196868896484 -0.2978854179382324
-8.94552993774414 -2.7435693740844727 -0.30724000930786133
-12.694168090820312 -2.7828283309936523 -0.31490612030029297
-16.196456909179688 -2.788743019104004 -0.3280043601989746
-19.52298355102539 -2.791688919067383 -0.3460812568664551
-23.181222915649414 -2.75862979888916 -0.3537173271179199
-26.003267288208008 -4.410551071166992 -0.28511810302734375
-26.27931022644043 -7.823829650878906 -0.2069416046142578
-26.06466293334961 -11.375998497009277 -0.09957456588745117
-26.00890350341797 -14.804618835449219 0.01931619644165039

1
-25.83404541015625 4.934118270874023 -0.3130011558532715
-25.539852142333984 3.467966079711914 -0.3011341094970703
-25.617332458496094 2.0183792114257812 -0.29056596755981445
-25.68714141845703 0.4541463851928711 -0.27732086181640625
-25.603317260742188 -0.9382162094116211 -0.26317787170410156
-25.810853958129883 -2.560302734375 -0.2369370460510254
-25.65729522705078 -3.831146240234375 -0.22447872161865234
-25.60163116455078 -5.321030616760254 -0.22023296356201172
-24.183212280273438 -4.765655517578125 -0.22920513153076172
-22.820585250854492 -4.400053977966309 -0.21860933303833008
-21.459972381591797 -3.9678144454956055 -0.21528196334838867
-20.82339096069336 -2.8439903259277344 -0.21556377410888672
-20.78114128112793 -1.3259391784667969 -0.25309085845947266
-20.821107864379883 0.12398242950439453 -0.2937283515930176
-20.987464904785156 1.6424922943115234 -0.3338475227355957
-20.969417572021484 3.1496219635009766 -0.3627166748046875
-21.148393630981445 4.283027648925781 -0.3791923522949219
-22.47000503540039 4.554481506347656 -0.369931697845459
-24.07375717163086 4.715766906738281 -0.36279296875
-25.61937141418457 4.9140167236328125 -0.3315291404724121

1
-29.863656997680664 -9.117338180541992 -0.08800935745239258
-28.90713119506836 -9.086257934570312 -0.09461307525634766
-28.361366271972656 -9.08094596862793 -0.10413217544555664
-27.745899200439453 -9.019471168518066 -0.09744596481323242
-26.881715774536133 -8.988218307495117 -0.10296869277954102
-26.189823150634766 -9.026506423950195 -0.09961748123168945
-25.558744430541992 -8.964689254760742 -0.10495996475219727
-25.241497039794922 -8.401888847351074 -0.11582040786743164
-25.125133514404297 -7.481083393096924 -0.13828802108764648
-25.06442642211914 -6.685370445251465 -0.15667724609375
-25.147384643554688 -5.984021186828613 -0.18443918228149414
-24.856040954589844 -5.063179969787598 -0.21874046325683594
-24.81039810180664 -4.365640640258789 -0.2317671775817871
-25.3488826751709 -4.306461334228516 -0.24472427368164062
-26.104469299316406 -4.338220596313477 -0.24521493911743164
-26.939708709716797 -4.359339714050293 -0.2489614486694336
-27.601913452148438 -4.393898963928223 -0.24799728393554688
-28.268020629882812 -4.413242340087891 -0.2526531219482422
-29.042503356933594 -4.401606559753418 -0.25530052185058594
-29.862512588500977 -4.476641654968262 -0.26210641860961914

