1
-29.862985610961914 4.825778961181641 -0.3304586410522461
-29.215246200561523 4.807779312133789 -0.3238987922668457
-28.65032196044922 4.848457336425781 -0.31528806686401367
-28.07699203491211 4.843999862670898 -0.31589460372924805
-27.477596282958984 4.799854278564453 -0.32218456268310547
-26.849895477294922 4.827981948852539 -0.3233909606933594
-26.429100036621094 4.967588424682617 -0.3301510810852051
-26.52086639404297 5.651294708251953 -0.3292980194091797
-26.394775390625 6.306774139404297 -0.3421463966369629
-26.37527084350586 6.864679336547852 -0.35790586471557617
-26.42753791809082 7.439048767089844 -0.35851287841796875
-26.205244064331055 8.132625579833984 -0.37638044357299805
-26.231834411621094 8.793556213378906 -0.38378190994262695
-26.296554565429688 9.322433471679688 -0.38450050354003906
-26.804664611816406 9.49996566772461 -0.3863525390625
-27.393518447875977 9.519668579101562 -0.3850126266479492
-27.92932891845703 9.555326461791992 -0.3771991729736328
-28.544111251831055 9.474857330322266 -0.3686366081237793
-29.17475700378418 9.48564338684082 -0.36580610275268555
-29.89260482788086 9.43709945678711 -0.3595747947692871

2
29.824874877929688 5.297603607177734 -0.3865046501159668
28.790802001953125 5.29823112487793 -0.38329029083251953
27.680007934570312 5.2979888916015625 -0.3964266777038574
26.512741088867188 5.292516708374023 -0.39751768112182617
25.35681915283203 5.276994705200195 -0.40077781677246094
24.27206802368164 5.274349212646484 -0.396237850189209
23.217697143554688 5.250213623046875 -0.4057183265686035
22.105712890625 5.243627548217773 -0.40950822830200195
21.078083038330078 5.213603973388672 -0.40735483169555664
19.873523712158203 5.211824417114258 -0.4053187370300293
18.872909545898438 5.332035064697266 -0.3993673324584961
18.19076156616211 6.111394882202148 -0.37299156188964844
17.956035614013672 7.241823196411133 -0.33234071731567383
17.963844299316406 8.319215774536133 -0.32044219970703125
17.9173583984375 9.530853271484375 -0.3210744857788086
17.969676971435547 10.54690933227539 -0.32825422286987305
17.92135238647461 11.671817779541016 -0.33750104904174805
17.923263549804688 12.72776985168457 -0.3510770797729492
17.928531646728516 13.798551559448242 -0.3635411262512207
17.924930572509766 14.810537338256836 -0.36737775802612305

2
13.458385467529297 14.804174423217773 -0.3432950973510742
13.472217559814453 11.490741729736328 -0.3516077995300293
13.359508514404297 8.396215438842773 -0.3166985511779785
12.71646499633789 5.322362899780273 -0.38261985778808594
9.33685302734375 5.078733444213867 -0.39162254333496094
5.795558929443359 5.075752258300781 -0.4121689796447754
2.736186981201172 5.062736511230469 -0.4037051200866699
-0.6897811889648438 5.059783935546875 -0.39775705337524414
-4.349630355834961 5.074644088745117 -0.3917360305786133
-7.801820755004883 5.082540512084961 -0.38584089279174805
-10.963275909423828 5.056425094604492 -0.3909945487976074
-14.340264320373535 4.994722366333008 -0.4156479835510254
-17.63292121887207 4.93712043762207 -0.43102455139160156
-20.76889991760254 4.75450325012207 -0.4143052101135254
-22.7856388092041 3.1013412475585938 -0.388181209564209
-25.518129348754883 3.6371402740478516 -0.35519981384277344
-27.799402236938477 6.119901657104492 -0.4266543388366699
-27.039758682250977 8.180681228637695 -0.415585994720459
-27.11419105529785 11.425086975097656 -0.4789261817932129
-27.29937744140625 14.815196990966797 -0.49096012115478516

2
29.83687973022461 -2.5114097595214844 -0.3358922004699707
26.526702880859375 -2.5168771743774414 -0.33763790130615234
23.055706024169922 -2.549881935119629 -0.3476424217224121
19.550262451171875 -2.564846992492676 -0.33559179306030273
15.999408721923828 -2.5865001678466797 -0.3297567367553711
12.325977325439453 -2.6015920639038086 -0.3300952911376953
8.655593872070312 -2.616183280944824 -0.3296976089477539
5.049858093261719 -2.6584033966064453 -0.31463003158569336
1.6119117736816406 -2.697567939758301 -0.302797794342041
-2.1638641357421875 -2.6917247772216797 -0.298490047454834
-6.000732421875 -2.72969913482666 -0.29906415939331055
-9.245807647705078 -2.7413148880004883 -0.3075246810913086
-12.906044006347656 -2.7823352813720703 -0.313690185546875
-16.23440170288086 -2.7841110229492188 -0.32879114151000977
-19.562541961669922 -2.8036746978759766 -0.34509944915771484
-23.371131896972656 -2.7698278427124023 -0.3607792854309082
-26.294851303100586 -4.182149887084961 -0.2980642318725586
-26.7572021484375 -7.660820484161377 -0.23221778869628906
-26.93505096435547 -11.201642990112305 -0.12142801284790039
-26.555084228515625 -14.796758651733398 -0.019637107849121094

1
-29.876890182495117 -9.08635139465332 -0.09645891189575195
-28.95667266845703 -9.035625457763672 -0.10683298110961914
-28.53989601135254 -9.060083389282227 -0.10234546661376953
-27.95945930480957 -8.982404708862305 -0.0990896224975586
-27.19922637939453 -8.959016799926758 -0.10724830627441406
-26.447404861450195 -8.956098556518555 -0.10210466384887695
-25.99144172668457 -8.842181205749512 -0.11077451705932617
-25.653396606445312 -8.216912269592285 -0.12285184860229492
-25.51468276977539 -7.405304431915283 -0.14522600173950195
-25.511520385742188 -6.587207794189453 -0.16298961639404297
-25.512439727783203 -5.9610795974731445 -0.1867389678955078
-25.26291847229004 -5.052004814147949 -0.21941614151000977
-25.244375228881836 -4.363523483276367 -0.23465919494628906
-25.663028717041016 -4.264189720153809 -0.24693822860717773
-26.350582122802734 -4.274387359619141 -0.2421722412109375
-27.145240783691406 -4.3033857345581055 -0.24309730529785156
-27.776405334472656 -4.329339981079102 -0.24433279037475586
-28.38372802734375 -4.365191459655762 -0.24957561492919922
-29.096467971801758 -4.340120315551758 -0.2587099075317383
-29.869800567626953 -4.432847023010254 -0.26422977447509766

1
-26.179737091064453 4.929609298706055 -0.3139915466308594
-26.11476707458496 3.4541797637939453 -0.29978466033935547
-26.01447296142578 2.064716339111328 -0.2915806770324707
-26.189971923828125 0.42432403564453125 -0.2797226905822754
-26.01176643371582 -0.908966064453125 -0.26668357849121094
-26.28278160095215 -2.4825754165649414 -0.2338109016418457
-26.145193099975586 -3.930863380432129 -0.21975183486938477
-26.133644104003906 -5.277825355529785 -0.2194833755493164
-24.764270782470703 -4.802361488342285 -0.2336273193359375
-23.32990074157715 -4.37407112121582 -0.22037267684936523
-22.015100479125977 -3.927302360534668 -0.2176814079284668
-21.251441955566406 -2.843134880065918 -0.21114683151245117
-21.266502380371094 -1.3619508743286133 -0.25145626068115234
-21.233156204223633 0.11472320556640625 -0.29035425186157227
-21.337295532226562 1.5915050506591797 -0.33062028884887695
-21.369739532470703 3.097076416015625 -0.35581541061401367
-21.473251342773438 4.282032012939453 -0.37552785873413086
-22.851594924926758 4.554075241088867 -0.3676424026489258
-24.460124969482422 4.7169036865234375 -0.35903024673461914
-26.056169509887695 4.878108978271484 -0.32456254959106445

