1
6.6413421630859375 -4.840241432189941 -0.3037433624267578
6.700977325439453 -3.187091827392578 -0.3120102882385254
6.774745941162109 -1.564962387084961 -0.3117532730102539
6.815876007080078 0.062247276306152344 -0.31482553482055664
6.8344268798828125 1.6179656982421875 -0.3201789855957031
7.001491546630859 3.253244400024414 -0.3231544494628906
7.064373016357422 4.921833038330078 -0.3217754364013672
6.898784637451172 6.220893859863281 -0.3304438591003418
5.129478454589844 6.312307357788086 -0.2837028503417969
3.53619384765625 6.437959671020508 -0.2462925910949707
2.3345069885253906 5.983001708984375 -0.21769237518310547
2.2716217041015625 4.369655609130859 -0.2148289680480957
2.2335968017578125 2.6815185546875 -0.20874452590942383
2.235748291015625 1.0409126281738281 -0.20853042602539062
2.0817108154296875 -0.5464458465576172 -0.20514631271362305
2.0796127319335938 -2.2461891174316406 -0.21458053588867188
2.0348892211914062 -3.7789955139160156 -0.21272659301757812
3.4357261657714844 -4.212506294250488 -0.23534870147705078
5.064380645751953 -4.54312801361084 -0.27086496353149414
6.681922912597656 -4.848003387451172 -0.30423879623413086

2
29.835784912109375 3.9254531860351562 -0.3562769889831543
28.64394760131836 3.9872207641601562 -0.35432004928588867
27.43216323852539 4.071598052978516 -0.36273193359375
26.262741088867188 4.143983840942383 -0.36623382568359375
25.082984924316406 4.231925964355469 -0.3737912178039551
23.92639923095703 4.323818206787109 -0.37500762939453125
22.807315826416016 4.373159408569336 -0.37819957733154297
21.653167724609375 4.419393539428711 -0.38470935821533203
20.509838104248047 4.457109451293945 -0.38496971130371094
19.144039154052734 4.564430236816406 -0.38175153732299805
18.047218322753906 4.756387710571289 -0.38657093048095703
17.058307647705078 5.538679122924805 -0.3883237838745117
16.496013641357422 6.572605133056641 -0.39351606369018555
16.343006134033203 7.759765625 -0.38223934173583984
16.401241302490234 8.910261154174805 -0.36980628967285156
16.515026092529297 10.223966598510742 -0.3706049919128418
16.605274200439453 11.264116287231445 -0.38657236099243164
16.720149993896484 12.545427322387695 -0.3996543884277344
16.859237670898438 13.66252326965332 -0.4117279052734375
16.98236083984375 14.814558029174805 -0.4075174331665039

1
16.041885375976562 -4.55012321472168 -0.31957340240478516
14.513103485107422 -4.41204833984375 -0.318392276763916
13.057205200195312 -4.304756164550781 -0.31758737564086914
11.540855407714844 -4.24110221862793 -0.31116628646850586
9.983341217041016 -4.135926246643066 -0.3066673278808594
8.57730484008789 -4.050851821899414 -0.30121612548828125
6.962715148925781 -3.9460906982421875 -0.2968921661376953
5.6353302001953125 -3.9472122192382812 -0.29011964797973633
6.042938232421875 -5.445357322692871 -0.29044485092163086
6.449668884277344 -6.889400482177734 -0.27880430221557617
6.7542572021484375 -8.319221496582031 -0.2865161895751953
7.904716491699219 -8.850000381469727 -0.3037557601928711
9.429584503173828 -8.914146423339844 -0.3104372024536133
10.885406494140625 -8.932491302490234 -0.32332324981689453
12.3143310546875 -9.009527206420898 -0.34102296829223633
13.86102294921875 -9.132842063903809 -0.36683177947998047
15.178627014160156 -8.920289993286133 -0.3788185119628906
15.468025207519531 -7.363485336303711 -0.3707742691040039
15.78597640991211 -6.005546569824219 -0.3549671173095703
16.05173110961914 -4.5233354568481445 -0.35457277297973633

2
9.025627136230469 14.808660507202148 -0.44751644134521484
8.918941497802734 12.375822067260742 -0.44985532760620117
8.7589111328125 9.950841903686523 -0.4259757995605469
8.655326843261719 7.422922134399414 -0.4216189384460449
7.274372100830078 5.53864860534668 -0.3621363639831543
4.9300994873046875 5.202991485595703 -0.33443593978881836
2.3491287231445312 5.378301620483398 -0.3078603744506836
-0.1269054412841797 5.473684310913086 -0.2603898048400879
-2.704282760620117 5.590938568115234 -0.23049163818359375
-5.1539154052734375 5.720895767211914 -0.1850299835205078
-7.85101318359375 5.900596618652344 -0.17344999313354492
-10.176298141479492 6.033168792724609 -0.1604170799255371
-12.652976989746094 6.155580520629883 -0.14290523529052734
-15.04452133178711 6.272199630737305 -0.13538408279418945
-17.524234771728516 6.35960578918457 -0.10845470428466797
-19.98206329345703 6.503490447998047 -0.0975193977355957
-22.47076988220215 6.653219223022461 -0.07871675491333008
-24.90967559814453 6.782752990722656 -0.06856489181518555
-27.359966278076172 6.869405746459961 -0.054653167724609375
-29.797040939331055 6.985187530517578 -0.03454923629760742

2
7.6489410400390625 -14.803991317749023 -0.3708815574645996
7.810905456542969 -12.219386100769043 -0.3855619430541992
7.942104339599609 -9.792322158813477 -0.3807716369628906
8.04770278930664 -7.20844841003418 -0.4016704559326172
7.6448974609375 -4.692852973937988 -0.3570408821105957
5.678009033203125 -3.189420700073242 -0.32940006256103516
3.1553115844726562 -3.0209054946899414 -0.3093128204345703
0.5854148864746094 -2.922856330871582 -0.2381138801574707
-1.873514175415039 -2.8060340881347656 -0.1918010711669922
-4.419301986694336 -2.6984949111938477 -0.15700101852416992
-6.960226058959961 -2.5768537521362305 -0.13152694702148438
-9.413623809814453 -2.4215431213378906 -0.12688159942626953
-11.996858596801758 -2.2727317810058594 -0.12059402465820312
-14.557013511657715 -2.1168222427368164 -0.11495256423950195
-17.208660125732422 -1.9962263107299805 -0.10546016693115234
-19.80630874633789 -1.829625129699707 -0.1141672134399414
-22.390228271484375 -1.6786565780639648 -0.11294412612915039
-24.823993682861328 -1.5962944030761719 -0.11362314224243164
-27.325698852539062 -1.4666194915771484 -0.11402463912963867
-29.805500030517578 -1.3471736907958984 -0.08852052688598633

1
7.291633605957031 10.131635665893555 -0.31733179092407227
6.978172302246094 8.643545150756836 -0.32433366775512695
6.735439300537109 7.015708923339844 -0.36859130859375
6.520893096923828 5.480127334594727 -0.38292884826660156
8.060741424560547 5.433727264404297 -0.3728814125061035
9.658985137939453 5.370950698852539 -0.368161678314209
11.168037414550781 5.333032608032227 -0.36504697799682617
12.708721160888672 5.261747360229492 -0.36340951919555664
14.241313934326172 5.188938140869141 -0.37869691848754883
15.885433197021484 5.163625717163086 -0.3789067268371582
17.595943450927734 5.092031478881836 -0.3742518424987793
17.305419921875 6.6930084228515625 -0.37465476989746094
17.00436782836914 8.104072570800781 -0.36710166931152344
16.607341766357422 9.695493698120117 -0.3652629852294922
15.202381134033203 9.905868530273438 -0.3720407485961914
13.691722869873047 9.901681900024414 -0.3636288642883301
12.09255599975586 9.938285827636719 -0.35618066787719727
10.467247009277344 9.97775650024414 -0.3347954750061035
8.892303466796875 10.052013397216797 -0.3265829086303711
7.261005401611328 10.105203628540039 -0.3235020637512207

1
16.95804214477539 5.040876388549805 -0.4174919128417969
16.839702606201172 3.5908470153808594 -0.3944568634033203
16.620887756347656 2.1432723999023438 -0.3860015869140625
16.46002197265625 0.7385034561157227 -0.3659934997558594
16.195556640625 -0.668182373046875 -0.3640422821044922
16.0374755859375 -2.1061878204345703 -0.3529510498046875
15.743415832519531 -3.5192079544067383 -0.3410930633544922
16.4920654296875 -4.244199752807617 -0.3352046012878418
17.95856475830078 -4.351808547973633 -0.3446998596191406
19.330997467041016 -4.363883972167969 -0.352266788482666
20.596858978271484 -4.2577362060546875 -0.3560194969177246
20.682052612304688 -2.850301742553711 -0.3481307029724121
20.66480255126953 -1.394333839416504 -0.34607362747192383
20.744361877441406 -0.009510040283203125 -0.3373088836669922
20.895790100097656 1.3863525390625 -0.3353919982910156
20.928810119628906 2.720571517944336 -0.34647178649902344
21.134605407714844 4.220890045166016 -0.3400535583496094
19.862396240234375 4.654514312744141 -0.3623504638671875
18.456012725830078 4.825172424316406 -0.39095067977905273
16.943302154541016 5.023845672607422 -0.41626834869384766

2
29.829296112060547 -4.336596488952637 -0.42005252838134766
28.415237426757812 -4.239336013793945 -0.4247608184814453
26.844100952148438 -4.1607818603515625 -0.44930315017700195
25.33238983154297 -4.070121765136719 -0.44542551040649414
23.83489990234375 -4.021450996398926 -0.4468235969543457
22.282947540283203 -3.9466466903686523 -0.44634246826171875
20.776737213134766 -3.8600540161132812 -0.44318723678588867
19.519439697265625 -3.5316390991210938 -0.4311094284057617
18.742088317871094 -2.501408576965332 -0.43720483779907227
17.483070373535156 -2.4627723693847656 -0.4204063415527344
15.979179382324219 -3.1473541259765625 -0.39122676849365234
14.959918975830078 -4.276745796203613 -0.3679046630859375
14.424659729003906 -5.5012054443359375 -0.3785886764526367
14.131633758544922 -7.027954578399658 -0.3933835029602051
14.042617797851562 -8.680096626281738 -0.40631866455078125
14.844734191894531 -9.257558822631836 -0.4021444320678711
15.527515411376953 -10.327556610107422 -0.4092235565185547
15.553607940673828 -11.893139839172363 -0.43306922912597656
15.460041046142578 -13.329890251159668 -0.43574094772338867
15.406291961669922 -14.812163352966309 -0.42767763137817383

0
12.65042495727539 14.979482650756836 -0.41880321502685547
12.647563934326172 14.881555557250977 -0.4095158576965332
12.635051727294922 14.703811645507812 -0.4118828773498535
12.624290466308594 14.509567260742188 -0.4125180244445801
12.595504760742188 14.33169937133789 -0.40825462341308594
12.637821197509766 14.127357482910156 -0.40778350830078125
12.62362289428711 13.949760437011719 -0.40524911880493164
12.626667022705078 13.788150787353516 -0.4046363830566406
12.606437683105469 13.650382995605469 -0.40841245651245117
12.559688568115234 13.418224334716797 -0.41117000579833984
12.549148559570312 13.226861953735352 -0.40999889373779297
12.504619598388672 13.009916305541992 -0.4191322326660156
12.486434936523438 12.809959411621094 -0.42076921463012695
12.47159194946289 12.619989395141602 -0.42010068893432617
12.469738006591797 12.455711364746094 -0.4162020683288574
12.494915008544922 12.240585327148438 -0.40968799591064453
12.512313842773438 12.044822692871094 -0.4080781936645508
12.522270202636719 11.865739822387695 -0.4035758972167969
12.511695861816406 11.747175216674805 -0.40287160873413086
12.462471008300781 11.493791580200195 -0.3975944519042969

