2
29.81610870361328 5.317958831787109 -0.3993706703186035
28.755451202392578 5.314977645874023 -0.3955516815185547
27.637996673583984 5.312324523925781 -0.40575551986694336
26.46673583984375 5.306951522827148 -0.40634584426879883
25.3052978515625 5.2900848388671875 -0.4085831642150879
24.215717315673828 5.287208557128906 -0.4037160873413086
23.156402587890625 5.263917922973633 -0.41211605072021484
22.01355743408203 5.25434684753418 -0.41570281982421875
20.948192596435547 5.226169586181641 -0.41312313079833984
19.67529296875 5.207832336425781 -0.41066741943359375
18.638919830322266 5.286285400390625 -0.4049506187438965
17.90484619140625 5.948738098144531 -0.3779420852661133
17.57567596435547 7.051689147949219 -0.33739185333251953
17.544483184814453 8.13597297668457 -0.3196139335632324
17.503097534179688 9.370262145996094 -0.3188657760620117
17.5233154296875 10.436511993408203 -0.32721948623657227
17.493362426757812 11.572755813598633 -0.33654308319091797
17.468544006347656 12.665645599365234 -0.3502230644226074
17.50667953491211 13.755138397216797 -0.3627772331237793
17.351951599121094 14.807682037353516 -0.3661632537841797

1
-29.878814697265625 4.797426223754883 -0.3109908103942871
-29.310791015625 4.77653694152832 -0.304781436920166
-28.796321868896484 4.803030014038086 -0.30061769485473633
-28.26895523071289 4.756303787231445 -0.30167627334594727
-27.766889572143555 4.768045425415039 -0.3070540428161621
-27.239582061767578 4.826873779296875 -0.3091611862182617
-27.08264923095703 5.118364334106445 -0.31932544708251953
-27.215709686279297 5.821348190307617 -0.31714344024658203
-27.032859802246094 6.375513076782227 -0.3318305015563965
-27.058212280273438 6.861776351928711 -0.33539390563964844
-27.05706787109375 7.348133087158203 -0.34068965911865234
-26.74681282043457 7.82958984375 -0.3542780876159668
-26.770992279052734 8.563125610351562 -0.37172460556030273
-26.99464988708496 9.083772659301758 -0.37094926834106445
-27.264087677001953 9.374603271484375 -0.3718090057373047
-27.735984802246094 9.545284271240234 -0.369842529296875
-28.126815795898438 9.549762725830078 -0.36705636978149414
-28.6712646484375 9.501035690307617 -0.36246490478515625
-29.236785888671875 9.500064849853516 -0.36113405227661133
-29.892528533935547 9.436681747436523 -0.35141754150390625

2
12.823505401611328 14.807479858398438 -0.33965492248535156
12.769905090332031 11.512435913085938 -0.3465604782104492
12.737518310546875 8.152036666870117 -0.3378305435180664
12.020713806152344 5.295475006103516 -0.4233841896057129
8.331466674804688 5.059333801269531 -0.40016984939575195
5.030712127685547 5.049129486083984 -0.39418697357177734
1.6616897583007812 5.060787200927734 -0.3823390007019043
-1.6465263366699219 5.053316116333008 -0.37682247161865234
-5.06065559387207 5.060340881347656 -0.37476015090942383
-8.436330795288086 5.08735466003418 -0.36348581314086914
-11.437702178955078 5.0620269775390625 -0.36667919158935547
-14.732172012329102 4.992452621459961 -0.38825130462646484
-18.45818328857422 4.94066047668457 -0.4078645706176758
-21.738018035888672 4.608760833740234 -0.39589977264404297
-24.269739151000977 3.0972137451171875 -0.3529787063598633
-26.550983428955078 3.6436595916748047 -0.32431840896606445
-28.484420776367188 6.069358825683594 -0.39150524139404297
-27.97352409362793 8.236825942993164 -0.38532257080078125
-27.80472183227539 11.563404083251953 -0.4597206115722656
-27.873693466186523 14.806230545043945 -0.47496604919433594

2
29.852386474609375 -2.4843149185180664 -0.37271881103515625
26.50226593017578 -2.4804258346557617 -0.3581209182739258
23.16547393798828 -2.53164005279541 -0.37511157989501953
19.55054473876953 -2.5676937103271484 -0.3539309501647949
15.853927612304688 -2.590214729309082 -0.3436102867126465
12.265495300292969 -2.6093454360961914 -0.3251066207885742
8.771583557128906 -2.6226634979248047 -0.3161354064941406
4.915920257568359 -2.6671905517578125 -0.31084156036376953
1.4070758819580078 -2.6892099380493164 -0.3059391975402832
-1.9029693603515625 -2.700094223022461 -0.2927556037902832
-5.682268142700195 -2.7529726028442383 -0.2904319763183594
-9.525833129882812 -2.731931686401367 -0.2975907325744629
-13.06553840637207 -2.7932968139648438 -0.3033604621887207
-16.830249786376953 -2.78326416015625 -0.31560373306274414
-20.401779174804688 -2.8128042221069336 -0.3161158561706543
-24.447429656982422 -2.7652997970581055 -0.33507251739501953
-27.13844108581543 -4.356844902038574 -0.2532496452331543
-27.63994598388672 -7.809887886047363 -0.19416475296020508
-27.73095703125 -11.202101707458496 -0.09194707870483398
-27.772293090820312 -14.801068305969238 0.026717662811279297

1
-29.685606002807617 -9.184638977050781 -0.04675626754760742
-28.222434997558594 -9.071162223815918 -0.07245492935180664
-27.32632827758789 -8.602499961853027 -0.10401582717895508
-26.516063690185547 -6.0311737060546875 -0.16983985900878906
-25.149887084960938 -4.879024505615234 -0.19250202178955078
-23.959346771240234 -4.406782150268555 -0.18914270401000977
-22.48992919921875 -3.690916061401367 -0.19635772705078125
-22.066360473632812 -1.8097734451293945 -0.23495817184448242
-22.085708618164062 0.2942047119140625 -0.2855715751647949
-21.949798583984375 1.8272705078125 -0.3422408103942871
-22.015914916992188 3.7961978912353516 -0.3659539222717285
-23.788467407226562 4.55742073059082 -0.3617067337036133
-25.85444450378418 4.681879043579102 -0.32437753677368164
-26.880178451538086 4.101295471191406 -0.2928647994995117
-27.095928192138672 2.2129135131835938 -0.2672286033630371
-26.880708694458008 0.06457710266113281 -0.2628445625305176
-27.01885414123535 -1.4838485717773438 -0.22765207290649414
-27.199018478393555 -3.4938735961914062 -0.22639226913452148
-27.504552841186523 -4.2762861251831055 -0.20828676223754883
-29.64330291748047 -4.434782028198242 -0.22031879425048828

