2
29.809001922607422 5.287637710571289 -0.40525102615356445
28.716732025146484 5.290102005004883 -0.4019050598144531
27.595577239990234 5.288389205932617 -0.4099278450012207
26.395484924316406 5.288848876953125 -0.4106736183166504
25.20911407470703 5.276235580444336 -0.41228246688842773
24.104507446289062 5.272222518920898 -0.4065513610839844
23.016067504882812 5.261899948120117 -0.41462182998657227
21.83879852294922 5.240108489990234 -0.41615819931030273
20.789291381835938 5.229883193969727 -0.41371774673461914
19.408241271972656 5.206430435180664 -0.41170692443847656
18.268325805664062 5.254079818725586 -0.40720319747924805
17.42096710205078 5.720914840698242 -0.38742685317993164
17.052024841308594 6.857913970947266 -0.34612226486206055
16.996395111083984 7.941505432128906 -0.32053709030151367
17.015960693359375 9.189531326293945 -0.3191671371459961
16.998027801513672 10.322509765625 -0.3247189521789551
17.013389587402344 11.430147171020508 -0.33437538146972656
16.98049545288086 12.56252670288086 -0.352170467376709
16.95709991455078 13.6827392578125 -0.36428117752075195
16.9285888671875 14.803852081298828 -0.3678154945373535

2
12.325370788574219 14.802108764648438 -0.33585643768310547
12.294078826904297 11.470287322998047 -0.34320926666259766
12.216567993164062 8.167831420898438 -0.3238077163696289
11.479644775390625 5.3057098388671875 -0.41590356826782227
8.000991821289062 5.037712097167969 -0.39441537857055664
4.597064971923828 5.025974273681641 -0.3865647315979004
1.2168350219726562 5.028303146362305 -0.3807191848754883
-2.0703086853027344 5.045061111450195 -0.3736295700073242
-5.474130630493164 5.059640884399414 -0.3741273880004883
-8.911018371582031 5.073720932006836 -0.3641791343688965
-12.050874710083008 5.056613922119141 -0.3673253059387207
-15.396761894226074 4.998830795288086 -0.39194154739379883
-18.815025329589844 4.934469223022461 -0.40802764892578125
-21.942249298095703 4.6224822998046875 -0.3991384506225586
-24.45781135559082 3.0358619689941406 -0.3594517707824707
-26.63819694519043 3.5722007751464844 -0.3338446617126465
-28.646448135375977 6.11054801940918 -0.3963351249694824
-28.216815948486328 8.269763946533203 -0.38790225982666016
-28.128067016601562 11.45981216430664 -0.4658684730529785
-28.237396240234375 14.789789199829102 -0.46706151962280273

1
-29.882932662963867 4.777950286865234 -0.3078131675720215
-29.35710334777832 4.755043029785156 -0.3012685775756836
-28.876392364501953 4.783903121948242 -0.300382137298584
-28.38848876953125 4.735614776611328 -0.3023500442504883
-27.946048736572266 4.7637939453125 -0.30759477615356445
-27.576677322387695 4.897113800048828 -0.31325244903564453
-27.39026641845703 5.242101669311523 -0.31644201278686523
-27.556398391723633 5.923114776611328 -0.3175950050354004
-27.44004249572754 6.433811187744141 -0.33081912994384766
-27.4320068359375 6.8610687255859375 -0.33194494247436523
-27.49220848083496 7.318452835083008 -0.3436136245727539
-27.17724609375 7.725236892700195 -0.3527402877807617
-27.103900909423828 8.408391952514648 -0.3704957962036133
-27.31322479248047 9.045196533203125 -0.37194347381591797
-27.515472412109375 9.312614440917969 -0.3711514472961426
-27.92273712158203 9.532388687133789 -0.3712034225463867
-28.266828536987305 9.535282135009766 -0.3697071075439453
-28.746456146240234 9.500341415405273 -0.3661956787109375
-29.266725540161133 9.493602752685547 -0.36465883255004883
-29.889522552490234 9.42015266418457 -0.35503339767456055

2
29.859359741210938 -2.4878835678100586 -0.37998533248901367
26.51702880859375 -2.487002372741699 -0.3627128601074219
23.13141632080078 -2.540156364440918 -0.3794116973876953
19.52157974243164 -2.579418182373047 -0.3567624092102051
15.814567565917969 -2.5983448028564453 -0.3440542221069336
12.215290069580078 -2.6120290756225586 -0.3251504898071289
8.695518493652344 -2.630457878112793 -0.3148961067199707
4.885799407958984 -2.668140411376953 -0.30884838104248047
1.3484992980957031 -2.69260311126709 -0.30252790451049805
-1.9488601684570312 -2.7078657150268555 -0.2907862663269043
-5.714872360229492 -2.7548913955688477 -0.28826284408569336
-9.57438850402832 -2.7287845611572266 -0.2953352928161621
-13.09614372253418 -2.7859439849853516 -0.3036518096923828
-16.851736068725586 -2.7817916870117188 -0.3161635398864746
-20.427459716796875 -2.7984352111816406 -0.3166022300720215
-24.478843688964844 -2.7376317977905273 -0.33327150344848633
-27.23366928100586 -4.2503814697265625 -0.2557864189147949
-27.823070526123047 -7.716846466064453 -0.18803119659423828
-27.962955474853516 -11.184816360473633 -0.08418083190917969
-28.035888671875 -14.80302619934082 0.04028177261352539

1
-29.732038497924805 -9.213216781616211 -0.04265451431274414
-28.38510513305664 -9.077238082885742 -0.06428813934326172
-27.453693389892578 -8.530546188354492 -0.09906959533691406
-26.70237922668457 -6.049793243408203 -0.1643986701965332
-25.48866081237793 -4.968788146972656 -0.18434476852416992
-24.262296676635742 -4.46173095703125 -0.18361139297485352
-22.834938049316406 -3.6707468032836914 -0.1910405158996582
-22.336471557617188 -1.756246566772461 -0.23179054260253906
-22.445999145507812 0.2370748519897461 -0.2828078269958496
-22.256681442260742 1.839162826538086 -0.33992815017700195
-22.39068031311035 3.6955127716064453 -0.37068891525268555
-24.04583740234375 4.523307800292969 -0.3664875030517578
-26.100595474243164 4.722026824951172 -0.3288288116455078
-27.118350982666016 4.376901626586914 -0.30495166778564453
-27.414989471435547 2.3368568420410156 -0.2700963020324707
-27.19016456604004 0.37949657440185547 -0.26873254776000977
-27.28182601928711 -1.3313217163085938 -0.23333740234375
-27.472566604614258 -3.4548234939575195 -0.2218303680419922
-27.945390701293945 -4.33544921875 -0.200225830078125
-29.736059188842773 -4.443737030029297 -0.2160053253173828

