2
29.807907104492188 5.299114227294922 -0.38613414764404297
28.694622039794922 5.307491302490234 -0.38338804244995117
27.570465087890625 5.3058929443359375 -0.3916168212890625
26.35207748413086 5.306129455566406 -0.393463134765625
25.1529541015625 5.296741485595703 -0.3957061767578125
24.038360595703125 5.290933609008789 -0.3925943374633789
22.9249267578125 5.280845642089844 -0.40108823776245117
21.7427978515625 5.257696151733398 -0.40634822845458984
20.67745590209961 5.245992660522461 -0.40535688400268555
19.27965545654297 5.221368789672852 -0.40616321563720703
18.104537963867188 5.241689682006836 -0.4053068161010742
17.13495635986328 5.620662689208984 -0.38877296447753906
16.668106079101562 6.68470573425293 -0.35274362564086914
16.612041473388672 7.815643310546875 -0.3224201202392578
16.613914489746094 9.077861785888672 -0.3212733268737793
16.570594787597656 10.245849609375 -0.3263392448425293
16.564117431640625 11.302188873291016 -0.3368997573852539
16.594993591308594 12.519479751586914 -0.3556995391845703
16.550628662109375 13.652517318725586 -0.36654138565063477
16.606155395507812 14.806087493896484 -0.3671841621398926

1
-29.893213272094727 4.757761001586914 -0.3254823684692383
-29.43594741821289 4.725982666015625 -0.31668806076049805
-28.967273712158203 4.759389877319336 -0.3216075897216797
-28.543567657470703 4.740993499755859 -0.3229246139526367
-28.1573543548584 4.793601989746094 -0.32857561111450195
-27.799888610839844 4.987062454223633 -0.33655691146850586
-27.718481063842773 5.3500823974609375 -0.3339347839355469
-27.91759490966797 6.055797576904297 -0.3330116271972656
-27.740127563476562 6.504777908325195 -0.34649038314819336
-27.694488525390625 6.882352828979492 -0.3559575080871582
-27.812768936157227 7.314266204833984 -0.36678075790405273
-27.578845977783203 7.716575622558594 -0.37172985076904297
-27.393861770629883 8.299266815185547 -0.38428258895874023
-27.558320999145508 8.984687805175781 -0.3933415412902832
-27.72962188720703 9.312973022460938 -0.3925771713256836
-28.057456970214844 9.500152587890625 -0.39571571350097656
-28.397096633911133 9.498178482055664 -0.39446353912353516
-28.805622100830078 9.517894744873047 -0.3939661979675293
-29.287124633789062 9.489900588989258 -0.3928389549255371
-29.887964248657227 9.404426574707031 -0.38443470001220703

2
29.858810424804688 -2.465542793273926 -0.3454599380493164
26.475440979003906 -2.468881607055664 -0.33971214294433594
23.043094635009766 -2.526193618774414 -0.35753393173217773
19.426223754882812 -2.5609216690063477 -0.33612918853759766
15.655189514160156 -2.5839061737060547 -0.32669496536254883
12.007110595703125 -2.595597267150879 -0.3127017021179199
8.487556457519531 -2.625643730163574 -0.30548810958862305
4.726802825927734 -2.66475772857666 -0.30111169815063477
1.1023731231689453 -2.68843936920166 -0.30006980895996094
-2.3290576934814453 -2.7146263122558594 -0.2919440269470215
-6.021829605102539 -2.7453079223632812 -0.290651798248291
-9.890789031982422 -2.726144790649414 -0.30067873001098633
-13.398595809936523 -2.7836523056030273 -0.3110485076904297
-17.170337677001953 -2.7863292694091797 -0.3259859085083008
-20.786985397338867 -2.802034378051758 -0.32898902893066406
-24.819843292236328 -2.7601823806762695 -0.34935569763183594
-27.44565773010254 -4.176508903503418 -0.27312374114990234
-28.199491500854492 -7.557460784912109 -0.19357919692993164
-28.299659729003906 -11.103890419006348 -0.08951616287231445
-28.422840118408203 -14.806326866149902 0.03397703170776367

2
12.082923889160156 14.808954238891602 -0.3493795394897461
11.976215362548828 11.586669921875 -0.35674619674682617
11.814285278320312 8.295526504516602 -0.3336911201477051
11.089614868164062 5.336036682128906 -0.4065728187561035
7.706260681152344 5.074901580810547 -0.3895854949951172
4.324314117431641 5.04566764831543 -0.3949127197265625
0.9732742309570312 5.034248352050781 -0.39081478118896484
-2.2009925842285156 5.047889709472656 -0.38587331771850586
-5.740333557128906 5.063823699951172 -0.38424015045166016
-9.110361099243164 5.0770263671875 -0.38028860092163086
-12.377765655517578 5.04039192199707 -0.38535022735595703
-15.684555053710938 4.998296737670898 -0.41021251678466797
-19.20029640197754 4.929588317871094 -0.42805004119873047
-22.21452522277832 4.652013778686523 -0.4234151840209961
-24.797700881958008 3.0440139770507812 -0.37956905364990234
-26.875144958496094 3.5984573364257812 -0.3526463508605957
-28.849166870117188 5.965604782104492 -0.41329240798950195
-28.550193786621094 8.133293151855469 -0.40706300735473633
-28.601282119750977 11.36280632019043 -0.48403024673461914
-28.52379035949707 14.781539916992188 -0.4859433174133301

1
-29.75935173034668 -9.251876831054688 -0.056624412536621094
-28.4663143157959 -9.067912101745605 -0.07642412185668945
-27.54501724243164 -8.37485408782959 -0.11651754379272461
-26.816713333129883 -5.937312126159668 -0.17910337448120117
-25.720468521118164 -4.922263145446777 -0.19330692291259766
-24.418514251708984 -4.4031782150268555 -0.19643402099609375
-23.069366455078125 -3.6323089599609375 -0.2042536735534668
-22.76957130432129 -1.5080862045288086 -0.25156402587890625
-22.831008911132812 0.35965919494628906 -0.30197954177856445
-22.62476348876953 1.8269805908203125 -0.3555283546447754
-22.71776008605957 3.643268585205078 -0.39327049255371094
-24.442583084106445 4.442678451538086 -0.38468408584594727
-26.402618408203125 4.709062576293945 -0.34899187088012695
-27.339649200439453 4.488250732421875 -0.33077383041381836
-27.850570678710938 2.5926761627197266 -0.29772090911865234
-27.547348022460938 0.5509634017944336 -0.2944202423095703
-27.643869400024414 -1.1700935363769531 -0.2632598876953125
-27.678308486938477 -3.209360122680664 -0.2440166473388672
-28.29848861694336 -4.291536331176758 -0.2205362319946289
-29.80113410949707 -4.417634010314941 -0.2397923469543457

