2
29.806747436523438 5.302001953125 -0.3765134811401367
28.660171508789062 5.314691543579102 -0.37524843215942383
27.53964614868164 5.312253952026367 -0.38272666931152344
26.292617797851562 5.310874938964844 -0.38767099380493164
25.078941345214844 5.306896209716797 -0.3900485038757324
23.947505950927734 5.296834945678711 -0.38831090927124023
22.78109359741211 5.281255722045898 -0.396547794342041
21.618885040283203 5.263235092163086 -0.40278053283691406
20.463985443115234 5.2425994873046875 -0.40591955184936523
19.079273223876953 5.216806411743164 -0.4044046401977539
17.85504150390625 5.218973159790039 -0.40817975997924805
16.82037353515625 5.479326248168945 -0.39558982849121094
16.281768798828125 6.573457717895508 -0.36580848693847656
16.18365478515625 7.687189102172852 -0.3334383964538574
16.147762298583984 8.976591110229492 -0.3297581672668457
16.097957611083984 10.185335159301758 -0.3342270851135254
16.11920166015625 11.209098815917969 -0.3484992980957031
16.14881134033203 12.501239776611328 -0.3664255142211914
16.109485626220703 13.64238166809082 -0.3772740364074707
16.105998992919922 14.807374954223633 -0.3755917549133301

1
-29.9075927734375 4.778911590576172 -0.3369297981262207
-29.548377990722656 4.737510681152344 -0.3278541564941406
-29.157257080078125 4.820226669311523 -0.3461575508117676
-28.87296485900879 4.827054977416992 -0.34880781173706055
-28.595691680908203 4.914613723754883 -0.35211706161499023
-28.38238525390625 5.222225189208984 -0.3545713424682617
-28.408756256103516 5.7080535888671875 -0.3510613441467285
-28.441865921020508 6.102479934692383 -0.35889720916748047
-28.32341194152832 6.520999908447266 -0.36753368377685547
-28.32855987548828 6.935567855834961 -0.38504505157470703
-28.36214828491211 7.32213020324707 -0.3931236267089844
-28.380739212036133 7.598003387451172 -0.3960247039794922
-28.167346954345703 8.132072448730469 -0.40741729736328125
-28.243648529052734 8.728452682495117 -0.4158444404602051
-28.288713455200195 9.181097030639648 -0.42153167724609375
-28.526187896728516 9.431180953979492 -0.4201631546020508
-28.758872985839844 9.476070404052734 -0.42504405975341797
-29.01639747619629 9.539318084716797 -0.42365074157714844
-29.37840461730957 9.486474990844727 -0.42420339584350586
-29.893335342407227 9.50433349609375 -0.41852283477783203

2
29.865436553955078 -2.482974052429199 -0.3235158920288086
26.504497528076172 -2.48492431640625 -0.323763370513916
22.988662719726562 -2.53594970703125 -0.3397536277770996
19.370121002197266 -2.5642404556274414 -0.3211226463317871
15.551074981689453 -2.5887794494628906 -0.3157672882080078
11.894657135009766 -2.5999526977539062 -0.30471277236938477
8.34420394897461 -2.632369041442871 -0.29981184005737305
4.651481628417969 -2.675215721130371 -0.29932451248168945
0.874664306640625 -2.7079925537109375 -0.2998085021972656
-2.600790023803711 -2.7371463775634766 -0.29167604446411133
-6.271520614624023 -2.7682371139526367 -0.29128456115722656
-10.11594009399414 -2.7583236694335938 -0.3025193214416504
-13.689029693603516 -2.799199104309082 -0.314516544342041
-17.510881423950195 -2.788532257080078 -0.3289823532104492
-21.047935485839844 -2.799633026123047 -0.3399314880371094
-25.041744232177734 -2.717299461364746 -0.36255311965942383
-27.611600875854492 -4.049857139587402 -0.28900671005249023
-28.442277908325195 -7.404813766479492 -0.19960737228393555
-28.481840133666992 -11.162290573120117 -0.0922079086303711
-28.717636108398438 -14.808491706848145 0.02785348892211914

1
-29.80612564086914 -9.19601058959961 -0.06258106231689453
-28.614299774169922 -8.979318618774414 -0.07724428176879883
-27.67898178100586 -8.02353286743164 -0.1269841194152832
-27.088857650756836 -5.803535461425781 -0.18620586395263672
-25.94762420654297 -4.827038764953613 -0.1954941749572754
-24.705093383789062 -4.3068037033081055 -0.20160484313964844
-23.403648376464844 -3.583218574523926 -0.21402788162231445
-23.1778564453125 -1.480661392211914 -0.2634587287902832
-23.282867431640625 0.35909461975097656 -0.318117618560791
-23.056867599487305 1.8734970092773438 -0.3675351142883301
-23.14940643310547 3.6633853912353516 -0.4102602005004883
-24.908100128173828 4.393215179443359 -0.4050302505493164
-26.743528366088867 4.721002578735352 -0.3716874122619629
-27.645936965942383 4.618772506713867 -0.3577737808227539
-28.306955337524414 2.7899169921875 -0.3206825256347656
-28.1072940826416 0.7472829818725586 -0.3054652214050293
-28.01434326171875 -0.793177604675293 -0.2818741798400879
-28.06401252746582 -2.7978382110595703 -0.2574644088745117
-28.550518035888672 -4.187456130981445 -0.24084043502807617
-29.854259490966797 -4.393929481506348 -0.25109434127807617

2
11.512092590332031 14.807931900024414 -0.352386474609375
11.43606948852539 11.922500610351562 -0.3628244400024414
11.335952758789062 9.230648040771484 -0.34054088592529297
11.073280334472656 6.605384826660156 -0.37441587448120117
9.298965454101562 5.0704803466796875 -0.38936805725097656
6.350135803222656 5.065179824829102 -0.4004831314086914
3.6419219970703125 5.051795959472656 -0.3984866142272949
0.7801589965820312 5.062530517578125 -0.39800596237182617
-1.9807701110839844 5.044849395751953 -0.39845800399780273
-4.793830871582031 5.07280158996582 -0.4061098098754883
-7.432746887207031 5.0867156982421875 -0.39881181716918945
-10.070730209350586 5.062492370605469 -0.40787696838378906
-12.995952606201172 5.05657958984375 -0.41552019119262695
-15.554357528686523 5.05029296875 -0.42412710189819336
-18.337621688842773 4.9632720947265625 -0.4383540153503418
-21.124374389648438 4.840675354003906 -0.44516420364379883
-23.64129638671875 3.9994945526123047 -0.4191703796386719
-25.575817108154297 3.1217613220214844 -0.3933095932006836
-27.520652770996094 3.6468429565429688 -0.3805718421936035
-29.85094451904297 5.13084602355957 -0.40006589889526367

2
-29.145198822021484 14.80528450012207 -0.5421857833862305
-28.998140335083008 14.499246597290039 -0.5586585998535156
-29.083707809448242 14.118217468261719 -0.5569090843200684
-29.099897384643555 13.656991958618164 -0.5609021186828613
-29.10894012451172 13.301435470581055 -0.5606541633605957
-29.20366096496582 12.894771575927734 -0.5424408912658691
-29.156116485595703 12.59107780456543 -0.5494799613952637
-29.211484909057617 12.05174446105957 -0.542198657989502
-29.21381950378418 11.876493453979492 -0.5445270538330078
-29.27193260192871 11.388505935668945 -0.5375666618347168
-29.214397430419922 10.90156364440918 -0.5149250030517578
-29.160249710083008 10.550653457641602 -0.5066618919372559
-29.163408279418945 10.118265151977539 -0.49477386474609375
-29.172054290771484 9.829950332641602 -0.47170114517211914
-29.209224700927734 9.562694549560547 -0.4762434959411621
-29.219959259033203 9.097116470336914 -0.47096776962280273
-29.313650131225586 8.682779312133789 -0.4746522903442383
-29.502721786499023 8.510154724121094 -0.4578895568847656
-29.668642044067383 8.351491928100586 -0.4505124092102051
-29.960657119750977 8.065570831298828 -0.4408869743347168

