2
29.80942153930664 5.304466247558594 -0.3768763542175293
28.617023468017578 5.319286346435547 -0.3764915466308594
27.466472625732422 5.31745719909668 -0.38442134857177734
26.21630859375 5.309978485107422 -0.3906893730163574
24.989078521728516 5.320341110229492 -0.3934502601623535
23.801624298095703 5.311491012573242 -0.3925657272338867
22.580493927001953 5.293397903442383 -0.3990163803100586
21.44268035888672 5.277555465698242 -0.40578794479370117
20.17467498779297 5.258359909057617 -0.4101738929748535
18.822158813476562 5.238368988037109 -0.4047117233276367
17.505992889404297 5.242610931396484 -0.40880441665649414
16.54651641845703 5.355293273925781 -0.4012579917907715
15.727226257324219 6.33751106262207 -0.3782167434692383
15.62039566040039 7.58275032043457 -0.34105777740478516
15.63406753540039 8.859050750732422 -0.3355860710144043
15.603713989257812 10.063051223754883 -0.3394966125488281
15.6134033203125 11.138818740844727 -0.3516726493835449
15.609825134277344 12.418046951293945 -0.3700394630432129
15.602012634277344 13.61965560913086 -0.38295650482177734
15.503772735595703 14.796148300170898 -0.38591575622558594

2
29.855628967285156 -2.4749231338500977 -0.31730222702026367
26.479846954345703 -2.4791078567504883 -0.31831836700439453
22.925506591796875 -2.5311098098754883 -0.33498430252075195
19.312244415283203 -2.559915542602539 -0.3161630630493164
15.502197265625 -2.586880683898926 -0.3118753433227539
11.879745483398438 -2.5953969955444336 -0.3009781837463379
8.277469635009766 -2.6250572204589844 -0.2967376708984375
4.556175231933594 -2.665114402770996 -0.29761505126953125
0.7874279022216797 -2.698239326477051 -0.29813480377197266
-2.736347198486328 -2.7211666107177734 -0.28835153579711914
-6.38047981262207 -2.74582576751709 -0.2891812324523926
-10.206571578979492 -2.742070198059082 -0.3006782531738281
-13.805362701416016 -2.7754249572753906 -0.3136296272277832
-17.70642852783203 -2.7664899826049805 -0.3279547691345215
-21.222705841064453 -2.785342216491699 -0.34119606018066406
-25.124433517456055 -2.689420700073242 -0.3656167984008789
-27.70224380493164 -3.9632978439331055 -0.291933536529541
-28.505943298339844 -7.38088846206665 -0.19883060455322266
-28.548423767089844 -11.168265342712402 -0.09260320663452148
-28.788070678710938 -14.808619499206543 0.024239063262939453

1
-29.91497802734375 4.780082702636719 -0.3498497009277344
-29.61973762512207 4.7742462158203125 -0.33929967880249023
-29.263620376586914 4.864765167236328 -0.35805797576904297
-29.046737670898438 4.898914337158203 -0.3598666191101074
-28.83414649963379 5.062639236450195 -0.3696112632751465
-28.696372985839844 5.42106819152832 -0.3648648262023926
-28.763858795166016 5.832279205322266 -0.3633913993835449
-28.799156188964844 6.208845138549805 -0.3705172538757324
-28.701539993286133 6.586732864379883 -0.38119983673095703
-28.793380737304688 7.00849723815918 -0.40157032012939453
-28.828147888183594 7.3263702392578125 -0.41141700744628906
-28.87530517578125 7.490575790405273 -0.41615724563598633
-28.719852447509766 8.028068542480469 -0.42763471603393555
-28.699298858642578 8.592697143554688 -0.429105281829834
-28.737802505493164 9.035003662109375 -0.4382205009460449
-28.898456573486328 9.346220016479492 -0.43750810623168945
-29.035959243774414 9.467472076416016 -0.4435734748840332
-29.208101272583008 9.573732376098633 -0.43861961364746094
-29.49645233154297 9.50517463684082 -0.43837833404541016
-29.904569625854492 9.536518096923828 -0.4389047622680664

1
-29.816617965698242 -9.165557861328125 -0.060111045837402344
-28.69997787475586 -8.91693115234375 -0.07725048065185547
-27.803482055664062 -7.882105350494385 -0.12997817993164062
-27.160648345947266 -5.6579437255859375 -0.18463563919067383
-26.089916229248047 -4.755450248718262 -0.19913101196289062
-24.91783905029297 -4.2646331787109375 -0.20434188842773438
-23.67958641052246 -3.413005828857422 -0.22089815139770508
-23.456851959228516 -1.4712448120117188 -0.26950836181640625
-23.552066802978516 0.43109893798828125 -0.3217887878417969
-23.298879623413086 1.9790534973144531 -0.37389278411865234
-23.417648315429688 3.7278709411621094 -0.41568803787231445
-25.180763244628906 4.384098052978516 -0.4141230583190918
-26.93241310119629 4.694864273071289 -0.384768009185791
-27.86861228942871 4.6619110107421875 -0.3745584487915039
-28.491544723510742 2.983978271484375 -0.3352327346801758
-28.4421329498291 1.0128173828125 -0.31527233123779297
-28.29060173034668 -0.6750993728637695 -0.28458738327026367
-28.38330078125 -2.5142221450805664 -0.2569389343261719
-28.710214614868164 -4.077878952026367 -0.2443981170654297
-29.879507064819336 -4.370560646057129 -0.2558274269104004

2
11.068290710449219 14.805131912231445 -0.3668403625488281
10.977256774902344 11.99726676940918 -0.3657398223876953
10.804927825927734 9.346321105957031 -0.3466224670410156
10.710575103759766 6.78459358215332 -0.37405824661254883
9.074424743652344 5.095863342285156 -0.39324474334716797
6.257999420166016 5.083036422729492 -0.40662431716918945
3.5417709350585938 5.0736236572265625 -0.401608943939209
0.7221431732177734 5.072227478027344 -0.40218210220336914
-2.0154991149902344 5.04591178894043 -0.40412425994873047
-4.829397201538086 5.072320938110352 -0.41408586502075195
-7.436822891235352 5.08305549621582 -0.4054298400878906
-10.105911254882812 5.063453674316406 -0.4143104553222656
-13.055929183959961 5.059770584106445 -0.4189305305480957
-15.589452743530273 5.068103790283203 -0.43242311477661133
-18.274391174316406 4.980445861816406 -0.447601318359375
-21.066917419433594 4.878366470336914 -0.4559907913208008
-23.429550170898438 4.313165664672852 -0.43595457077026367
-25.450733184814453 3.111173629760742 -0.40231943130493164
-27.48546028137207 3.543590545654297 -0.3917112350463867
-29.841205596923828 4.935565948486328 -0.39911460876464844

2
-29.119550704956055 14.799722671508789 -0.5590882301330566
-28.992090225219727 14.501348495483398 -0.5774393081665039
-29.084491729736328 14.136245727539062 -0.5723042488098145
-29.11439323425293 13.708375930786133 -0.5771780014038086
-29.11942481994629 13.351322174072266 -0.5825448036193848
-29.195716857910156 12.982023239135742 -0.5608096122741699
-29.163501739501953 12.69868278503418 -0.5638928413391113
-29.214662551879883 12.276788711547852 -0.567406177520752
-29.23887825012207 11.987924575805664 -0.567263126373291
-29.287931442260742 11.594552993774414 -0.5637216567993164
-29.22757339477539 11.077703475952148 -0.547335147857666
-29.201011657714844 10.778730392456055 -0.5362725257873535
-29.227821350097656 10.298788070678711 -0.5160036087036133
-29.23164939880371 9.9613037109375 -0.5047731399536133
-29.235748291015625 9.711139678955078 -0.5029282569885254
-29.261526107788086 9.170623779296875 -0.5033087730407715
-29.352628707885742 8.800031661987305 -0.5033168792724609
-29.555906295776367 8.581144332885742 -0.4903392791748047
-29.702980041503906 8.43478012084961 -0.4755210876464844
-29.963134765625 8.180763244628906 -0.4658474922180176

