2
29.811710357666016 5.279548645019531 -0.3719511032104492
28.59247589111328 5.286962509155273 -0.3718714714050293
27.417049407958984 5.2830047607421875 -0.38060855865478516
26.163928985595703 5.275480270385742 -0.3860292434692383
24.917278289794922 5.291023254394531 -0.3877754211425781
23.687870025634766 5.2884979248046875 -0.3882579803466797
22.453903198242188 5.277631759643555 -0.3929896354675293
21.31224822998047 5.254051208496094 -0.3992500305175781
19.98697280883789 5.248603820800781 -0.4064369201660156
18.65524673461914 5.224214553833008 -0.3998994827270508
17.321388244628906 5.228275299072266 -0.40485191345214844
16.31726837158203 5.305885314941406 -0.3979668617248535
15.370292663574219 6.1998443603515625 -0.37792158126831055
15.215225219726562 7.472068786621094 -0.3403902053833008
15.197120666503906 8.731134414672852 -0.3342318534851074
15.193946838378906 9.935091018676758 -0.33742332458496094
15.187583923339844 11.050153732299805 -0.3493051528930664
15.112842559814453 12.395925521850586 -0.36621618270874023
15.085208892822266 13.622190475463867 -0.3791646957397461
14.981586456298828 14.795650482177734 -0.3818998336791992

2
10.604927062988281 14.806884765625 -0.3727555274963379
10.530105590820312 12.063070297241211 -0.3713250160217285
10.35107421875 9.479818344116211 -0.3458433151245117
10.296302795410156 6.837480545043945 -0.37160253524780273
8.731559753417969 5.079652786254883 -0.3932662010192871
6.03826904296875 5.060344696044922 -0.4079008102416992
3.3148727416992188 5.046772003173828 -0.4009437561035156
0.5315628051757812 5.046241760253906 -0.4025115966796875
-2.1561241149902344 5.026069641113281 -0.4046015739440918
-4.926530838012695 5.063388824462891 -0.4167160987854004
-7.51948356628418 5.072736740112305 -0.4055938720703125
-10.173015594482422 5.058650970458984 -0.414492130279541
-13.108713150024414 5.072023391723633 -0.4170222282409668
-15.603872299194336 5.086938858032227 -0.43064117431640625
-18.37488555908203 4.999486923217773 -0.44694042205810547
-21.100685119628906 4.926952362060547 -0.4580707550048828
-23.39019775390625 4.53271484375 -0.44280052185058594
-25.461095809936523 3.1644134521484375 -0.4056210517883301
-27.52771759033203 3.494699478149414 -0.39536046981811523
-29.843435287475586 4.554302215576172 -0.4017791748046875

1
-29.832229614257812 -9.226318359375 -0.05905294418334961
-28.868371963500977 -8.875555038452148 -0.08033275604248047
-27.9649600982666 -7.528445720672607 -0.13894081115722656
-27.36907386779785 -5.481658935546875 -0.18921709060668945
-26.224393844604492 -4.63623046875 -0.19802141189575195
-25.14542579650879 -4.221574783325195 -0.2063274383544922
-23.899864196777344 -3.2549638748168945 -0.22374725341796875
-23.691104888916016 -1.2894468307495117 -0.268218994140625
-23.865577697753906 0.46613216400146484 -0.32179784774780273
-23.643203735351562 2.0388927459716797 -0.37515926361083984
-23.70713233947754 3.8269824981689453 -0.41826581954956055
-25.401691436767578 4.410655975341797 -0.4182262420654297
-27.1732234954834 4.749179840087891 -0.39148378372192383
-28.058809280395508 4.7177581787109375 -0.38204240798950195
-28.67584991455078 3.2339839935302734 -0.34140443801879883
-28.676685333251953 1.3837699890136719 -0.3210587501525879
-28.586814880371094 -0.3272409439086914 -0.2931685447692871
-28.69731903076172 -2.1529788970947266 -0.2615528106689453
-28.893310546875 -3.9463062286376953 -0.24530315399169922
-29.903867721557617 -4.408614158630371 -0.25520849227905273

2
29.852630615234375 -2.5034732818603516 -0.311704158782959
26.455928802490234 -2.4977903366088867 -0.3174290657043457
22.822547912597656 -2.5546016693115234 -0.3334512710571289
19.259822845458984 -2.5714454650878906 -0.31408214569091797
15.451148986816406 -2.5930471420288086 -0.31012392044067383
11.8372802734375 -2.595521926879883 -0.30159473419189453
8.133857727050781 -2.6191015243530273 -0.29767417907714844
4.38409423828125 -2.6637563705444336 -0.29918479919433594
0.5764274597167969 -2.6917638778686523 -0.3015866279602051
-3.2158451080322266 -2.726917266845703 -0.2884368896484375
-6.811899185180664 -2.749150276184082 -0.28997087478637695
-10.584978103637695 -2.7535877227783203 -0.2965373992919922
-14.25289535522461 -2.7850704193115234 -0.3130826950073242
-18.100086212158203 -2.7767601013183594 -0.3270454406738281
-21.569419860839844 -2.7789812088012695 -0.3438282012939453
-25.427566528320312 -2.7060956954956055 -0.37330007553100586
-27.95671272277832 -3.9152164459228516 -0.3084602355957031
-28.80238914489746 -7.5299811363220215 -0.19820547103881836
-28.81407928466797 -11.171806335449219 -0.08519983291625977
-29.01276969909668 -14.814851760864258 0.028932571411132812

1
-29.927406311035156 4.807350158691406 -0.3562650680541992
-29.68159294128418 4.815126419067383 -0.34441614151000977
-29.38640785217285 4.91547966003418 -0.362424373626709
-29.20054817199707 5.009065628051758 -0.3658432960510254
-29.047378540039062 5.190114974975586 -0.37398290634155273
-28.965030670166016 5.668033599853516 -0.36823129653930664
-29.06203842163086 5.982494354248047 -0.36789798736572266
-29.09497833251953 6.3475799560546875 -0.37326717376708984
-29.00868797302246 6.770177841186523 -0.3904085159301758
-29.1192569732666 7.0805511474609375 -0.40595197677612305
-29.148662567138672 7.334421157836914 -0.41345834732055664
-29.14457130432129 7.508083343505859 -0.4226722717285156
-29.114442825317383 7.9670562744140625 -0.4297451972961426
-29.132116317749023 8.452642440795898 -0.43498897552490234
-29.070714950561523 8.880788803100586 -0.44300317764282227
-29.189870834350586 9.257539749145508 -0.4457511901855469
-29.27722930908203 9.439764022827148 -0.4513888359069824
-29.39185905456543 9.549165725708008 -0.44357728958129883
-29.609830856323242 9.505256652832031 -0.4422168731689453
-29.918567657470703 9.555509567260742 -0.4447746276855469

2
-29.267745971679688 14.78950309753418 -0.5675215721130371
-29.112810134887695 14.495676040649414 -0.5886631011962891
-29.21160316467285 14.144176483154297 -0.5818753242492676
-29.244478225708008 13.762407302856445 -0.5846991539001465
-29.22950553894043 13.415618896484375 -0.5914921760559082
-29.289806365966797 13.080692291259766 -0.5705127716064453
-29.242610931396484 12.822515487670898 -0.5695834159851074
-29.31110191345215 12.467954635620117 -0.5721979141235352
-29.364471435546875 12.12759780883789 -0.5703339576721191
-29.391931533813477 11.761848449707031 -0.56488037109375
-29.36219596862793 11.305057525634766 -0.5519280433654785
-29.311674118041992 10.918998718261719 -0.5405244827270508
-29.332685470581055 10.502815246582031 -0.5144038200378418
-29.368938446044922 10.154136657714844 -0.5097579956054688
-29.335229873657227 9.856939315795898 -0.5126466751098633
-29.36759376525879 9.278217315673828 -0.5141186714172363
-29.434856414794922 8.885190963745117 -0.5144743919372559
-29.613542556762695 8.691095352172852 -0.5009522438049316
-29.742956161499023 8.541614532470703 -0.4813861846923828
-29.963850021362305 8.31525993347168 -0.47224855422973633

