2
29.81420135498047 5.255023956298828 -0.3702688217163086
28.5704345703125 5.261266708374023 -0.37079572677612305
27.371692657470703 5.257745742797852 -0.3802633285522461
26.10504913330078 5.246538162231445 -0.3860664367675781
24.85016632080078 5.264240264892578 -0.3873562812805176
23.56265640258789 5.256387710571289 -0.3896150588989258
22.304004669189453 5.250635147094727 -0.3931889533996582
21.159786224365234 5.230365753173828 -0.39969444274902344
19.767601013183594 5.225978851318359 -0.40821027755737305
18.43640899658203 5.201875686645508 -0.4001622200012207
17.04214096069336 5.211946487426758 -0.4052248001098633
16.002304077148438 5.267206192016602 -0.39736318588256836
14.972587585449219 6.036945343017578 -0.3812680244445801
14.751262664794922 7.354658126831055 -0.3429079055786133
14.747154235839844 8.649040222167969 -0.3341078758239746
14.78543472290039 9.846561431884766 -0.3377518653869629
14.760173797607422 10.9466552734375 -0.35109806060791016
14.669921875 12.349308013916016 -0.36467742919921875
14.598087310791016 13.624691009521484 -0.3795356750488281
14.603275299072266 14.808511734008789 -0.38105058670043945

2
10.02994155883789 14.800893783569336 -0.3667917251586914
10.000328063964844 12.129816055297852 -0.3685874938964844
9.892486572265625 9.546052932739258 -0.34371519088745117
9.941104888916016 6.971677780151367 -0.3729214668273926
8.440120697021484 5.081676483154297 -0.3941502571105957
5.788600921630859 5.06218147277832 -0.4057130813598633
3.0471115112304688 5.0471649169921875 -0.39462995529174805
0.2911834716796875 5.035974502563477 -0.39546680450439453
-2.381673812866211 5.011327743530273 -0.3967156410217285
-5.051494598388672 5.044788360595703 -0.40648698806762695
-7.6039886474609375 5.0527801513671875 -0.3932623863220215
-10.244831085205078 5.035552978515625 -0.4021477699279785
-13.116836547851562 5.056575775146484 -0.40558815002441406
-15.635965347290039 5.0726776123046875 -0.4160342216491699
-18.396141052246094 5.00560188293457 -0.4333515167236328
-21.07840347290039 4.95384407043457 -0.44573545455932617
-23.374691009521484 4.717336654663086 -0.43732690811157227
-25.403831481933594 3.1604461669921875 -0.3961334228515625
-27.4741268157959 3.220409393310547 -0.3793349266052246
-29.835948944091797 4.0312957763671875 -0.3868532180786133

1
-29.868831634521484 -9.088293075561523 -0.06677865982055664
-29.218027114868164 -8.691977500915527 -0.09424018859863281
-28.508352279663086 -6.637589454650879 -0.14072847366333008
-27.825864791870117 -5.019040107727051 -0.19571733474731445
-26.681697845458984 -4.4857940673828125 -0.19908952713012695
-25.437816619873047 -4.038006782531738 -0.21668291091918945
-24.492650985717773 -2.9666643142700195 -0.2314748764038086
-24.179397583007812 -1.0457172393798828 -0.2691802978515625
-24.411243438720703 0.507359504699707 -0.31801700592041016
-24.193096160888672 2.0619564056396484 -0.36147022247314453
-24.396635055541992 3.8140907287597656 -0.40303707122802734
-25.919574737548828 4.374576568603516 -0.40509939193725586
-27.617616653442383 4.709680557250977 -0.380617618560791
-28.344331741333008 4.747806549072266 -0.3706669807434082
-28.934261322021484 3.4431896209716797 -0.3409848213195801
-29.052181243896484 1.8736724853515625 -0.3240652084350586
-28.985980987548828 0.35631370544433594 -0.2979130744934082
-29.036300659179688 -1.5045909881591797 -0.26465702056884766
-29.202375411987305 -3.5694494247436523 -0.24772357940673828
-29.927410125732422 -4.343611717224121 -0.2584714889526367

1
-29.951099395751953 4.832132339477539 -0.3473997116088867
-29.786325454711914 4.842704772949219 -0.3336620330810547
-29.595651626586914 5.073028564453125 -0.35108232498168945
-29.496261596679688 5.20292854309082 -0.3570432662963867
-29.4097957611084 5.348331451416016 -0.3625764846801758
-29.36509132385254 5.857536315917969 -0.36100101470947266
-29.497488021850586 6.2317352294921875 -0.3585476875305176
-29.492128372192383 6.548673629760742 -0.36094045639038086
-29.436189651489258 6.896760940551758 -0.3680295944213867
-29.533979415893555 7.112329483032227 -0.3861393928527832
-29.54216957092285 7.309076309204102 -0.3924131393432617
-29.516483306884766 7.4198150634765625 -0.4070429801940918
-29.550016403198242 7.784059524536133 -0.4095726013183594
-29.560165405273438 8.071489334106445 -0.4107985496520996
-29.563013076782227 8.548181533813477 -0.42728424072265625
-29.579574584960938 8.991540908813477 -0.4324007034301758
-29.608720779418945 9.17697525024414 -0.4397611618041992
-29.659168243408203 9.315061569213867 -0.4354367256164551
-29.79461097717285 9.359273910522461 -0.42800283432006836
-29.95893096923828 9.379776000976562 -0.43242931365966797

2
29.833698272705078 -2.468256950378418 -0.28357982635498047
26.763057708740234 -2.476411819458008 -0.29308462142944336
23.639392852783203 -2.497694969177246 -0.30762767791748047
20.40522003173828 -2.5351648330688477 -0.30498695373535156
17.259143829345703 -2.549921989440918 -0.30561113357543945
14.039718627929688 -2.567646026611328 -0.31063127517700195
10.84017562866211 -2.6102237701416016 -0.31017351150512695
7.711643218994141 -2.634274482727051 -0.3025331497192383
4.526790618896484 -2.6618518829345703 -0.29665660858154297
1.3554706573486328 -2.6807289123535156 -0.28995513916015625
-1.7949028015136719 -2.7029037475585938 -0.2868175506591797
-5.050958633422852 -2.7200584411621094 -0.29207372665405273
-8.200725555419922 -2.7415637969970703 -0.294647216796875
-11.359210968017578 -2.754945755004883 -0.29221439361572266
-14.44601821899414 -2.7912216186523438 -0.30288267135620117
-17.703903198242188 -2.7958154678344727 -0.3121299743652344
-20.865570068359375 -2.798529624938965 -0.32346534729003906
-24.08481216430664 -2.8133163452148438 -0.3458695411682129
-27.001792907714844 -2.9358901977539062 -0.35214710235595703
-29.853805541992188 -4.432021141052246 -0.32834482192993164

