2
29.813583374023438 5.28143310546875 -0.3820939064025879
28.54257583618164 5.287567138671875 -0.3811473846435547
27.324874877929688 5.292930603027344 -0.3914361000061035
26.033954620361328 5.275365829467773 -0.39452409744262695
24.77121353149414 5.303657531738281 -0.3945627212524414
23.461029052734375 5.286231994628906 -0.398313045501709
22.169479370117188 5.285409927368164 -0.40050792694091797
21.057960510253906 5.2646331787109375 -0.4045133590698242
19.645278930664062 5.253551483154297 -0.4115281105041504
18.290374755859375 5.230464935302734 -0.4013957977294922
16.894309997558594 5.228300094604492 -0.4074726104736328
15.792762756347656 5.261631011962891 -0.39944028854370117
14.646987915039062 5.889556884765625 -0.38838958740234375
14.324867248535156 7.232995986938477 -0.3440971374511719
14.297473907470703 8.504743576049805 -0.3336982727050781
14.353282928466797 9.788028717041016 -0.33800601959228516
14.351432800292969 10.90240478515625 -0.3510417938232422
14.289691925048828 12.314704895019531 -0.36450958251953125
14.260887145996094 13.629510879516602 -0.3810877799987793
14.25124740600586 14.809175491333008 -0.38397932052612305

2
9.707359313964844 14.799457550048828 -0.36342954635620117
9.673526763916016 12.164909362792969 -0.3679466247558594
9.527290344238281 9.626619338989258 -0.3432955741882324
9.552467346191406 7.018918991088867 -0.3691263198852539
8.10400390625 5.083253860473633 -0.39218854904174805
5.45660400390625 5.042230606079102 -0.40370845794677734
2.808391571044922 5.031414031982422 -0.38947057723999023
0.055450439453125 5.004293441772461 -0.3894014358520508
-2.6727638244628906 4.98777961730957 -0.3931002616882324
-5.265312194824219 5.002321243286133 -0.40322256088256836
-7.835233688354492 5.020895004272461 -0.38749122619628906
-10.390462875366211 5.011255264282227 -0.3934154510498047
-13.201911926269531 5.032600402832031 -0.3979306221008301
-15.734838485717773 5.03721809387207 -0.40171241760253906
-18.46582794189453 4.992502212524414 -0.4158802032470703
-21.094303131103516 4.914573669433594 -0.42989158630371094
-23.439743041992188 4.744245529174805 -0.42684173583984375
-25.42818832397461 3.180339813232422 -0.37863969802856445
-27.505516052246094 3.1589622497558594 -0.3612098693847656
-29.849992752075195 3.648387908935547 -0.3656907081604004

2
29.834796905517578 -2.4637842178344727 -0.3138089179992676
26.78351593017578 -2.4753360748291016 -0.3156142234802246
23.68844223022461 -2.503201484680176 -0.3291969299316406
20.474910736083984 -2.5348997116088867 -0.3218522071838379
17.350139617919922 -2.549501419067383 -0.3212556838989258
14.148880004882812 -2.5655155181884766 -0.3221135139465332
10.962932586669922 -2.607027053833008 -0.31887197494506836
7.788932800292969 -2.6288156509399414 -0.30859375
4.597919464111328 -2.6481990814208984 -0.300626277923584
1.4237632751464844 -2.6682701110839844 -0.2894153594970703
-1.7389717102050781 -2.685985565185547 -0.2822685241699219
-4.964366912841797 -2.708372116088867 -0.2837800979614258
-8.108636856079102 -2.7274999618530273 -0.2852935791015625
-11.260866165161133 -2.7401161193847656 -0.28006696701049805
-14.362753868103027 -2.7825489044189453 -0.289186954498291
-17.618133544921875 -2.801302909851074 -0.29567670822143555
-20.760889053344727 -2.790334701538086 -0.3076763153076172
-23.955821990966797 -2.804737091064453 -0.32507848739624023
-26.925756454467773 -2.8942785263061523 -0.3321261405944824
-29.849735260009766 -3.9241456985473633 -0.31484413146972656

1
-29.899152755737305 -9.047924995422363 -0.05763530731201172
-29.420682907104492 -8.529443740844727 -0.083648681640625
-28.684232711791992 -6.394927024841309 -0.13954639434814453
-27.979337692260742 -4.945494651794434 -0.1855316162109375
-26.76325035095215 -4.438652038574219 -0.19410133361816406
-25.59178924560547 -3.9986658096313477 -0.20605993270874023
-24.738367080688477 -2.8288774490356445 -0.22758150100708008
-24.442914962768555 -1.0269050598144531 -0.2608299255371094
-24.6785888671875 0.47789478302001953 -0.3015913963317871
-24.530431747436523 2.056600570678711 -0.3491225242614746
-24.74210548400879 3.7989330291748047 -0.3928818702697754
-26.253543853759766 4.343355178833008 -0.39673519134521484
-27.817882537841797 4.60218620300293 -0.375063419342041
-28.434179306030273 4.714267730712891 -0.35451364517211914
-29.06589698791504 3.6243953704833984 -0.3294386863708496
-29.196666717529297 2.133819580078125 -0.31568098068237305
-29.191347122192383 0.6352310180664062 -0.29015254974365234
-29.23411750793457 -1.2483253479003906 -0.24333810806274414
-29.370582580566406 -3.3207321166992188 -0.2339792251586914
-29.94236946105957 -4.278134346008301 -0.23187017440795898

1
-29.929698944091797 -8.276580810546875 -0.1342463493347168
-29.791669845581055 -7.873348712921143 -0.15612363815307617
-29.75228500366211 -7.597203731536865 -0.1566166877746582
-29.710351943969727 -7.206290245056152 -0.14880132675170898
-29.677837371826172 -7.055290699005127 -0.16110563278198242
-29.62965965270996 -6.849748611450195 -0.15442752838134766
-29.567895889282227 -6.654492378234863 -0.15593433380126953
-29.551490783691406 -6.510348320007324 -0.16305017471313477
-29.493988037109375 -6.229090690612793 -0.16913938522338867
-29.42571258544922 -6.008502006530762 -0.16778802871704102
-29.379465103149414 -5.908102989196777 -0.17451906204223633
-29.296619415283203 -5.6657257080078125 -0.1877422332763672
-29.267662048339844 -5.376865386962891 -0.19153594970703125
-29.286279678344727 -5.198291778564453 -0.18874597549438477
-29.318078994750977 -5.093840599060059 -0.2005009651184082
-29.420400619506836 -4.915933609008789 -0.20296764373779297
-29.4814395904541 -4.650750160217285 -0.20398378372192383
-29.587419509887695 -4.546199798583984 -0.2163844108581543
-29.743879318237305 -4.572734832763672 -0.23839998245239258
-29.95574951171875 -4.544943809509277 -0.23514318466186523

