2
29.814720153808594 5.303567886352539 -0.3775510787963867
28.514404296875 5.309534072875977 -0.3774571418762207
27.27680206298828 5.318328857421875 -0.3892703056335449
25.95792007446289 5.301939010620117 -0.39049625396728516
24.657184600830078 5.331623077392578 -0.3912215232849121
23.30072784423828 5.304193496704102 -0.3980221748352051
21.982757568359375 5.306108474731445 -0.3986821174621582
20.86109161376953 5.289299011230469 -0.40306568145751953
19.476165771484375 5.277198791503906 -0.4117259979248047
18.07269287109375 5.251493453979492 -0.4015178680419922
16.67428970336914 5.238071441650391 -0.40878915786743164
15.50836181640625 5.255075454711914 -0.4026470184326172
14.263935089111328 5.741054534912109 -0.3937840461730957
13.839942932128906 7.060323715209961 -0.34978246688842773
13.813831329345703 8.394935607910156 -0.339475154876709
13.894535064697266 9.703742980957031 -0.3407430648803711
13.942596435546875 10.838817596435547 -0.3547053337097168
13.950607299804688 12.287521362304688 -0.36919069290161133
13.904380798339844 13.590347290039062 -0.3861970901489258
13.8182373046875 14.79983901977539 -0.39416027069091797

2
9.300682067871094 14.802942276000977 -0.3837552070617676
9.30124282836914 12.212345123291016 -0.38090991973876953
9.162822723388672 9.719770431518555 -0.34928417205810547
9.175670623779297 7.086847305297852 -0.37001514434814453
7.861427307128906 5.100931167602539 -0.3934659957885742
5.1757049560546875 5.048709869384766 -0.4084186553955078
2.5819320678710938 5.040401458740234 -0.39373064041137695
-0.1694812774658203 5.02098274230957 -0.3971891403198242
-2.863811492919922 5.013942718505859 -0.40172386169433594
-5.461284637451172 5.0201873779296875 -0.41313743591308594
-8.02684211730957 5.040685653686523 -0.39650535583496094
-10.538108825683594 5.016363143920898 -0.40069007873535156
-13.24386215209961 5.0478057861328125 -0.40360021591186523
-15.792006492614746 5.0430450439453125 -0.4071812629699707
-18.468414306640625 4.995288848876953 -0.4204888343811035
-21.05807876586914 4.93797492980957 -0.4395937919616699
-23.427425384521484 4.821681976318359 -0.44673967361450195
-25.45155143737793 3.6751575469970703 -0.3950920104980469
-27.54197883605957 3.035421371459961 -0.3752708435058594
-29.85898780822754 3.3384132385253906 -0.3775367736816406

2
29.83464813232422 -2.439835548400879 -0.29921960830688477
26.80382537841797 -2.4525766372680664 -0.30522775650024414
23.705997467041016 -2.488912582397461 -0.3189702033996582
20.497669219970703 -2.5161895751953125 -0.3123345375061035
17.391742706298828 -2.5361452102661133 -0.31361818313598633
14.185264587402344 -2.557461738586426 -0.31654930114746094
10.997596740722656 -2.6018505096435547 -0.3143792152404785
7.827789306640625 -2.629312515258789 -0.30559587478637695
4.6360626220703125 -2.6520423889160156 -0.29944849014282227
1.4566364288330078 -2.674839973449707 -0.28929567337036133
-1.704193115234375 -2.6930103302001953 -0.28344106674194336
-4.911737442016602 -2.7213687896728516 -0.2845578193664551
-8.050817489624023 -2.741509437561035 -0.2875704765319824
-11.210451126098633 -2.7617921829223633 -0.2838115692138672
-14.327506065368652 -2.8017024993896484 -0.29357337951660156
-17.56884765625 -2.8295021057128906 -0.2998790740966797
-20.712276458740234 -2.8202896118164062 -0.31282615661621094
-23.881900787353516 -2.8412094116210938 -0.3259263038635254
-26.860763549804688 -2.884611129760742 -0.33959245681762695
-29.847108840942383 -3.6668214797973633 -0.3290138244628906

1
-29.828872680664062 -5.461540222167969 -0.21691083908081055
-29.063058853149414 -5.142589569091797 -0.2242903709411621
-27.927000045776367 -4.780616760253906 -0.22194528579711914
-27.35849380493164 -4.50395393371582 -0.22640180587768555
-26.914642333984375 -4.324957847595215 -0.229705810546875
-26.099674224853516 -4.049282073974609 -0.2276320457458496
-25.766803741455078 -3.27541446685791 -0.2310495376586914
-25.660606384277344 -2.240232467651367 -0.23958492279052734
-25.78860092163086 -1.3069038391113281 -0.27013587951660156
-25.842437744140625 -0.4969978332519531 -0.28835105895996094
-25.847192764282227 0.3841724395751953 -0.3039088249206543
-25.820772171020508 1.2410335540771484 -0.3230152130126953
-25.942115783691406 2.1001834869384766 -0.345670223236084
-26.02959442138672 3.0593299865722656 -0.3705415725708008
-26.212200164794922 3.9435977935791016 -0.38362836837768555
-26.558494567871094 4.285453796386719 -0.38428831100463867
-27.17230987548828 4.429647445678711 -0.38294553756713867
-28.13113021850586 4.524211883544922 -0.3729128837585449
-29.039081573486328 4.636531829833984 -0.3444843292236328
-29.92754364013672 4.833879470825195 -0.3439197540283203

1
-29.946962356567383 -7.871316432952881 -0.1479501724243164
-29.828197479248047 -7.443380355834961 -0.16180896759033203
-29.825973510742188 -7.2170233726501465 -0.16127681732177734
-29.799741744995117 -6.892412185668945 -0.16823196411132812
-29.74881362915039 -6.756033897399902 -0.1743488311767578
-29.696945190429688 -6.592288017272949 -0.1629352569580078
-29.645370483398438 -6.413997650146484 -0.1653156280517578
-29.633502960205078 -6.313898086547852 -0.16941213607788086
-29.576967239379883 -6.058351516723633 -0.1757955551147461
-29.526594161987305 -5.917736053466797 -0.17078590393066406
-29.480161666870117 -5.844215393066406 -0.17710399627685547
-29.412010192871094 -5.667096138000488 -0.18929576873779297
-29.374042510986328 -5.323719024658203 -0.18967485427856445
-29.382183074951172 -5.2050323486328125 -0.18725824356079102
-29.426538467407227 -5.158526420593262 -0.19644832611083984
-29.508010864257812 -5.0170183181762695 -0.19937515258789062
-29.5496883392334 -4.714348793029785 -0.20191001892089844
-29.638601303100586 -4.581744194030762 -0.2140331268310547
-29.768747329711914 -4.578354835510254 -0.23874521255493164
-29.95969009399414 -4.551623344421387 -0.23122501373291016

