2
8.819999694824219 14.804624557495117 -0.36887168884277344
8.76871109008789 12.194368362426758 -0.3641343116760254
8.697406768798828 9.754972457885742 -0.343353271484375
8.653251647949219 7.155237197875977 -0.36458778381347656
7.493389129638672 5.117105484008789 -0.38395214080810547
4.787628173828125 5.064321517944336 -0.4002037048339844
2.1718215942382812 5.0590667724609375 -0.38492918014526367
-0.4948291778564453 5.0190277099609375 -0.38732099533081055
-3.1972389221191406 5.015043258666992 -0.39693260192871094
-5.768703460693359 5.012025833129883 -0.41315269470214844
-8.294881820678711 5.019786834716797 -0.39751434326171875
-10.78005599975586 4.991920471191406 -0.4032588005065918
-13.458349227905273 5.026601791381836 -0.4078969955444336
-15.981017112731934 5.018068313598633 -0.4104270935058594
-18.545101165771484 4.96917724609375 -0.41785621643066406
-21.118391036987305 4.916309356689453 -0.4421815872192383
-23.525970458984375 4.822160720825195 -0.45139312744140625
-25.569589614868164 3.916393280029297 -0.4116239547729492
-27.540040969848633 2.9772109985351562 -0.3851304054260254
-29.829849243164062 3.2144126892089844 -0.38721799850463867

2
29.813228607177734 5.337188720703125 -0.36441755294799805
28.481971740722656 5.339725494384766 -0.3634042739868164
27.217273712158203 5.346027374267578 -0.3769187927246094
25.870132446289062 5.333763122558594 -0.37693071365356445
24.53594207763672 5.35504150390625 -0.37938547134399414
23.159881591796875 5.322153091430664 -0.38692665100097656
21.821884155273438 5.316640853881836 -0.3872952461242676
20.669097900390625 5.304599761962891 -0.3914313316345215
19.30783462524414 5.2935638427734375 -0.4004664421081543
17.87873077392578 5.265535354614258 -0.39006471633911133
16.489830017089844 5.237968444824219 -0.3996567726135254
15.291011810302734 5.249593734741211 -0.3915729522705078
13.978240966796875 5.629732131958008 -0.3859062194824219
13.491168975830078 6.878288269042969 -0.3425321578979492
13.426624298095703 8.282184600830078 -0.32500791549682617
13.464591979980469 9.587080001831055 -0.3291749954223633
13.46371841430664 10.839305877685547 -0.3385128974914551
13.466781616210938 12.227970123291016 -0.35202693939208984
13.443466186523438 13.549203872680664 -0.37125682830810547
13.34820556640625 14.803062438964844 -0.3795938491821289

2
29.835235595703125 -2.4045400619506836 -0.28176355361938477
26.824077606201172 -2.4298973083496094 -0.292813777923584
23.734786987304688 -2.4649171829223633 -0.30679750442504883
20.520954132080078 -2.4930524826049805 -0.30292463302612305
17.414207458496094 -2.5171680450439453 -0.30651378631591797
14.198287963867188 -2.54958438873291 -0.3118610382080078
11.026199340820312 -2.591085433959961 -0.31135988235473633
7.861671447753906 -2.617417335510254 -0.30404186248779297
4.672061920166016 -2.644190788269043 -0.29939746856689453
1.5036964416503906 -2.6677112579345703 -0.29087257385253906
-1.6621437072753906 -2.689873695373535 -0.2879962921142578
-4.860647201538086 -2.7328977584838867 -0.2914896011352539
-7.991458892822266 -2.7507829666137695 -0.29558897018432617
-11.172466278076172 -2.7875900268554688 -0.2939777374267578
-14.294690132141113 -2.8264646530151367 -0.30614471435546875
-17.516220092773438 -2.8718671798706055 -0.3137078285217285
-20.650882720947266 -2.8735599517822266 -0.3264765739440918
-23.79789161682129 -2.894209861755371 -0.3391423225402832
-26.766563415527344 -2.894362449645996 -0.3568410873413086
-29.832897186279297 -3.215691566467285 -0.3566117286682129

1
-29.813262939453125 -5.012205123901367 -0.22209453582763672
-29.11920928955078 -4.768709182739258 -0.23740148544311523
-28.059486389160156 -4.561627388000488 -0.23170900344848633
-27.494237899780273 -4.335527420043945 -0.2404799461364746
-26.8831787109375 -4.160432815551758 -0.24252986907958984
-26.329336166381836 -3.8051347732543945 -0.24084043502807617
-26.00527572631836 -2.9713973999023438 -0.24877071380615234
-26.02582359313965 -1.9993505477905273 -0.2596416473388672
-26.148969650268555 -1.15142822265625 -0.2843441963195801
-26.230369567871094 -0.3979043960571289 -0.30304956436157227
-26.22184181213379 0.41291046142578125 -0.31673717498779297
-26.13837242126465 1.2633953094482422 -0.34078407287597656
-26.264989852905273 2.105754852294922 -0.36065053939819336
-26.317893981933594 2.8946151733398438 -0.3806314468383789
-26.421823501586914 3.7360782623291016 -0.3994479179382324
-26.715221405029297 4.260719299316406 -0.4001479148864746
-27.283655166625977 4.377349853515625 -0.39909839630126953
-28.147138595581055 4.472982406616211 -0.3927340507507324
-29.056655883789062 4.585575103759766 -0.36534929275512695
-29.92298126220703 4.773237228393555 -0.36728525161743164

