1
6.367530822753906 -4.791069030761719 -0.30903005599975586
6.422859191894531 -3.12258243560791 -0.31498050689697266
6.474079132080078 -1.5165891647338867 -0.31520700454711914
6.524303436279297 0.09476757049560547 -0.31052398681640625
6.519752502441406 1.6612968444824219 -0.3144207000732422
6.691982269287109 3.287220001220703 -0.31178998947143555
6.829952239990234 4.952592849731445 -0.30792903900146484
6.566463470458984 6.237701416015625 -0.31278038024902344
4.854267120361328 6.343059539794922 -0.26308679580688477
3.2606468200683594 6.432428359985352 -0.22452831268310547
2.058948516845703 5.971961975097656 -0.1973428726196289
1.985504150390625 4.397748947143555 -0.19899559020996094
1.9611568450927734 2.6984424591064453 -0.19562101364135742
1.965433120727539 1.0460433959960938 -0.19697904586791992
1.8239021301269531 -0.5580177307128906 -0.20191192626953125
1.7703933715820312 -2.2046985626220703 -0.21019649505615234
1.7098655700683594 -3.7700071334838867 -0.21811246871948242
3.0897789001464844 -4.2084245681762695 -0.24242210388183594
4.801216125488281 -4.511444091796875 -0.2821807861328125
6.4135284423828125 -4.801046371459961 -0.3106498718261719

2
29.832733154296875 4.046016693115234 -0.3355069160461426
28.624683380126953 4.093532562255859 -0.32982492446899414
27.39324951171875 4.169525146484375 -0.33251333236694336
26.23944091796875 4.261394500732422 -0.34182262420654297
25.04741668701172 4.343357086181641 -0.35108375549316406
23.89218521118164 4.425058364868164 -0.35302019119262695
22.77484893798828 4.474964141845703 -0.35558176040649414
21.592288970947266 4.530693054199219 -0.3610267639160156
20.408531188964844 4.549436569213867 -0.36183643341064453
19.01209259033203 4.640771865844727 -0.35992860794067383
17.920303344726562 4.795919418334961 -0.36826181411743164
16.941078186035156 5.495220184326172 -0.367830753326416
16.286563873291016 6.473264694213867 -0.36774349212646484
16.09708023071289 7.664247512817383 -0.3579826354980469
16.1217041015625 8.857963562011719 -0.34554147720336914
16.240543365478516 10.192785263061523 -0.33878374099731445
16.337284088134766 11.280166625976562 -0.354522705078125
16.398059844970703 12.492904663085938 -0.36568498611450195
16.51728057861328 13.654134750366211 -0.37447023391723633
16.675525665283203 14.818004608154297 -0.37343692779541016

1
15.853279113769531 -4.469500541687012 -0.31978368759155273
14.267818450927734 -4.347071647644043 -0.31907129287719727
12.853569030761719 -4.256669998168945 -0.31756162643432617
11.314628601074219 -4.185564041137695 -0.3150801658630371
9.797534942626953 -4.083691596984863 -0.30980634689331055
8.371795654296875 -4.006125450134277 -0.30397653579711914
6.762332916259766 -3.9159021377563477 -0.3035392761230469
5.413311004638672 -3.924663543701172 -0.29596614837646484
5.798221588134766 -5.419955253601074 -0.2976264953613281
6.218666076660156 -6.857911109924316 -0.2880072593688965
6.5394439697265625 -8.302396774291992 -0.3029041290283203
7.71380615234375 -8.753137588500977 -0.3182344436645508
9.26687240600586 -8.84896469116211 -0.32349205017089844
10.679397583007812 -8.878578186035156 -0.3371262550354004
12.103668212890625 -8.930428504943848 -0.3509712219238281
13.671768188476562 -9.070845603942871 -0.3756594657897949
14.988151550292969 -8.838155746459961 -0.38790464401245117
15.291656494140625 -7.320467948913574 -0.3739809989929199
15.599067687988281 -5.912370681762695 -0.35431671142578125
15.873908996582031 -4.444270133972168 -0.3490920066833496

2
8.762065887451172 14.798349380493164 -0.3973569869995117
8.593822479248047 12.363975524902344 -0.40351104736328125
8.503711700439453 9.981084823608398 -0.38727664947509766
8.356269836425781 7.4750518798828125 -0.4042339324951172
7.013385772705078 5.575599670410156 -0.35390138626098633
4.689655303955078 5.223684310913086 -0.32371091842651367
2.1491622924804688 5.3910980224609375 -0.29718542098999023
-0.32694244384765625 5.468925476074219 -0.25243473052978516
-2.8644256591796875 5.566141128540039 -0.22554683685302734
-5.29713249206543 5.677743911743164 -0.17998218536376953
-7.959901809692383 5.840167999267578 -0.16816234588623047
-10.260766983032227 5.961797714233398 -0.1539745330810547
-12.754570007324219 6.06126594543457 -0.14004898071289062
-15.14505386352539 6.168649673461914 -0.12834978103637695
-17.616283416748047 6.247991561889648 -0.10610389709472656
-20.05769157409668 6.366619110107422 -0.09425163269042969
-22.53323745727539 6.516887664794922 -0.07743310928344727
-24.935379028320312 6.611671447753906 -0.0688023567199707
-27.394962310791016 6.695432662963867 -0.05262136459350586
-29.793590545654297 6.774749755859375 -0.03608226776123047

2
7.442298889160156 -14.804511070251465 -0.40386199951171875
7.571453094482422 -12.23325252532959 -0.41257381439208984
7.690792083740234 -9.816614151000977 -0.40637922286987305
7.79302978515625 -7.2445292472839355 -0.41407251358032227
7.476585388183594 -4.754275321960449 -0.37231874465942383
5.511890411376953 -3.1923723220825195 -0.3356027603149414
3.0391311645507812 -3.01873779296875 -0.31577396392822266
0.43863487243652344 -2.9302988052368164 -0.24745607376098633
-2.0476818084716797 -2.819967269897461 -0.20050811767578125
-4.574792861938477 -2.723727226257324 -0.16141748428344727
-7.11802864074707 -2.6171817779541016 -0.1390514373779297
-9.539901733398438 -2.49569034576416 -0.1381688117980957
-12.114982604980469 -2.369691848754883 -0.12934017181396484
-14.642053604125977 -2.219925880432129 -0.1260228157043457
-17.25853729248047 -2.131564140319824 -0.12061214447021484
-19.875347137451172 -1.991708755493164 -0.12940454483032227
-22.433311462402344 -1.8782320022583008 -0.1270771026611328
-24.854433059692383 -1.7907295227050781 -0.1333012580871582
-27.31147575378418 -1.684281349182129 -0.1307682991027832
-29.802749633789062 -1.6066513061523438 -0.10752725601196289

1
6.995796203613281 10.185760498046875 -0.2913846969604492
6.684566497802734 8.681951522827148 -0.30179500579833984
6.452075958251953 7.081598281860352 -0.35243892669677734
6.249565124511719 5.519386291503906 -0.37059879302978516
7.822689056396484 5.497526168823242 -0.3610191345214844
9.395240783691406 5.41010856628418 -0.35408926010131836
10.884742736816406 5.39879035949707 -0.3511924743652344
12.438724517822266 5.325263977050781 -0.3455967903137207
14.028488159179688 5.263923645019531 -0.35717344284057617
15.659198760986328 5.221961975097656 -0.3646430969238281
17.382694244384766 5.163158416748047 -0.3581557273864746
17.024444580078125 6.7687835693359375 -0.35093164443969727
16.73371124267578 8.182289123535156 -0.34562015533447266
16.33154296875 9.753351211547852 -0.3416457176208496
14.852798461914062 10.017105102539062 -0.34377002716064453
13.350933074951172 9.966754913330078 -0.3286762237548828
11.776039123535156 10.018178939819336 -0.32567691802978516
10.213821411132812 10.05482292175293 -0.30560970306396484
8.589065551757812 10.121343612670898 -0.29343128204345703
6.9710845947265625 10.158117294311523 -0.2911715507507324

1
16.694732666015625 5.120965957641602 -0.40329647064208984
16.569110870361328 3.6707305908203125 -0.38377904891967773
16.33251953125 2.242656707763672 -0.37392663955688477
16.207347869873047 0.8305873870849609 -0.353391170501709
15.903812408447266 -0.5739755630493164 -0.3530421257019043
15.763031005859375 -2.0005598068237305 -0.34728479385375977
15.518394470214844 -3.4077882766723633 -0.33222246170043945
16.2811279296875 -4.1339874267578125 -0.3328590393066406
17.736648559570312 -4.234531402587891 -0.34192419052124023
19.088668823242188 -4.237875938415527 -0.3476119041442871
20.380584716796875 -4.120795249938965 -0.3530435562133789
20.433090209960938 -2.7479686737060547 -0.34386777877807617
20.448150634765625 -1.295241355895996 -0.34161853790283203
20.502460479736328 0.07137012481689453 -0.3303971290588379
20.59869384765625 1.4840984344482422 -0.32120752334594727
20.65984344482422 2.862436294555664 -0.32408952713012695
20.853374481201172 4.345802307128906 -0.3177938461303711
19.600936889648438 4.740852355957031 -0.3377113342285156
18.18875503540039 4.924112319946289 -0.3755002021789551
16.677852630615234 5.079710006713867 -0.40183448791503906

2
29.825172424316406 -4.179965972900391 -0.41318798065185547
28.393695831298828 -4.091001510620117 -0.42049121856689453
26.814842224121094 -4.037905693054199 -0.4430413246154785
25.298160552978516 -3.9444046020507812 -0.4396786689758301
23.759998321533203 -3.902069091796875 -0.44188594818115234
22.174785614013672 -3.8378477096557617 -0.44098758697509766
20.654315948486328 -3.7404518127441406 -0.437528133392334
19.306747436523438 -3.4554672241210938 -0.42366695404052734
18.552490234375 -2.416055679321289 -0.43167686462402344
17.29538345336914 -2.3668460845947266 -0.41923093795776367
15.797832489013672 -3.0078392028808594 -0.3911247253417969
14.727485656738281 -4.171291351318359 -0.36737489700317383
14.213092803955078 -5.427472114562988 -0.38093090057373047
13.946979522705078 -6.920443534851074 -0.3994107246398926
13.892982482910156 -8.59843635559082 -0.4139280319213867
14.694267272949219 -9.198198318481445 -0.41022157669067383
15.350631713867188 -10.28200912475586 -0.4240097999572754
15.419723510742188 -11.861364364624023 -0.44901418685913086
15.324928283691406 -13.318351745605469 -0.4510688781738281
15.28631591796875 -14.813096046447754 -0.44870853424072266

0
12.265422821044922 14.977727890014648 -0.37782764434814453
12.284770965576172 14.874473571777344 -0.3669452667236328
12.282215118408203 14.70024299621582 -0.3663921356201172
12.279743194580078 14.517841339111328 -0.3686332702636719
12.282890319824219 14.34840202331543 -0.36258602142333984
12.269580841064453 14.157003402709961 -0.3620758056640625
12.24798583984375 13.986690521240234 -0.3606886863708496
12.219871520996094 13.81637954711914 -0.36167478561401367
12.205699920654297 13.667573928833008 -0.3638777732849121
12.194965362548828 13.453895568847656 -0.3660001754760742
12.17440414428711 13.248275756835938 -0.3677215576171875
12.146430969238281 13.054885864257812 -0.37270355224609375
12.130611419677734 12.832111358642578 -0.37577342987060547
12.13787841796875 12.655698776245117 -0.379518985748291
12.135852813720703 12.48614501953125 -0.3808135986328125
12.126224517822266 12.267135620117188 -0.3747529983520508
12.152851104736328 12.124164581298828 -0.37320470809936523
12.16329574584961 11.929874420166016 -0.37244129180908203
12.149410247802734 11.84615707397461 -0.37384605407714844
12.138378143310547 11.599924087524414 -0.37122201919555664

