2
29.819541931152344 5.357147216796875 -0.3396759033203125
28.468368530273438 5.358999252319336 -0.337979793548584
27.178871154785156 5.36113166809082 -0.351290225982666
25.81340789794922 5.352588653564453 -0.35495710372924805
24.43448257446289 5.363058090209961 -0.35826730728149414
23.03101348876953 5.338996887207031 -0.36460256576538086
21.63766098022461 5.340335845947266 -0.36636972427368164
20.467910766601562 5.319116592407227 -0.37125396728515625
19.044944763183594 5.309474945068359 -0.38162851333618164
17.608905792236328 5.290681838989258 -0.3731517791748047
16.206424713134766 5.253416061401367 -0.38325023651123047
14.957500457763672 5.253761291503906 -0.3738431930541992
13.691253662109375 5.508867263793945 -0.37160778045654297
13.011360168457031 6.669013977050781 -0.33557748794555664
12.904132843017578 8.085996627807617 -0.31046152114868164
12.937946319580078 9.442886352539062 -0.3123817443847656
12.91705322265625 10.728067398071289 -0.32163238525390625
13.009021759033203 12.185863494873047 -0.3277153968811035
12.991619110107422 13.516935348510742 -0.3436121940612793
12.948280334472656 14.809076309204102 -0.36155128479003906

2
8.221778869628906 14.811088562011719 -0.3467140197753906
8.253955841064453 12.320253372192383 -0.3509864807128906
8.171669006347656 9.780994415283203 -0.32315540313720703
8.143135070800781 7.167018890380859 -0.3518352508544922
6.914649963378906 5.1684722900390625 -0.362760066986084
4.35430908203125 5.087394714355469 -0.3790097236633301
1.6837120056152344 5.071643829345703 -0.38898563385009766
-0.7359161376953125 5.027990341186523 -0.3890409469604492
-3.4317264556884766 4.988914489746094 -0.3989386558532715
-5.9998931884765625 4.994501113891602 -0.3974571228027344
-8.362869262695312 4.991413116455078 -0.39545154571533203
-11.018918991088867 4.971803665161133 -0.3989601135253906
-13.613616943359375 4.997932434082031 -0.4140143394470215
-16.081995010375977 4.990785598754883 -0.4185609817504883
-18.67115020751953 4.942420959472656 -0.43628883361816406
-21.242502212524414 4.888847351074219 -0.4527750015258789
-23.769508361816406 4.843965530395508 -0.46744489669799805
-25.934677124023438 4.26704216003418 -0.43511295318603516
-27.87051010131836 3.0803680419921875 -0.3948807716369629
-29.896392822265625 3.2127323150634766 -0.3885807991027832

2
29.834842681884766 -2.3731250762939453 -0.265042781829834
26.83002471923828 -2.403501510620117 -0.27937936782836914
23.73904037475586 -2.433320999145508 -0.29247474670410156
20.525970458984375 -2.4643630981445312 -0.29302072525024414
17.41497039794922 -2.494159698486328 -0.2984652519226074
14.192325592041016 -2.526010513305664 -0.30609703063964844
11.001354217529297 -2.5697927474975586 -0.3064436912536621
7.863517761230469 -2.604410171508789 -0.30072832107543945
4.676921844482422 -2.6336307525634766 -0.29727697372436523
1.509267807006836 -2.6600875854492188 -0.29033422470092773
-1.6535797119140625 -2.680490493774414 -0.2890772819519043
-4.854122161865234 -2.7248077392578125 -0.29393625259399414
-7.988613128662109 -2.7452306747436523 -0.299924373626709
-11.174200057983398 -2.782647132873535 -0.30098819732666016
-14.288649559020996 -2.825777053833008 -0.31244421005249023
-17.516948699951172 -2.87886905670166 -0.3209977149963379
-20.66119956970215 -2.8832168579101562 -0.33492517471313477
-23.813108444213867 -2.9146928787231445 -0.346616268157959
-26.756450653076172 -2.914027214050293 -0.36751222610473633
-29.834571838378906 -3.1949548721313477 -0.3723750114440918

1
-29.8239803314209 -5.009260177612305 -0.22147226333618164
-29.15926170349121 -4.76469612121582 -0.23915958404541016
-28.11543083190918 -4.548877716064453 -0.23302602767944336
-27.589431762695312 -4.339870452880859 -0.24303770065307617
-26.993301391601562 -4.136883735656738 -0.24630975723266602
-26.46626853942871 -3.6362600326538086 -0.24505615234375
-26.276443481445312 -2.834033966064453 -0.25339269638061523
-26.41149139404297 -1.8724899291992188 -0.26938629150390625
-26.433780670166016 -1.1243953704833984 -0.29244136810302734
-26.489051818847656 -0.3851814270019531 -0.31215620040893555
-26.497127532958984 0.3885965347290039 -0.3270144462585449
-26.400094985961914 1.204742431640625 -0.34633970260620117
-26.52181053161621 2.032766342163086 -0.36516475677490234
-26.511014938354492 2.747539520263672 -0.3870549201965332
-26.596973419189453 3.5701255798339844 -0.4033498764038086
-26.883466720581055 4.204372406005859 -0.4079470634460449
-27.377166748046875 4.3419952392578125 -0.4126863479614258
-28.208356857299805 4.450771331787109 -0.4023575782775879
-29.091217041015625 4.531230926513672 -0.38138628005981445
-29.925819396972656 4.682735443115234 -0.3812427520751953

