2
29.823009490966797 5.377063751220703 -0.3291597366333008
28.450878143310547 5.375568389892578 -0.3273353576660156
27.14181900024414 5.373971939086914 -0.33994626998901367
25.750194549560547 5.367414474487305 -0.3460674285888672
24.34333038330078 5.371438980102539 -0.34999990463256836
22.91417694091797 5.349945068359375 -0.3558335304260254
21.48623275756836 5.3505706787109375 -0.3576655387878418
20.262195587158203 5.323358535766602 -0.36193275451660156
18.826927185058594 5.312732696533203 -0.37390804290771484
17.36707305908203 5.291645050048828 -0.36604833602905273
15.961048126220703 5.245794296264648 -0.3762521743774414
14.686214447021484 5.229488372802734 -0.3678898811340332
13.369369506835938 5.44715690612793 -0.3679533004760742
12.640312194824219 6.564664840698242 -0.33480310440063477
12.494380950927734 7.945991516113281 -0.3038825988769531
12.523048400878906 9.330110549926758 -0.30753564834594727
12.467594146728516 10.679733276367188 -0.316922664642334
12.530075073242188 12.182973861694336 -0.32256507873535156
12.480682373046875 13.53209114074707 -0.3358273506164551
12.383216857910156 14.808038711547852 -0.3557257652282715

2
7.7969207763671875 14.813253402709961 -0.34218311309814453
7.813632965087891 12.339204788208008 -0.34758424758911133
7.753684997558594 9.842206954956055 -0.3223404884338379
7.711246490478516 7.309904098510742 -0.3425154685974121
6.583003997802734 5.221813201904297 -0.3563399314880371
4.103557586669922 5.105833053588867 -0.3766140937805176
1.433908462524414 5.080070495605469 -0.38840150833129883
-0.9954776763916016 5.036579132080078 -0.3921208381652832
-3.585123062133789 4.9996337890625 -0.40298986434936523
-6.165861129760742 5.001150131225586 -0.40344715118408203
-8.523502349853516 4.989778518676758 -0.4031071662902832
-11.142074584960938 4.968721389770508 -0.4054241180419922
-13.724443435668945 5.002222061157227 -0.42000436782836914
-16.205089569091797 4.982568740844727 -0.4244508743286133
-18.776649475097656 4.9391937255859375 -0.4420185089111328
-21.300296783447266 4.876743316650391 -0.46128273010253906
-23.74813461303711 4.826084136962891 -0.48120832443237305
-25.98017692565918 4.417062759399414 -0.4600987434387207
-27.89592742919922 3.058572769165039 -0.4165225028991699
-29.900623321533203 3.0982818603515625 -0.41067981719970703

2
29.835357666015625 -2.3507909774780273 -0.2400369644165039
26.838905334472656 -2.3902416229248047 -0.26000452041625977
23.745410919189453 -2.4111328125 -0.2730402946472168
20.541244506835938 -2.452853202819824 -0.27762508392333984
17.41912841796875 -2.4794492721557617 -0.2865786552429199
14.207195281982422 -2.5127038955688477 -0.2973341941833496
11.026790618896484 -2.5569095611572266 -0.2984275817871094
7.897834777832031 -2.592315673828125 -0.29535770416259766
4.703762054443359 -2.6244430541992188 -0.2927274703979492
1.5385189056396484 -2.651608467102051 -0.2880115509033203
-1.6219158172607422 -2.67437744140625 -0.2888317108154297
-4.803310394287109 -2.72855281829834 -0.2942390441894531
-7.948535919189453 -2.752452850341797 -0.30165576934814453
-11.148818969726562 -2.7909202575683594 -0.3047761917114258
-14.26374626159668 -2.831632614135742 -0.31639719009399414
-17.496057510375977 -2.8892107009887695 -0.32494258880615234
-20.63434600830078 -2.898736000061035 -0.33878183364868164
-23.792015075683594 -2.9372806549072266 -0.35074567794799805
-26.713224411010742 -2.920466423034668 -0.37260913848876953
-29.832412719726562 -3.1269760131835938 -0.38234615325927734

1
-29.837373733520508 -4.884882926940918 -0.22817039489746094
-29.23953628540039 -4.6861162185668945 -0.24676227569580078
-28.310636520385742 -4.470183372497559 -0.23784255981445312
-27.805740356445312 -4.264533042907715 -0.24871540069580078
-27.14980697631836 -4.029023170471191 -0.2604498863220215
-26.786792755126953 -3.402266502380371 -0.25206518173217773
-26.750408172607422 -2.6358442306518555 -0.2687106132507324
-26.902812957763672 -1.7302064895629883 -0.2891387939453125
-26.858503341674805 -1.105936050415039 -0.3091869354248047
-26.987173080444336 -0.39617919921875 -0.32585716247558594
-26.973848342895508 0.4239377975463867 -0.34081554412841797
-26.85755729675293 1.1182899475097656 -0.3565535545349121
-26.953439712524414 1.9540328979492188 -0.3693809509277344
-26.92797088623047 2.5921859741210938 -0.3960089683532715
-26.920621871948242 3.3569774627685547 -0.41451025009155273
-27.110267639160156 3.985727310180664 -0.42241477966308594
-27.560029983520508 4.276790618896484 -0.42621374130249023
-28.319608688354492 4.374605178833008 -0.41373157501220703
-29.11736297607422 4.449420928955078 -0.40200138092041016
-29.921255111694336 4.57060432434082 -0.40084218978881836

