2
29.82695770263672 5.419916152954102 -0.31578683853149414
28.436180114746094 5.414422988891602 -0.31496572494506836
27.108856201171875 5.40937614440918 -0.3262810707092285
25.688350677490234 5.402322769165039 -0.33492279052734375
24.261585235595703 5.402866363525391 -0.3388056755065918
22.803932189941406 5.382820129394531 -0.34478282928466797
21.34036636352539 5.3807220458984375 -0.3495039939880371
20.09107208251953 5.35894775390625 -0.3550572395324707
18.654109954833984 5.342855453491211 -0.3675093650817871
17.17369842529297 5.315204620361328 -0.36106204986572266
15.779457092285156 5.2654876708984375 -0.37245988845825195
14.459281921386719 5.233186721801758 -0.36826181411743164
13.123428344726562 5.366823196411133 -0.3681807518005371
12.25869369506836 6.41511344909668 -0.3417472839355469
12.06668472290039 7.832967758178711 -0.3111295700073242
12.105415344238281 9.175346374511719 -0.3141021728515625
12.055702209472656 10.637092590332031 -0.3227572441101074
12.087806701660156 12.094123840332031 -0.32812929153442383
12.085525512695312 13.492828369140625 -0.34331798553466797
12.003341674804688 14.805429458618164 -0.362332820892334

2
7.323886871337891 14.806358337402344 -0.36014413833618164
7.331401824951172 12.374979019165039 -0.35974693298339844
7.313007354736328 9.878877639770508 -0.33216238021850586
7.287754058837891 7.454044342041016 -0.3378767967224121
6.208106994628906 5.237983703613281 -0.3589305877685547
3.8166961669921875 5.09986686706543 -0.38645172119140625
1.199148178100586 5.068548202514648 -0.4008641242980957
-1.2465763092041016 5.027488708496094 -0.40783166885375977
-3.8289566040039062 5.000843048095703 -0.41848134994506836
-6.416412353515625 5.007434844970703 -0.42395687103271484
-8.753992080688477 4.995815277099609 -0.42366456985473633
-11.296171188354492 4.963293075561523 -0.4275016784667969
-13.846185684204102 4.99482536315918 -0.4389820098876953
-16.377912521362305 4.969718933105469 -0.44583940505981445
-18.910564422607422 4.931163787841797 -0.4625258445739746
-21.38116455078125 4.86796760559082 -0.48469972610473633
-23.7736873626709 4.823661804199219 -0.5106625556945801
-26.00196647644043 4.469751358032227 -0.49646902084350586
-27.903554916381836 3.0573043823242188 -0.45664548873901367
-29.899860382080078 2.997119903564453 -0.44734954833984375

2
29.833606719970703 -2.321918487548828 -0.2154545783996582
26.825359344482422 -2.3648605346679688 -0.23971319198608398
23.73711395263672 -2.3940038681030273 -0.2527599334716797
20.524654388427734 -2.43843936920166 -0.258664608001709
17.39434051513672 -2.472681999206543 -0.2711634635925293
14.19449234008789 -2.5095596313476562 -0.28553342819213867
11.01565170288086 -2.5557785034179688 -0.2882404327392578
7.889518737792969 -2.5934066772460938 -0.2878732681274414
4.702323913574219 -2.6248817443847656 -0.28786134719848633
1.5555267333984375 -2.650583267211914 -0.28601980209350586
-1.6048297882080078 -2.674647331237793 -0.28995609283447266
-4.784202575683594 -2.734811782836914 -0.295989990234375
-7.930015563964844 -2.755889892578125 -0.3041973114013672
-11.11773681640625 -2.7880783081054688 -0.3115420341491699
-14.249287605285645 -2.828155517578125 -0.32373952865600586
-17.47524642944336 -2.882664680480957 -0.33254575729370117
-20.609615325927734 -2.889378547668457 -0.34662723541259766
-23.77138900756836 -2.935779571533203 -0.36124134063720703
-26.687149047851562 -2.917125701904297 -0.3833456039428711
-29.83275032043457 -3.0960693359375 -0.3988971710205078

1
-29.84821319580078 -4.781905174255371 -0.23228693008422852
-29.2818546295166 -4.61314582824707 -0.25011157989501953
-28.45512580871582 -4.36015510559082 -0.2415475845336914
-27.991453170776367 -4.161308288574219 -0.2528347969055176
-27.41817855834961 -3.957730293273926 -0.27218008041381836
-27.133169174194336 -3.2724742889404297 -0.26485395431518555
-27.078243255615234 -2.5244178771972656 -0.2787790298461914
-27.2545166015625 -1.6931638717651367 -0.30379486083984375
-27.15301513671875 -1.0539093017578125 -0.32114648818969727
-27.257843017578125 -0.3399801254272461 -0.3372001647949219
-27.31590461730957 0.38626670837402344 -0.356783390045166
-27.220905303955078 1.032949447631836 -0.3714776039123535
-27.262170791625977 1.8728103637695312 -0.3849811553955078
-27.22731590270996 2.474822998046875 -0.41379261016845703
-27.210681915283203 3.166543960571289 -0.4359164237976074
-27.33928108215332 3.8606319427490234 -0.4418368339538574
-27.749353408813477 4.185064315795898 -0.44396448135375977
-28.431316375732422 4.2871856689453125 -0.4366459846496582
-29.17371368408203 4.3506011962890625 -0.42511558532714844
-29.918941497802734 4.467464447021484 -0.42340517044067383

