2
29.833629608154297 5.449182510375977 -0.3056983947753906
28.424579620361328 5.446378707885742 -0.30562734603881836
27.079425811767578 5.435375213623047 -0.31632137298583984
25.62640380859375 5.43580436706543 -0.3289484977722168
24.181434631347656 5.4323883056640625 -0.33162498474121094
22.72540283203125 5.413209915161133 -0.3379049301147461
21.219955444335938 5.407564163208008 -0.3432345390319824
19.95526885986328 5.398159027099609 -0.3497624397277832
18.50055694580078 5.378446578979492 -0.36281347274780273
17.007007598876953 5.348566055297852 -0.3574051856994629
15.619983673095703 5.308553695678711 -0.37178802490234375
14.275318145751953 5.28059196472168 -0.37003660202026367
12.898914337158203 5.384496688842773 -0.37004947662353516
11.902694702148438 6.349096298217773 -0.3538036346435547
11.641010284423828 7.739967346191406 -0.3247261047363281
11.678421020507812 9.10770034790039 -0.329988956451416
11.592330932617188 10.599464416503906 -0.33893632888793945
11.575897216796875 12.037223815917969 -0.3480100631713867
11.581535339355469 13.446937561035156 -0.36492204666137695
11.524486541748047 14.809652328491211 -0.38041162490844727

2
6.8506927490234375 14.806636810302734 -0.4015970230102539
6.875942230224609 12.41141128540039 -0.38626527786254883
6.884014129638672 9.92730712890625 -0.3550691604614258
6.915546417236328 7.530206680297852 -0.3482484817504883
5.869361877441406 5.318576812744141 -0.3744649887084961
3.4523696899414062 5.121223449707031 -0.4038844108581543
0.8769397735595703 5.07099723815918 -0.41479921340942383
-1.5514717102050781 5.033273696899414 -0.41804075241088867
-4.068304061889648 5.005054473876953 -0.42633962631225586
-6.621410369873047 4.999486923217773 -0.4346327781677246
-9.064432144165039 4.976373672485352 -0.4325432777404785
-11.453004837036133 4.938222885131836 -0.43744707107543945
-14.001688957214355 4.96757698059082 -0.44825267791748047
-16.53571319580078 4.939311981201172 -0.4557466506958008
-19.016727447509766 4.905605316162109 -0.47223377227783203
-21.44884490966797 4.838836669921875 -0.495485782623291
-23.717906951904297 4.799928665161133 -0.5256495475769043
-26.000030517578125 4.584461212158203 -0.5179414749145508
-27.918527603149414 3.2204208374023438 -0.4875974655151367
-29.900962829589844 2.96575927734375 -0.46745729446411133

2
29.83267593383789 -2.2945642471313477 -0.19661808013916016
26.822738647460938 -2.3424854278564453 -0.2233595848083496
23.72884750366211 -2.369731903076172 -0.23819255828857422
20.521644592285156 -2.421518325805664 -0.24586200714111328
17.404129028320312 -2.4522390365600586 -0.2611246109008789
14.21322250366211 -2.4966344833374023 -0.2767324447631836
11.03530502319336 -2.5440635681152344 -0.2795553207397461
7.908420562744141 -2.5858726501464844 -0.2808842658996582
4.738365173339844 -2.623289108276367 -0.2824888229370117
1.579549789428711 -2.6543283462524414 -0.28095579147338867
-1.5955467224121094 -2.680286407470703 -0.2882099151611328
-4.764446258544922 -2.73748779296875 -0.294313907623291
-7.908227920532227 -2.764537811279297 -0.30389404296875
-11.119524002075195 -2.7966604232788086 -0.31139326095581055
-14.2432861328125 -2.839510917663574 -0.32433271408081055
-17.455394744873047 -2.897366523742676 -0.3336019515991211
-20.594627380371094 -2.9126453399658203 -0.3475947380065918
-23.759178161621094 -2.96663761138916 -0.36208391189575195
-26.678163528442383 -2.9480371475219727 -0.3830103874206543
-29.830713272094727 -3.0622358322143555 -0.4033341407775879

1
-29.851078033447266 -4.685395240783691 -0.2337646484375
-29.336137771606445 -4.536955833435059 -0.24781036376953125
-28.627347946166992 -4.278164863586426 -0.2389845848083496
-28.2257022857666 -4.0521650314331055 -0.25214052200317383
-27.778993606567383 -3.770573616027832 -0.2788395881652832
-27.641443252563477 -3.091920852661133 -0.2732858657836914
-27.630260467529297 -2.382610321044922 -0.28844785690307617
-27.804000854492188 -1.6495628356933594 -0.31532859802246094
-27.71256446838379 -1.0084199905395508 -0.33010149002075195
-27.803361892700195 -0.3688392639160156 -0.3431239128112793
-27.839767456054688 0.35983848571777344 -0.36576128005981445
-27.777935028076172 0.9366025924682617 -0.3813300132751465
-27.749385833740234 1.6864070892333984 -0.39377260208129883
-27.764142990112305 2.295206069946289 -0.42195606231689453
-27.69327735900879 2.8696212768554688 -0.4458460807800293
-27.743745803833008 3.4754104614257812 -0.45473337173461914
-28.059345245361328 4.048854827880859 -0.4557933807373047
-28.59923553466797 4.201143264770508 -0.44525718688964844
-29.257295608520508 4.284950256347656 -0.4447183609008789
-29.916757583618164 4.409965515136719 -0.4424886703491211

