2
29.835208892822266 5.446249008178711 -0.31957483291625977
28.413982391357422 5.442802429199219 -0.32272911071777344
27.051551818847656 5.42974853515625 -0.3356451988220215
25.56909942626953 5.438846588134766 -0.3432140350341797
24.098026275634766 5.434347152709961 -0.34483861923217773
22.645286560058594 5.416057586669922 -0.35170650482177734
21.11294937133789 5.408208847045898 -0.35581445693969727
19.798641204833984 5.402675628662109 -0.36293601989746094
18.301475524902344 5.377779006958008 -0.3753504753112793
16.84081268310547 5.3593292236328125 -0.3691987991333008
15.414131164550781 5.312192916870117 -0.38180971145629883
13.99795913696289 5.279453277587891 -0.37965917587280273
12.586753845214844 5.363758087158203 -0.37893152236938477
11.514938354492188 6.271055221557617 -0.3671755790710449
11.227912902832031 7.678548812866211 -0.34143638610839844
11.239482879638672 9.024560928344727 -0.3435096740722656
11.198116302490234 10.530380249023438 -0.3578977584838867
11.18267822265625 11.999628067016602 -0.3707113265991211
11.211925506591797 13.431615829467773 -0.38904476165771484
11.14520263671875 14.809356689453125 -0.396700382232666

2
6.364101409912109 14.798675537109375 -0.4264206886291504
6.412193298339844 12.410594940185547 -0.4023008346557617
6.3824005126953125 9.96834945678711 -0.3728652000427246
6.444614410400391 7.611551284790039 -0.3631429672241211
5.480934143066406 5.356822967529297 -0.385500431060791
3.1409988403320312 5.124103546142578 -0.4128584861755371
0.6132431030273438 5.069389343261719 -0.41925907135009766
-1.8489933013916016 5.030900955200195 -0.42134618759155273
-4.28614616394043 4.993936538696289 -0.42979907989501953
-6.828813552856445 4.992469787597656 -0.4352908134460449
-9.223152160644531 4.972629547119141 -0.43097782135009766
-11.607189178466797 4.932004928588867 -0.4361710548400879
-14.088778495788574 4.962430953979492 -0.4438943862915039
-16.575252532958984 4.939268112182617 -0.4489312171936035
-19.071043014526367 4.910682678222656 -0.4637899398803711
-21.45309066772461 4.8422698974609375 -0.4848012924194336
-23.691728591918945 4.800897598266602 -0.5142040252685547
-25.981334686279297 4.6370391845703125 -0.5100698471069336
-27.912389755249023 3.352205276489258 -0.4846634864807129
-29.89752769470215 2.8817825317382812 -0.45856809616088867

2
29.833457946777344 -2.293612480163574 -0.21396255493164062
26.83092498779297 -2.335296630859375 -0.2379164695739746
23.728187561035156 -2.3665332794189453 -0.25308704376220703
20.52932357788086 -2.4203786849975586 -0.25955724716186523
17.427230834960938 -2.4525623321533203 -0.27102231979370117
14.224082946777344 -2.4970474243164062 -0.2858119010925293
11.048805236816406 -2.5505666732788086 -0.2878594398498535
7.9188232421875 -2.5915584564208984 -0.2866230010986328
4.737556457519531 -2.6255006790161133 -0.2866840362548828
1.57000732421875 -2.6548938751220703 -0.2824888229370117
-1.6083602905273438 -2.6815872192382812 -0.28579139709472656
-4.769981384277344 -2.7397356033325195 -0.2904782295227051
-7.901254653930664 -2.761781692504883 -0.29861927032470703
-11.109977722167969 -2.790882110595703 -0.3046531677246094
-14.240119934082031 -2.8368940353393555 -0.31740474700927734
-17.445566177368164 -2.885037422180176 -0.3256187438964844
-20.584102630615234 -2.901670455932617 -0.33876848220825195
-23.74109649658203 -2.960550308227539 -0.3519434928894043
-26.67597198486328 -2.943927764892578 -0.371732234954834
-29.828920364379883 -3.020266532897949 -0.3900933265686035

1
-29.86772346496582 -4.605534553527832 -0.22534704208374023
-29.4029541015625 -4.430429458618164 -0.23679828643798828
-28.78902816772461 -4.21497917175293 -0.22933578491210938
-28.411151885986328 -3.9858808517456055 -0.2449355125427246
-28.088199615478516 -3.605508804321289 -0.2680387496948242
-28.016813278198242 -2.9855165481567383 -0.26906538009643555
-28.07881736755371 -2.167665481567383 -0.2847604751586914
-28.19220542907715 -1.5659894943237305 -0.3109259605407715
-28.126798629760742 -0.9210186004638672 -0.32461977005004883
-28.171804428100586 -0.3817882537841797 -0.3355245590209961
-28.180360794067383 0.29944515228271484 -0.35948896408081055
-28.167177200317383 0.902440071105957 -0.37287235260009766
-28.120229721069336 1.5030498504638672 -0.38898706436157227
-28.20714569091797 2.1588134765625 -0.409700870513916
-28.073780059814453 2.686023712158203 -0.43503665924072266
-28.124242782592773 3.284137725830078 -0.4485945701599121
-28.318511962890625 3.9325389862060547 -0.45330190658569336
-28.750022888183594 4.14320182800293 -0.43467140197753906
-29.3223819732666 4.234870910644531 -0.4385347366333008
-29.92044448852539 4.348888397216797 -0.4375905990600586

