2
29.83993148803711 5.426488876342773 -0.34800148010253906
28.395362854003906 5.428890228271484 -0.35152530670166016
26.995868682861328 5.414329528808594 -0.3647947311401367
25.471996307373047 5.425285339355469 -0.36875152587890625
23.97223663330078 5.419574737548828 -0.368039608001709
22.514503479003906 5.409038543701172 -0.37546396255493164
20.97716522216797 5.398769378662109 -0.37537527084350586
19.56515121459961 5.390043258666992 -0.3815784454345703
18.021778106689453 5.370702743530273 -0.39349794387817383
16.65921401977539 5.355096817016602 -0.3833131790161133
15.155418395996094 5.30615234375 -0.3935108184814453
13.708309173583984 5.273471832275391 -0.3914217948913574
12.256729125976562 5.345680236816406 -0.3912215232849121
10.981945037841797 6.164791107177734 -0.3799467086791992
10.713802337646484 7.565456390380859 -0.3518352508544922
10.780319213867188 8.964141845703125 -0.3555459976196289
10.736957550048828 10.491382598876953 -0.36823081970214844
10.69940185546875 11.936552047729492 -0.3846735954284668
10.631595611572266 13.405157089233398 -0.40515661239624023
10.632892608642578 14.802274703979492 -0.4087667465209961

2
29.836231231689453 -2.2795982360839844 -0.23705625534057617
26.837078094482422 -2.3257217407226562 -0.2555656433105469
23.747344970703125 -2.349839210510254 -0.2723383903503418
20.564430236816406 -2.40231990814209 -0.27892541885375977
17.46332550048828 -2.428746223449707 -0.2851719856262207
14.262001037597656 -2.4737472534179688 -0.2950773239135742
11.05721664428711 -2.527423858642578 -0.29424428939819336
7.913673400878906 -2.57464599609375 -0.28977251052856445
4.742835998535156 -2.612027168273926 -0.28401613235473633
1.5574684143066406 -2.6508588790893555 -0.27568721771240234
-1.6086788177490234 -2.6790943145751953 -0.2735481262207031
-4.757833480834961 -2.739767074584961 -0.2735562324523926
-7.904523849487305 -2.7675132751464844 -0.27560901641845703
-11.103885650634766 -2.794236183166504 -0.27578210830688477
-14.233197212219238 -2.839984893798828 -0.28612422943115234
-17.42479705810547 -2.887805938720703 -0.2905559539794922
-20.562606811523438 -2.9041919708251953 -0.30231618881225586
-23.714778900146484 -2.956244468688965 -0.31144285202026367
-26.654598236083984 -2.9376296997070312 -0.32553863525390625
-29.828466415405273 -2.9647722244262695 -0.3433408737182617

2
5.855731964111328 14.793893814086914 -0.41417407989501953
5.9278717041015625 12.419370651245117 -0.398104190826416
5.916191101074219 9.990570068359375 -0.3660264015197754
5.917137145996094 7.681829452514648 -0.36492347717285156
5.066215515136719 5.396944046020508 -0.38422250747680664
2.796558380126953 5.117473602294922 -0.4048652648925781
0.312835693359375 5.0681915283203125 -0.407376766204834
-2.095134735107422 5.026775360107422 -0.40778160095214844
-4.471210479736328 4.985309600830078 -0.4109663963317871
-7.00019645690918 4.9735260009765625 -0.4086318016052246
-9.368730545043945 4.958187103271484 -0.40120601654052734
-11.723369598388672 4.926170349121094 -0.4030756950378418
-14.193199157714844 4.951129913330078 -0.4134230613708496
-16.575979232788086 4.931257247924805 -0.41538190841674805
-19.06840705871582 4.902736663818359 -0.42875242233276367
-21.40642738342285 4.832477569580078 -0.43990564346313477
-23.637224197387695 4.787166595458984 -0.4628152847290039
-25.918052673339844 4.664703369140625 -0.4615163803100586
-27.93382453918457 3.7758522033691406 -0.4407539367675781
-29.891071319580078 2.9194583892822266 -0.42188405990600586

1
-29.89663314819336 -4.4861297607421875 -0.2011089324951172
-29.522785186767578 -4.315911293029785 -0.20891666412353516
-29.051441192626953 -4.109858512878418 -0.19970178604125977
-28.794843673706055 -3.816558837890625 -0.21899747848510742
-28.556119918823242 -3.305098533630371 -0.2379317283630371
-28.52054786682129 -2.7940635681152344 -0.2474679946899414
-28.58863639831543 -1.9948415756225586 -0.25522708892822266
-28.65592384338379 -1.438511848449707 -0.2759552001953125
-28.641935348510742 -0.9064846038818359 -0.2977910041809082
-28.63152313232422 -0.37347984313964844 -0.3050055503845215
-28.603727340698242 0.1720132827758789 -0.32697582244873047
-28.654481887817383 0.810175895690918 -0.3375253677368164
-28.647890090942383 1.3540782928466797 -0.35063743591308594
-28.71278190612793 2.007183074951172 -0.36939477920532227
-28.613506317138672 2.462677001953125 -0.3876357078552246
-28.6771183013916 3.042713165283203 -0.3985128402709961
-28.732763290405273 3.6123275756835938 -0.4115114212036133
-29.014223098754883 4.0158538818359375 -0.39795684814453125
-29.431913375854492 4.123661041259766 -0.4004092216491699
-29.927549362182617 4.233736038208008 -0.4032154083251953

