2
29.83715057373047 -2.23752498626709 -0.27225303649902344
26.835105895996094 -2.288863182067871 -0.2840433120727539
23.758785247802734 -2.318563461303711 -0.3022012710571289
20.590717315673828 -2.375812530517578 -0.3064103126525879
17.492340087890625 -2.3960981369018555 -0.3073763847351074
14.2933349609375 -2.444779396057129 -0.30936527252197266
11.07373046875 -2.5007505416870117 -0.30606651306152344
7.916053771972656 -2.5454225540161133 -0.29657745361328125
4.740806579589844 -2.588162422180176 -0.2849764823913574
1.5521984100341797 -2.6310415267944336 -0.27112913131713867
-1.5937442779541016 -2.6626806259155273 -0.2621650695800781
-4.753204345703125 -2.730710983276367 -0.2579813003540039
-7.921445846557617 -2.76383113861084 -0.25492238998413086
-11.093891143798828 -2.800962448120117 -0.2507753372192383
-14.251178741455078 -2.846890449523926 -0.2549738883972168
-17.43560028076172 -2.9012956619262695 -0.25581789016723633
-20.564376831054688 -2.924264907836914 -0.26175689697265625
-23.709354400634766 -2.9709739685058594 -0.26519060134887695
-26.639358520507812 -2.9718122482299805 -0.2722463607788086
-29.826847076416016 -2.9907989501953125 -0.2857356071472168

2
29.842609405517578 5.451101303100586 -0.37711381912231445
28.374897003173828 5.45317268371582 -0.37969064712524414
26.937416076660156 5.440921783447266 -0.3950929641723633
25.348857879638672 5.457181930541992 -0.3949460983276367
23.843948364257812 5.446266174316406 -0.3928108215332031
22.394256591796875 5.443103790283203 -0.399111270904541
20.844738006591797 5.42529296875 -0.3964715003967285
19.362171173095703 5.415000915527344 -0.39783143997192383
17.77362823486328 5.400547027587891 -0.40431785583496094
16.368770599365234 5.374519348144531 -0.39426660537719727
14.821624755859375 5.322137832641602 -0.4027876853942871
13.351371765136719 5.275455474853516 -0.39928293228149414
11.977397918701172 5.303247451782227 -0.3968324661254883
10.489429473876953 5.931850433349609 -0.38324451446533203
10.205680847167969 7.419017791748047 -0.3529496192932129
10.317634582519531 8.873167037963867 -0.3531508445739746
10.303680419921875 10.419174194335938 -0.3634629249572754
10.30209732055664 11.92007827758789 -0.37895774841308594
10.214332580566406 13.405172348022461 -0.39997100830078125
10.191619873046875 14.810436248779297 -0.40311479568481445

2
5.443992614746094 14.801918029785156 -0.37823009490966797
5.494441986083984 12.426191329956055 -0.38273048400878906
5.403064727783203 10.060403823852539 -0.3502683639526367
5.458660125732422 7.781044006347656 -0.35559558868408203
4.695575714111328 5.403255462646484 -0.37666749954223633
2.5033226013183594 5.129121780395508 -0.39136552810668945
0.028299331665039062 5.070652008056641 -0.38925981521606445
-2.416444778442383 5.025918960571289 -0.3930654525756836
-4.724416732788086 4.98625373840332 -0.39344263076782227
-7.227502822875977 4.969266891479492 -0.3853278160095215
-9.580133438110352 4.951881408691406 -0.37644052505493164
-11.884592056274414 4.923011779785156 -0.3733959197998047
-14.317096710205078 4.941934585571289 -0.3751554489135742
-16.596881866455078 4.911224365234375 -0.37413978576660156
-19.061185836791992 4.885332107543945 -0.3836398124694824
-21.384845733642578 4.812740325927734 -0.38562536239624023
-23.597972869873047 4.75895881652832 -0.4019770622253418
-25.826507568359375 4.672773361206055 -0.40707874298095703
-27.909156799316406 4.2183074951171875 -0.3976731300354004
-29.876575469970703 3.3941707611083984 -0.3713984489440918

1
-29.915538787841797 -4.34311580657959 -0.16712331771850586
-29.631114959716797 -4.194053649902344 -0.1753683090209961
-29.220693588256836 -3.900485038757324 -0.17304420471191406
-29.07804298400879 -3.4839229583740234 -0.18344879150390625
-28.937023162841797 -2.968438148498535 -0.2046656608581543
-28.885517120361328 -2.3942136764526367 -0.2154388427734375
-28.970483779907227 -1.7796087265014648 -0.2191147804260254
-29.053003311157227 -1.2346181869506836 -0.2331242561340332
-29.106679916381836 -0.7824316024780273 -0.25578975677490234
-29.07501983642578 -0.37462902069091797 -0.26439523696899414
-29.10257911682129 0.09007072448730469 -0.27484846115112305
-29.103023529052734 0.6793537139892578 -0.2905406951904297
-29.111692428588867 1.245758056640625 -0.2956242561340332
-29.145244598388672 1.6125431060791016 -0.31255006790161133
-29.09891128540039 2.264118194580078 -0.32795190811157227
-29.12690544128418 2.7754745483398438 -0.3373599052429199
-29.16214942932129 3.3059234619140625 -0.35172367095947266
-29.249006271362305 3.660146713256836 -0.3489089012145996
-29.54627799987793 3.96417236328125 -0.35707664489746094
-29.932519912719727 4.132762908935547 -0.35283994674682617

