2
4.982715606689453 14.797943115234375 -0.3638782501220703
5.0394134521484375 12.462318420410156 -0.37109947204589844
4.8762969970703125 10.119806289672852 -0.34200620651245117
4.972469329833984 7.860561370849609 -0.34702253341674805
4.29156494140625 5.46241569519043 -0.36574554443359375
2.142791748046875 5.12025260925293 -0.37892866134643555
-0.2614173889160156 5.071369171142578 -0.37206506729125977
-2.6123180389404297 5.029777526855469 -0.377469539642334
-4.927896499633789 4.99165153503418 -0.3799586296081543
-7.372180938720703 4.964923858642578 -0.3724045753479004
-9.710857391357422 4.9429168701171875 -0.3623790740966797
-11.97900390625 4.917903900146484 -0.36015892028808594
-14.395805358886719 4.923933029174805 -0.35738611221313477
-16.630111694335938 4.889265060424805 -0.35161447525024414
-19.0296630859375 4.86338996887207 -0.35731029510498047
-21.357624053955078 4.794782638549805 -0.35834360122680664
-23.561222076416016 4.730051040649414 -0.36954450607299805
-25.772430419921875 4.651277542114258 -0.3770437240600586
-27.887939453125 4.454244613647461 -0.3771023750305176
-29.863073348999023 3.8255348205566406 -0.3531160354614258

2
29.848575592041016 5.456014633178711 -0.38208436965942383
28.36739730834961 5.450338363647461 -0.3873767852783203
26.89542007446289 5.446144104003906 -0.40303659439086914
25.26779556274414 5.458112716674805 -0.40320348739624023
23.694377899169922 5.438678741455078 -0.3988347053527832
22.24267578125 5.449605941772461 -0.4049525260925293
20.675735473632812 5.419584274291992 -0.4014754295349121
19.13851547241211 5.413053512573242 -0.40123462677001953
17.533370971679688 5.398204803466797 -0.405118465423584
16.030227661132812 5.359233856201172 -0.3963751792907715
14.472213745117188 5.313039779663086 -0.40325450897216797
13.027435302734375 5.2649993896484375 -0.4022507667541504
11.631912231445312 5.26788330078125 -0.3993802070617676
10.094291687011719 5.7855072021484375 -0.3817281723022461
9.708965301513672 7.303108215332031 -0.35500574111938477
9.850212097167969 8.810962677001953 -0.35183095932006836
9.82443618774414 10.405755996704102 -0.36386632919311523
9.855720520019531 11.906347274780273 -0.3827805519104004
9.785457611083984 13.397323608398438 -0.4035654067993164
9.717914581298828 14.811138153076172 -0.40624237060546875

2
29.838359832763672 -2.2246923446655273 -0.285794734954834
26.83654022216797 -2.272608757019043 -0.2952995300292969
23.763107299804688 -2.3040151596069336 -0.31243896484375
20.586727142333984 -2.3632755279541016 -0.31618785858154297
17.497222900390625 -2.3798017501831055 -0.31586360931396484
14.305717468261719 -2.4307260513305664 -0.3155632019042969
11.07852554321289 -2.4862565994262695 -0.3101835250854492
7.916782379150391 -2.534860610961914 -0.29852771759033203
4.738624572753906 -2.579972267150879 -0.2844529151916504
1.5487709045410156 -2.6393394470214844 -0.2686457633972168
-1.5942573547363281 -2.6720619201660156 -0.2573080062866211
-4.747135162353516 -2.7395858764648438 -0.2509303092956543
-7.916526794433594 -2.772202491760254 -0.2450418472290039
-11.077892303466797 -2.813800811767578 -0.23862838745117188
-14.24299430847168 -2.8615598678588867 -0.24044466018676758
-17.424943923950195 -2.9164295196533203 -0.2395610809326172
-20.55170440673828 -2.9468460083007812 -0.24116897583007812
-23.69853401184082 -2.9927520751953125 -0.2407369613647461
-26.6431941986084 -3.0235233306884766 -0.24480581283569336
-29.822452545166016 -3.0278244018554688 -0.25952816009521484

1
-29.934520721435547 -4.230116844177246 -0.13269567489624023
-29.727994918823242 -4.091033935546875 -0.13801336288452148
-29.385713577270508 -3.7400331497192383 -0.14458036422729492
-29.341045379638672 -3.297633171081543 -0.15895509719848633
-29.253610610961914 -2.7390575408935547 -0.17188596725463867
-29.287710189819336 -2.0996227264404297 -0.1810927391052246
-29.356483459472656 -1.5498838424682617 -0.18564701080322266
-29.42289924621582 -1.2291126251220703 -0.19048309326171875
-29.4483585357666 -0.7132606506347656 -0.21079063415527344
-29.459102630615234 -0.3313560485839844 -0.22466373443603516
-29.488449096679688 0.03028392791748047 -0.23392152786254883
-29.479772567749023 0.5551900863647461 -0.24078369140625
-29.476030349731445 1.0968589782714844 -0.25034141540527344
-29.49827003479004 1.3904705047607422 -0.2633829116821289
-29.42804718017578 1.9654254913330078 -0.27889442443847656
-29.434843063354492 2.5093212127685547 -0.29294776916503906
-29.432836532592773 3.0029239654541016 -0.3157205581665039
-29.49374008178711 3.3069839477539062 -0.3156266212463379
-29.69183349609375 3.7707481384277344 -0.33115386962890625
-29.94871711730957 4.07451057434082 -0.3255653381347656

