2
29.838546752929688 -2.1998510360717773 -0.2545046806335449
26.84058380126953 -2.250032424926758 -0.2699904441833496
23.77783966064453 -2.279470443725586 -0.2863593101501465
20.592636108398438 -2.3451223373413086 -0.29493093490600586
17.492881774902344 -2.3631792068481445 -0.29788970947265625
14.297500610351562 -2.4160375595092773 -0.30187511444091797
11.0906982421875 -2.469222068786621 -0.2987356185913086
7.933307647705078 -2.513949394226074 -0.29057741165161133
4.758750915527344 -2.5634660720825195 -0.2794184684753418
1.5802898406982422 -2.6188831329345703 -0.26823902130126953
-1.5875396728515625 -2.6476402282714844 -0.2611727714538574
-4.741432189941406 -2.7188024520874023 -0.25601768493652344
-7.899442672729492 -2.755186080932617 -0.25043249130249023
-11.075286865234375 -2.8053550720214844 -0.2450728416442871
-14.238354682922363 -2.857111930847168 -0.24905157089233398
-17.424829483032227 -2.924586296081543 -0.2482452392578125
-20.5458927154541 -2.9626598358154297 -0.24976682662963867
-23.6804256439209 -3.0099802017211914 -0.24976348876953125
-26.64289093017578 -3.0523176193237305 -0.2562437057495117
-29.818819046020508 -3.082095146179199 -0.271151065826416

2
4.551898956298828 14.794563293457031 -0.3600735664367676
4.672706604003906 12.497966766357422 -0.3587789535522461
4.505275726318359 10.216730117797852 -0.33574533462524414
4.580696105957031 7.958784103393555 -0.33864450454711914
3.9540138244628906 5.57744026184082 -0.3592653274536133
1.8972587585449219 5.144929885864258 -0.3749570846557617
-0.43756866455078125 5.095541000366211 -0.3701620101928711
-2.7542552947998047 5.044565200805664 -0.3752880096435547
-5.049613952636719 5.010978698730469 -0.38274621963500977
-7.4956207275390625 4.970428466796875 -0.37842321395874023
-9.754531860351562 4.957643508911133 -0.3687458038330078
-12.037399291992188 4.935340881347656 -0.3675680160522461
-14.435808181762695 4.9465789794921875 -0.36470842361450195
-16.655231475830078 4.907501220703125 -0.35913705825805664
-19.066055297851562 4.889560699462891 -0.3627200126647949
-21.352848052978516 4.824884414672852 -0.3624453544616699
-23.539833068847656 4.76188850402832 -0.3735694885253906
-25.705738067626953 4.679492950439453 -0.3803868293762207
-27.853471755981445 4.576436996459961 -0.38642120361328125
-29.854509353637695 4.357471466064453 -0.38410091400146484

2
29.857501983642578 5.453044891357422 -0.34990358352661133
28.388347625732422 5.455759048461914 -0.35446929931640625
26.86162567138672 5.451297760009766 -0.3698458671569824
25.246902465820312 5.472553253173828 -0.37793684005737305
23.625377655029297 5.454555511474609 -0.3746523857116699
22.141571044921875 5.468536376953125 -0.3787689208984375
20.53717803955078 5.435323715209961 -0.3751959800720215
18.99984359741211 5.437984466552734 -0.37900590896606445
17.38336181640625 5.419160842895508 -0.38487720489501953
15.832733154296875 5.392116546630859 -0.37778377532958984
14.219684600830078 5.342193603515625 -0.38396739959716797
12.800975799560547 5.306684494018555 -0.38831090927124023
11.421985626220703 5.276018142700195 -0.38747406005859375
9.817626953125 5.722078323364258 -0.36751461029052734
9.329315185546875 7.181877136230469 -0.3403611183166504
9.407020568847656 8.791553497314453 -0.34070301055908203
9.379718780517578 10.372509002685547 -0.35308218002319336
9.383209228515625 11.843299865722656 -0.36848926544189453
9.29217529296875 13.363964080810547 -0.3867216110229492
9.231243133544922 14.80733871459961 -0.39152002334594727

