2
29.842121124267578 -2.216886520385742 -0.2488245964050293
26.844131469726562 -2.2594594955444336 -0.265657901763916
23.78311538696289 -2.2823314666748047 -0.2814979553222656
20.592247009277344 -2.35062313079834 -0.29028797149658203
17.497833251953125 -2.365780830383301 -0.2942047119140625
14.317787170410156 -2.4186906814575195 -0.2983565330505371
11.092308044433594 -2.474973678588867 -0.2963252067565918
7.922931671142578 -2.5225257873535156 -0.2883472442626953
4.757625579833984 -2.575007438659668 -0.2764930725097656
1.5808181762695312 -2.6269149780273438 -0.2655668258666992
-1.5897102355957031 -2.653207778930664 -0.2583465576171875
-4.7387237548828125 -2.722224235534668 -0.2531466484069824
-7.891300201416016 -2.754765510559082 -0.24727582931518555
-11.047880172729492 -2.7992639541625977 -0.24225664138793945
-14.232336044311523 -2.852938652038574 -0.24715185165405273
-17.42317771911621 -2.917116165161133 -0.2449045181274414
-20.539249420166016 -2.957320213317871 -0.24692678451538086
-23.664596557617188 -3.0072813034057617 -0.24742364883422852
-26.64266014099121 -3.0504589080810547 -0.25217151641845703
-29.8170108795166 -3.08280086517334 -0.2686958312988281

2
4.25640869140625 14.796854019165039 -0.37884521484375
4.270595550537109 12.547863006591797 -0.3822202682495117
4.090003967285156 10.309001922607422 -0.3472256660461426
4.119464874267578 8.016899108886719 -0.34522199630737305
3.71636962890625 5.664264678955078 -0.36310482025146484
1.782449722290039 5.1484832763671875 -0.3776402473449707
-0.5360031127929688 5.094207763671875 -0.3749580383300781
-2.781129837036133 5.048921585083008 -0.3792867660522461
-5.053075790405273 5.014909744262695 -0.38575172424316406
-7.486295700073242 4.9782562255859375 -0.38170528411865234
-9.691581726074219 4.971357345581055 -0.37209272384643555
-11.98164176940918 4.94813346862793 -0.36859798431396484
-14.366124153137207 4.961725234985352 -0.36713695526123047
-16.596843719482422 4.928047180175781 -0.35997772216796875
-19.029056549072266 4.919687271118164 -0.3633246421813965
-21.32332992553711 4.851676940917969 -0.3621211051940918
-23.510272979736328 4.799276351928711 -0.37335872650146484
-25.701019287109375 4.719390869140625 -0.3814582824707031
-27.831993103027344 4.621953964233398 -0.38585948944091797
-29.844873428344727 4.434701919555664 -0.3887162208557129

2
29.870410919189453 5.458717346191406 -0.3512110710144043
28.45291519165039 5.462955474853516 -0.35440540313720703
26.815811157226562 5.448659896850586 -0.372342586517334
25.262744903564453 5.481143951416016 -0.37945556640625
23.603042602539062 5.45765495300293 -0.3773517608642578
22.156402587890625 5.471975326538086 -0.3809061050415039
20.57400894165039 5.445077896118164 -0.3773517608642578
18.931533813476562 5.451118469238281 -0.3809051513671875
17.30011749267578 5.426324844360352 -0.38523101806640625
15.692459106445312 5.4044342041015625 -0.3804965019226074
13.96246337890625 5.364679336547852 -0.3861074447631836
12.595207214355469 5.323781967163086 -0.3951687812805176
11.195053100585938 5.27665901184082 -0.3957839012145996
9.482681274414062 5.632070541381836 -0.37535810470581055
8.978839874267578 7.049854278564453 -0.3463401794433594
9.052188873291016 8.709329605102539 -0.3454093933105469
9.012916564941406 10.334228515625 -0.35937976837158203
8.979328155517578 11.773506164550781 -0.3716301918029785
8.934429168701172 13.303426742553711 -0.38846302032470703
8.980331420898438 14.799278259277344 -0.40279722213745117

