1
6.168476104736328 -4.71906852722168 -0.31078338623046875
6.175449371337891 -3.0657472610473633 -0.3079710006713867
6.204719543457031 -1.448751449584961 -0.30249929428100586
6.258853912353516 0.15828990936279297 -0.2941131591796875
6.2320709228515625 1.7030048370361328 -0.28668928146362305
6.369346618652344 3.3377914428710938 -0.2822537422180176
6.477912902832031 4.97123908996582 -0.2721138000488281
6.220722198486328 6.240081787109375 -0.2697458267211914
4.5562744140625 6.336154937744141 -0.22453927993774414
2.878612518310547 6.396888732910156 -0.1900343894958496
1.8320560455322266 5.941873550415039 -0.16560602188110352
1.7353038787841797 4.364580154418945 -0.1758251190185547
1.7281608581542969 2.7143993377685547 -0.18767642974853516
1.6716995239257812 1.0657081604003906 -0.1955571174621582
1.6215877532958984 -0.5651893615722656 -0.20270872116088867
1.5415840148925781 -2.200345039367676 -0.21334505081176758
1.4609813690185547 -3.759584426879883 -0.22405195236206055
2.8787689208984375 -4.180228233337402 -0.2551841735839844
4.600238800048828 -4.47138786315918 -0.2933311462402344
6.205837249755859 -4.7090349197387695 -0.3110160827636719

2
29.823040008544922 4.27265739440918 -0.18252325057983398
28.600677490234375 4.300058364868164 -0.1848769187927246
27.354068756103516 4.348688125610352 -0.19801712036132812
26.18769073486328 4.457374572753906 -0.21114349365234375
25.00707244873047 4.495883941650391 -0.21553659439086914
23.851593017578125 4.564006805419922 -0.22373437881469727
22.70447540283203 4.615207672119141 -0.23319435119628906
21.426651000976562 4.673311233520508 -0.2338395118713379
20.259315490722656 4.686939239501953 -0.24299192428588867
18.926616668701172 4.75511360168457 -0.26416444778442383
17.790386199951172 4.891397476196289 -0.2785053253173828
16.809017181396484 5.49976921081543 -0.28055858612060547
16.085617065429688 6.435264587402344 -0.28693675994873047
15.828750610351562 7.625099182128906 -0.27272939682006836
15.812881469726562 8.799673080444336 -0.2583503723144531
15.909248352050781 10.122407913208008 -0.24767589569091797
15.967174530029297 11.316387176513672 -0.2441110610961914
15.988174438476562 12.472015380859375 -0.25136518478393555
16.032032012939453 13.635919570922852 -0.24723482131958008
16.156570434570312 14.810527801513672 -0.2531132698059082

1
15.627059936523438 -4.341451644897461 -0.2893791198730469
14.02846908569336 -4.24591064453125 -0.2924509048461914
12.658966064453125 -4.177006721496582 -0.29642200469970703
11.113399505615234 -4.107270240783691 -0.298403263092041
9.652454376220703 -4.025432586669922 -0.2941131591796875
8.20444107055664 -3.9567480087280273 -0.2974557876586914
6.609336853027344 -3.881106376647949 -0.29926443099975586
5.273426055908203 -3.9014549255371094 -0.29482221603393555
5.643653869628906 -5.383666038513184 -0.30098819732666016
6.059803009033203 -6.797574043273926 -0.2939167022705078
6.372211456298828 -8.215532302856445 -0.30779361724853516
7.5480194091796875 -8.64480209350586 -0.31734752655029297
9.112354278564453 -8.739541053771973 -0.3239717483520508
10.4654541015625 -8.757584571838379 -0.33580636978149414
11.934818267822266 -8.817234992980957 -0.34221458435058594
13.455276489257812 -8.951946258544922 -0.35816001892089844
14.773307800292969 -8.694368362426758 -0.3689842224121094
15.06722640991211 -7.207638263702393 -0.34897661209106445
15.343246459960938 -5.797607421875 -0.3226895332336426
15.618457794189453 -4.323603630065918 -0.29230356216430664

2
8.414627075195312 14.79387092590332 -0.29462099075317383
8.218673706054688 12.382270812988281 -0.3056344985961914
8.149612426757812 10.037637710571289 -0.32048463821411133
8.055648803710938 7.5068817138671875 -0.371340274810791
6.652751922607422 5.590259552001953 -0.3334841728210449
4.35595703125 5.231971740722656 -0.3050041198730469
1.9212017059326172 5.391572952270508 -0.28198766708374023
-0.5631961822509766 5.453868865966797 -0.24696969985961914
-3.0411319732666016 5.531488418579102 -0.23296689987182617
-5.480531692504883 5.6334075927734375 -0.2001805305480957
-8.055788040161133 5.762706756591797 -0.19410276412963867
-10.376688003540039 5.8621368408203125 -0.1812906265258789
-12.869157791137695 5.945005416870117 -0.17813348770141602
-15.275708198547363 6.019674301147461 -0.1697239875793457
-17.737377166748047 6.105068206787109 -0.16110801696777344
-20.164546966552734 6.192985534667969 -0.15620899200439453
-22.616355895996094 6.32366943359375 -0.14794492721557617
-25.004255294799805 6.395137786865234 -0.14400672912597656
-27.475200653076172 6.474088668823242 -0.13520145416259766
-29.806270599365234 6.537118911743164 -0.13614940643310547

1
6.63067626953125 10.205142974853516 -0.21938371658325195
6.349964141845703 8.67393684387207 -0.2544875144958496
6.123477935791016 7.117256164550781 -0.3174409866333008
5.899650573730469 5.558258056640625 -0.33865928649902344
7.415668487548828 5.544635772705078 -0.33349132537841797
9.11215591430664 5.453413009643555 -0.3227238655090332
10.609977722167969 5.466041564941406 -0.31694841384887695
12.195167541503906 5.394954681396484 -0.30382394790649414
13.836322784423828 5.338968276977539 -0.3034224510192871
15.402000427246094 5.296417236328125 -0.3023953437805176
17.11569595336914 5.250949859619141 -0.2935757637023926
16.7584228515625 6.830562591552734 -0.27781057357788086
16.351581573486328 8.311687469482422 -0.2660026550292969
15.995323181152344 9.886188507080078 -0.2593116760253906
14.524898529052734 10.147945404052734 -0.24889183044433594
12.977310180664062 10.036767959594727 -0.24016904830932617
11.418609619140625 10.103181838989258 -0.2372574806213379
9.908897399902344 10.141813278198242 -0.22997140884399414
8.223278045654297 10.188486099243164 -0.22071170806884766
6.593166351318359 10.166322708129883 -0.21991777420043945

2
7.304958343505859 -14.8019437789917 -0.4439268112182617
7.418540954589844 -12.232961654663086 -0.4239993095397949
7.53436279296875 -9.843217849731445 -0.41864776611328125
7.644886016845703 -7.270678997039795 -0.41956329345703125
7.364238739013672 -4.783638000488281 -0.3811912536621094
5.388828277587891 -3.200249671936035 -0.34717845916748047
2.910247802734375 -3.027952194213867 -0.3238224983215332
0.3235969543457031 -2.9563541412353516 -0.26070356369018555
-2.1659698486328125 -2.855717658996582 -0.21620798110961914
-4.708745956420898 -2.7583818435668945 -0.1867809295654297
-7.332332611083984 -2.6562633514404297 -0.17389678955078125
-9.699312210083008 -2.5649242401123047 -0.18405723571777344
-12.316017150878906 -2.46002197265625 -0.18540620803833008
-14.741424560546875 -2.3521108627319336 -0.18902063369750977
-17.356660842895508 -2.2706174850463867 -0.19860506057739258
-19.971206665039062 -2.1586246490478516 -0.20973682403564453
-22.531124114990234 -2.055108070373535 -0.20924854278564453
-24.96410369873047 -1.952371597290039 -0.22189712524414062
-27.34346580505371 -1.8542890548706055 -0.2256760597229004
-29.81002426147461 -1.7853727340698242 -0.23153114318847656

1
16.395301818847656 5.234844207763672 -0.33891916275024414
16.237064361572266 3.812349319458008 -0.3155031204223633
15.990959167480469 2.368408203125 -0.30863475799560547
15.899860382080078 0.9226713180541992 -0.2906613349914551
15.619956970214844 -0.4714822769165039 -0.2965736389160156
15.496501922607422 -1.8823556900024414 -0.29183530807495117
15.268714904785156 -3.3159751892089844 -0.2766380310058594
16.08395004272461 -4.018430709838867 -0.2865867614746094
17.518173217773438 -4.122698783874512 -0.3009662628173828
18.92668914794922 -4.14622688293457 -0.30109262466430664
20.162979125976562 -4.021038055419922 -0.31263303756713867
20.172447204589844 -2.6130056381225586 -0.2893242835998535
20.21017074584961 -1.1892938613891602 -0.27713489532470703
20.25066375732422 0.21847820281982422 -0.2553524971008301
20.27273941040039 1.663869857788086 -0.22472858428955078
20.343055725097656 3.0481948852539062 -0.2176046371459961
20.46509552001953 4.488208770751953 -0.19783782958984375
19.230728149414062 4.8669586181640625 -0.2270517349243164
17.85986328125 5.043977737426758 -0.2739548683166504
16.374488830566406 5.188291549682617 -0.30551671981811523

2
29.83301544189453 -4.02274227142334 -0.3170008659362793
28.377334594726562 -3.938838005065918 -0.3323526382446289
26.771526336669922 -3.9013051986694336 -0.35306406021118164
25.238483428955078 -3.8431568145751953 -0.35546016693115234
23.620891571044922 -3.798830032348633 -0.3704514503479004
22.007369995117188 -3.7383012771606445 -0.37342357635498047
20.477893829345703 -3.6568775177001953 -0.3729591369628906
19.108909606933594 -3.4329404830932617 -0.36966466903686523
18.364498138427734 -2.3447656631469727 -0.38425350189208984
17.124099731445312 -2.327098846435547 -0.3746676445007324
15.592308044433594 -2.9479827880859375 -0.3504214286804199
14.507125854492188 -4.049929618835449 -0.33469581604003906
13.98099136352539 -5.326776504516602 -0.35282421112060547
13.721748352050781 -6.822719573974609 -0.3815021514892578
13.735729217529297 -8.509393692016602 -0.39983224868774414
14.543792724609375 -9.108325958251953 -0.3986935615539551
15.216300964355469 -10.247396469116211 -0.41584253311157227
15.29803466796875 -11.830392837524414 -0.44576597213745117
15.203330993652344 -13.306914329528809 -0.4465470314025879
15.114356994628906 -14.809954643249512 -0.45094776153564453

0
11.857391357421875 14.97787094116211 -0.2691483497619629
11.848495483398438 14.875368118286133 -0.2561149597167969
11.88137435913086 14.708477020263672 -0.2580089569091797
11.872493743896484 14.538707733154297 -0.2603793144226074
11.89358139038086 14.35980224609375 -0.25137853622436523
11.891830444335938 14.172281265258789 -0.24901866912841797
11.880439758300781 14.000936508178711 -0.25112390518188477
11.877471923828125 13.824390411376953 -0.2497997283935547
11.849372863769531 13.688335418701172 -0.25736093521118164
11.831398010253906 13.486188888549805 -0.2642478942871094
11.820083618164062 13.304283142089844 -0.2645101547241211
11.819114685058594 13.105655670166016 -0.2677326202392578
11.796195983886719 12.909051895141602 -0.26747560501098633
11.819602966308594 12.751882553100586 -0.27152490615844727
11.846595764160156 12.563238143920898 -0.2729358673095703
11.830127716064453 12.359865188598633 -0.2644529342651367
11.824073791503906 12.191278457641602 -0.26134395599365234
11.819049835205078 12.021488189697266 -0.2627859115600586
11.790782928466797 11.908246994018555 -0.27353858947753906
11.787239074707031 11.677278518676758 -0.2741832733154297

