2
29.8426513671875 -2.1866369247436523 -0.26189613342285156
26.841957092285156 -2.2377891540527344 -0.2761721611022949
23.78009796142578 -2.2726335525512695 -0.2928953170776367
20.585304260253906 -2.346799850463867 -0.30001306533813477
17.49578094482422 -2.3656301498413086 -0.3017597198486328
14.323230743408203 -2.4218759536743164 -0.30305957794189453
11.098834991455078 -2.4830198287963867 -0.30019426345825195
7.929141998291016 -2.5284652709960938 -0.2904181480407715
4.764137268066406 -2.5823192596435547 -0.2765488624572754
1.580453872680664 -2.631532669067383 -0.26395702362060547
-1.574686050415039 -2.655972480773926 -0.25516366958618164
-4.728614807128906 -2.729182243347168 -0.24884939193725586
-7.895795822143555 -2.7582740783691406 -0.24390888214111328
-11.045295715332031 -2.8015756607055664 -0.23793840408325195
-14.236614227294922 -2.8537464141845703 -0.24144983291625977
-17.427814483642578 -2.9149227142333984 -0.23856067657470703
-20.545269012451172 -2.9513607025146484 -0.2388319969177246
-23.670011520385742 -2.9987735748291016 -0.2394552230834961
-26.644201278686523 -3.0409889221191406 -0.24287176132202148
-29.816877365112305 -3.0653858184814453 -0.25954103469848633

2
3.8366546630859375 14.7947998046875 -0.4177718162536621
3.8476409912109375 12.545557022094727 -0.4142913818359375
3.6851768493652344 10.352561950683594 -0.3771224021911621
3.6994171142578125 8.17092514038086 -0.3670806884765625
3.4051132202148438 5.85334587097168 -0.38196611404418945
1.5269699096679688 5.145774841308594 -0.39275550842285156
-0.6986103057861328 5.078340530395508 -0.39247846603393555
-2.961343765258789 5.023277282714844 -0.3937854766845703
-5.227565765380859 4.996679306030273 -0.39159059524536133
-7.616935729980469 4.96076774597168 -0.3896450996398926
-9.807891845703125 4.957073211669922 -0.37609100341796875
-12.090824127197266 4.940488815307617 -0.37233543395996094
-14.430132865905762 4.960592269897461 -0.3707590103149414
-16.66607666015625 4.922687530517578 -0.3634357452392578
-19.040603637695312 4.92408561706543 -0.36582422256469727
-21.337066650390625 4.8608551025390625 -0.3647136688232422
-23.51709747314453 4.816547393798828 -0.37610483169555664
-25.72635269165039 4.735675811767578 -0.3831796646118164
-27.827274322509766 4.659112930297852 -0.3872971534729004
-29.839500427246094 4.501228332519531 -0.39316654205322266

2
29.83047866821289 5.572225570678711 -0.40218067169189453
28.382686614990234 5.524911880493164 -0.4053492546081543
26.73641586303711 5.534049987792969 -0.40784645080566406
25.151573181152344 5.530584335327148 -0.40215349197387695
23.595130920410156 5.518610000610352 -0.40081357955932617
21.97888946533203 5.5183563232421875 -0.40310049057006836
20.426361083984375 5.486719131469727 -0.3988213539123535
18.90178680419922 5.512889862060547 -0.3990769386291504
17.380691528320312 5.492485046386719 -0.4015388488769531
15.685890197753906 5.456699371337891 -0.4066286087036133
14.170028686523438 5.4105072021484375 -0.4102201461791992
12.39413833618164 5.365886688232422 -0.40883493423461914
10.850227355957031 5.3514404296875 -0.414705753326416
9.227062225341797 5.557472229003906 -0.39197683334350586
8.584598541259766 7.004884719848633 -0.35814857482910156
8.566680908203125 8.58913803100586 -0.3457317352294922
8.59628677368164 10.044897079467773 -0.3665156364440918
8.55169677734375 11.633556365966797 -0.37198305130004883
8.525821685791016 13.233207702636719 -0.4026627540588379
8.440048217773438 14.804080963134766 -0.4329652786254883

