2
29.843246459960938 -2.1842803955078125 -0.2458515167236328
26.83911895751953 -2.2405309677124023 -0.26254892349243164
23.786521911621094 -2.2757415771484375 -0.27993154525756836
20.594608306884766 -2.351238250732422 -0.2899622917175293
17.507247924804688 -2.363414764404297 -0.29252052307128906
14.325756072998047 -2.414457321166992 -0.2950124740600586
11.103355407714844 -2.472691535949707 -0.29162168502807617
7.925926208496094 -2.51870059967041 -0.28292179107666016
4.773468017578125 -2.574110984802246 -0.2700324058532715
1.5935745239257812 -2.626082420349121 -0.2585740089416504
-1.5792312622070312 -2.6599035263061523 -0.251436710357666
-4.730478286743164 -2.7391157150268555 -0.24072837829589844
-7.901668548583984 -2.770087242126465 -0.23577213287353516
-11.033422470092773 -2.820864677429199 -0.22738170623779297
-14.235937118530273 -2.876729965209961 -0.22867679595947266
-17.427452087402344 -2.9405479431152344 -0.22602272033691406
-20.533496856689453 -2.980571746826172 -0.2244257926940918
-23.660228729248047 -3.0273895263671875 -0.22342920303344727
-26.637298583984375 -3.0763044357299805 -0.2281970977783203
-29.815513610839844 -3.1054296493530273 -0.24157047271728516

2
3.383739471435547 14.796554565429688 -0.4496598243713379
3.3903961181640625 12.57394790649414 -0.4302225112915039
3.2887954711914062 10.37302017211914 -0.3955521583557129
3.25457763671875 8.256038665771484 -0.38370466232299805
3.0851364135742188 5.951694488525391 -0.39690685272216797
1.2869701385498047 5.111665725708008 -0.4027876853942871
-0.9335670471191406 5.055986404418945 -0.4008665084838867
-3.126993179321289 5.003629684448242 -0.4027729034423828
-5.410606384277344 4.9707489013671875 -0.39697837829589844
-7.741765975952148 4.9271240234375 -0.39661455154418945
-9.911027908325195 4.925886154174805 -0.38213491439819336
-12.175317764282227 4.910039901733398 -0.3782310485839844
-14.477949142456055 4.925634384155273 -0.37665748596191406
-16.718536376953125 4.885913848876953 -0.37029409408569336
-19.051088333129883 4.892183303833008 -0.370607852935791
-21.339176177978516 4.8345184326171875 -0.3679380416870117
-23.50408935546875 4.789438247680664 -0.37940454483032227
-25.70735740661621 4.717342376708984 -0.38475894927978516
-27.816009521484375 4.646724700927734 -0.390350341796875
-29.83319091796875 4.5004119873046875 -0.39782047271728516

2
29.84238052368164 5.59393310546875 -0.4127163887023926
28.3675537109375 5.539571762084961 -0.4199042320251465
26.69638442993164 5.544914245605469 -0.4228348731994629
25.070884704589844 5.545295715332031 -0.4154844284057617
23.444183349609375 5.529684066772461 -0.41947507858276367
21.785808563232422 5.516521453857422 -0.41547298431396484
20.200538635253906 5.479503631591797 -0.4129805564880371
18.63140869140625 5.497417449951172 -0.4111814498901367
17.107643127441406 5.478422164916992 -0.4168086051940918
15.470462799072266 5.439210891723633 -0.41774845123291016
13.904937744140625 5.399648666381836 -0.42057037353515625
12.08035659790039 5.351987838745117 -0.4172639846801758
10.47625732421875 5.313718795776367 -0.42670774459838867
8.855278015136719 5.479160308837891 -0.40186023712158203
8.058723449707031 6.781147003173828 -0.37453317642211914
8.00714111328125 8.436628341674805 -0.35931825637817383
8.062553405761719 9.935213088989258 -0.37754344940185547
8.018726348876953 11.609844207763672 -0.38477277755737305
8.0150146484375 13.213325500488281 -0.4252777099609375
8.0233154296875 14.80183219909668 -0.45586156845092773

