2
29.839874267578125 -2.1182613372802734 -0.24089431762695312
26.841171264648438 -2.192317008972168 -0.2593369483947754
23.779644012451172 -2.234851837158203 -0.275393009185791
20.587162017822266 -2.3153209686279297 -0.28684091567993164
17.485820770263672 -2.3320226669311523 -0.29197072982788086
14.30721664428711 -2.3899478912353516 -0.2957892417907715
11.084259033203125 -2.449397087097168 -0.2928481101989746
7.916805267333984 -2.4952192306518555 -0.28424644470214844
4.764438629150391 -2.555673599243164 -0.2711658477783203
1.5943870544433594 -2.6030797958374023 -0.2591390609741211
-1.5790061950683594 -2.6338138580322266 -0.2528514862060547
-4.731109619140625 -2.7133731842041016 -0.2434086799621582
-7.899160385131836 -2.742441177368164 -0.23774242401123047
-11.036401748657227 -2.7957725524902344 -0.22947216033935547
-14.22942066192627 -2.8538646697998047 -0.23224544525146484
-17.416851043701172 -2.9194154739379883 -0.2291088104248047
-20.531536102294922 -2.9613571166992188 -0.2273859977722168
-23.662883758544922 -3.013014793395996 -0.22789239883422852
-26.640029907226562 -3.0621957778930664 -0.23258352279663086
-29.814598083496094 -3.0935983657836914 -0.2474822998046875

2
2.922962188720703 14.801349639892578 -0.4244985580444336
2.931884765625 12.610685348510742 -0.40312671661376953
2.8328514099121094 10.427299499511719 -0.3764004707336426
2.7487869262695312 8.306924819946289 -0.3663802146911621
2.6149253845214844 6.094415664672852 -0.3791170120239258
0.8785305023193359 5.094663619995117 -0.39461612701416016
-1.3486461639404297 5.076620101928711 -0.39516687393188477
-3.511899948120117 5.012939453125 -0.3974947929382324
-5.744174957275391 4.983137130737305 -0.3946208953857422
-8.060989379882812 4.949253082275391 -0.3952980041503906
-10.183832168579102 4.954172134399414 -0.3814988136291504
-12.415477752685547 4.930816650390625 -0.37984657287597656
-14.68568229675293 4.95197868347168 -0.3775463104248047
-16.858623504638672 4.909832000732422 -0.3715214729309082
-19.1197509765625 4.918024063110352 -0.3727874755859375
-21.37641143798828 4.862794876098633 -0.37042951583862305
-23.53450584411621 4.82269287109375 -0.3802371025085449
-25.721466064453125 4.754947662353516 -0.38538408279418945
-27.817272186279297 4.690303802490234 -0.39215517044067383
-29.83626365661621 4.5492706298828125 -0.4004354476928711

2
29.84569549560547 5.617956161499023 -0.40347862243652344
28.34630584716797 5.564434051513672 -0.40870141983032227
26.654582977294922 5.565706253051758 -0.41022634506225586
24.995006561279297 5.56195068359375 -0.40306758880615234
23.301494598388672 5.538061141967773 -0.4087371826171875
21.621540069580078 5.531681060791016 -0.40725278854370117
20.024188995361328 5.4912872314453125 -0.4058995246887207
18.422561645507812 5.515064239501953 -0.4038572311401367
16.895957946777344 5.49029541015625 -0.40929651260375977
15.263206481933594 5.450906753540039 -0.4102344512939453
13.675422668457031 5.414798736572266 -0.4129600524902344
11.813072204589844 5.368146896362305 -0.40677833557128906
10.201751708984375 5.331930160522461 -0.41373109817504883
8.571426391601562 5.472890853881836 -0.3932528495788574
7.686878204345703 6.710430145263672 -0.3639516830444336
7.590549468994141 8.355405807495117 -0.34206104278564453
7.636688232421875 9.881719589233398 -0.3602285385131836
7.643123626708984 11.561935424804688 -0.37270689010620117
7.618701934814453 13.215957641601562 -0.4095292091369629
7.547576904296875 14.822633743286133 -0.439730167388916

