2
29.840335845947266 -2.1106643676757812 -0.2209491729736328
26.833961486816406 -2.179213523864746 -0.24194765090942383
23.78299331665039 -2.2165613174438477 -0.2572150230407715
20.58987045288086 -2.2952346801757812 -0.2695775032043457
17.47916030883789 -2.3153810501098633 -0.2784910202026367
14.30545425415039 -2.3760986328125 -0.2865161895751953
11.090801239013672 -2.436307907104492 -0.28455305099487305
7.925670623779297 -2.493035316467285 -0.2785181999206543
4.775356292724609 -2.556393623352051 -0.268770694732666
1.607534408569336 -2.60867977142334 -0.2607569694519043
-1.5870590209960938 -2.642610549926758 -0.2572178840637207
-4.738212585449219 -2.7253246307373047 -0.24856853485107422
-7.904340744018555 -2.7568159103393555 -0.24250268936157227
-11.046836853027344 -2.8133535385131836 -0.23445987701416016
-14.236775398254395 -2.8767662048339844 -0.23819732666015625
-17.422380447387695 -2.944021224975586 -0.23518848419189453
-20.536663055419922 -2.990377426147461 -0.23457860946655273
-23.66803741455078 -3.043147087097168 -0.23454761505126953
-26.636945724487305 -3.099726676940918 -0.24094486236572266
-29.81515121459961 -3.136593818664551 -0.257659912109375

2
2.554546356201172 14.800947189331055 -0.40477657318115234
2.5384674072265625 12.61317253112793 -0.38529062271118164
2.4810447692871094 10.45535659790039 -0.3651275634765625
2.3822021484375 8.348432540893555 -0.3518247604370117
2.3013267517089844 6.19123649597168 -0.36796140670776367
0.6167392730712891 5.093036651611328 -0.3869500160217285
-1.5883045196533203 5.0780029296875 -0.3875389099121094
-3.720212936401367 5.012081146240234 -0.39264535903930664
-5.967742919921875 4.973152160644531 -0.39527082443237305
-8.22995376586914 4.933328628540039 -0.3966946601867676
-10.349136352539062 4.930255889892578 -0.3843574523925781
-12.534116744995117 4.898160934448242 -0.38366031646728516
-14.77445125579834 4.912631988525391 -0.3813638687133789
-16.918888092041016 4.870822906494141 -0.3776679039001465
-19.120506286621094 4.870655059814453 -0.3781266212463379
-21.356185913085938 4.823575973510742 -0.3764033317565918
-23.528209686279297 4.773674011230469 -0.3851909637451172
-25.697052001953125 4.716001510620117 -0.3887662887573242
-27.787498474121094 4.652034759521484 -0.39803218841552734
-29.831010818481445 4.531883239746094 -0.40766286849975586

2
29.849807739257812 5.627016067504883 -0.38364458084106445
28.325271606445312 5.572444915771484 -0.38930606842041016
26.60257339477539 5.580350875854492 -0.3900947570800781
24.90453338623047 5.575244903564453 -0.38446855545043945
23.140377044677734 5.5402374267578125 -0.3906989097595215
21.433494567871094 5.536933898925781 -0.39307737350463867
19.86977767944336 5.50511360168457 -0.39450502395629883
18.217498779296875 5.513654708862305 -0.3913693428039551
16.685256958007812 5.49315071105957 -0.40006494522094727
15.031574249267578 5.452480316162109 -0.40048694610595703
13.427974700927734 5.407949447631836 -0.403017520904541
11.629203796386719 5.363689422607422 -0.39922189712524414
9.985107421875 5.320981979370117 -0.4055933952331543
8.33203125 5.462427139282227 -0.3841361999511719
7.371448516845703 6.583011627197266 -0.3570570945739746
7.2182769775390625 8.237499237060547 -0.3327908515930176
7.22210693359375 9.829065322875977 -0.3502035140991211
7.221302032470703 11.568138122558594 -0.36231184005737305
7.243446350097656 13.215204238891602 -0.39758729934692383
7.158382415771484 14.81761360168457 -0.42083263397216797

