2
29.840442657470703 -2.097661018371582 -0.22567462921142578
26.840057373046875 -2.169856071472168 -0.24616479873657227
23.792865753173828 -2.2135982513427734 -0.26117372512817383
20.59531021118164 -2.290699005126953 -0.2742648124694824
17.476863861083984 -2.3146791458129883 -0.2832798957824707
14.292915344238281 -2.369508743286133 -0.2906179428100586
11.082687377929688 -2.4249391555786133 -0.2888174057006836
7.936492919921875 -2.4762821197509766 -0.2832145690917969
4.7688140869140625 -2.53780460357666 -0.2735304832458496
1.607168197631836 -2.595918655395508 -0.26554441452026367
-1.5772132873535156 -2.634230613708496 -0.2619009017944336
-4.728416442871094 -2.723942756652832 -0.2543802261352539
-7.892398834228516 -2.7532663345336914 -0.24741601943969727
-11.067543029785156 -2.818079948425293 -0.24125242233276367
-14.242526054382324 -2.87844181060791 -0.24591493606567383
-17.445091247558594 -2.950324058532715 -0.24367618560791016
-20.550426483154297 -2.9973201751708984 -0.24479389190673828
-23.681781768798828 -3.0534143447875977 -0.2452559471130371
-26.636978149414062 -3.1132431030273438 -0.2529311180114746
-29.816801071166992 -3.1515674591064453 -0.2676553726196289

2
2.111949920654297 14.798261642456055 -0.3682084083557129
2.0910873413085938 12.634584426879883 -0.35581445693969727
2.015277862548828 10.503486633300781 -0.33623647689819336
1.9263668060302734 8.408693313598633 -0.332852840423584
1.859518051147461 6.266122817993164 -0.354245662689209
0.22724342346191406 5.111541748046875 -0.37100648880004883
-1.8818817138671875 5.078741073608398 -0.3700413703918457
-4.046518325805664 5.013675689697266 -0.37311267852783203
-6.256479263305664 4.970888137817383 -0.3826127052307129
-8.4390869140625 4.926473617553711 -0.3841228485107422
-10.573524475097656 4.919818878173828 -0.37375497817993164
-12.721672058105469 4.891870498657227 -0.37288856506347656
-14.958091735839844 4.890022277832031 -0.36954164505004883
-17.016849517822266 4.8544921875 -0.36817121505737305
-19.183719635009766 4.853084564208984 -0.36551618576049805
-21.390045166015625 4.811981201171875 -0.3626670837402344
-23.52020263671875 4.754602432250977 -0.36989307403564453
-25.68035125732422 4.699552536010742 -0.37404918670654297
-27.76764678955078 4.632587432861328 -0.38797807693481445
-29.824127197265625 4.504953384399414 -0.39638566970825195

2
29.85163116455078 5.674121856689453 -0.36383771896362305
28.279659271240234 5.617082595825195 -0.36830854415893555
26.52102279663086 5.626186370849609 -0.3679370880126953
24.79098129272461 5.615375518798828 -0.3643374443054199
22.995006561279297 5.572847366333008 -0.3715696334838867
21.269939422607422 5.564020156860352 -0.3743629455566406
19.68869400024414 5.536151885986328 -0.3764076232910156
18.01279067993164 5.533838272094727 -0.3738088607788086
16.449535369873047 5.512441635131836 -0.38166236877441406
14.783233642578125 5.465248107910156 -0.38439083099365234
13.119556427001953 5.433204650878906 -0.3873100280761719
11.340152740478516 5.3809661865234375 -0.38463306427001953
9.74053955078125 5.344104766845703 -0.3912534713745117
8.013225555419922 5.46241569519043 -0.3704719543457031
6.969043731689453 6.468936920166016 -0.33818769454956055
6.785804748535156 8.141340255737305 -0.30993032455444336
6.7935028076171875 9.784059524536133 -0.3280010223388672
6.786827087402344 11.551610946655273 -0.338590145111084
6.781208038330078 13.183921813964844 -0.369840145111084
6.680000305175781 14.818098068237305 -0.39319944381713867

