2
29.839431762695312 -1.9961004257202148 -0.2223682403564453
26.830184936523438 -2.077251434326172 -0.2420787811279297
23.78748321533203 -2.1353139877319336 -0.2579488754272461
20.591571807861328 -2.214231491088867 -0.2728710174560547
17.470569610595703 -2.25296688079834 -0.2831993103027344
14.303462982177734 -2.3212661743164062 -0.2906503677368164
11.095993041992188 -2.382622718811035 -0.28805971145629883
7.944110870361328 -2.4452896118164062 -0.28148698806762695
4.7668304443359375 -2.514288902282715 -0.27137136459350586
1.5900249481201172 -2.5801525115966797 -0.2634110450744629
-1.583395004272461 -2.624258041381836 -0.25833559036254883
-4.726398468017578 -2.718939781188965 -0.24912166595458984
-7.891029357910156 -2.75991153717041 -0.24145841598510742
-11.025590896606445 -2.833436965942383 -0.23291873931884766
-14.240591049194336 -2.906402587890625 -0.23753118515014648
-17.432323455810547 -2.9876670837402344 -0.23678874969482422
-20.536609649658203 -3.0435047149658203 -0.23540830612182617
-23.679636001586914 -3.1007156372070312 -0.23383092880249023
-26.633821487426758 -3.164116859436035 -0.24064302444458008
-29.81818389892578 -3.2010974884033203 -0.2562747001647949

2
1.6229019165039062 14.7987060546875 -0.35791587829589844
1.5845661163330078 12.674850463867188 -0.3424973487854004
1.5437183380126953 10.552248001098633 -0.32573986053466797
1.4803752899169922 8.493274688720703 -0.326845645904541
1.4144611358642578 6.361867904663086 -0.3499331474304199
-0.09617805480957031 5.132846832275391 -0.3656339645385742
-2.1171321868896484 5.085668563842773 -0.36344051361083984
-4.321439743041992 5.009191513061523 -0.36629819869995117
-6.563472747802734 4.961399078369141 -0.3777198791503906
-8.657955169677734 4.916400909423828 -0.3809933662414551
-10.811918258666992 4.898019790649414 -0.37249040603637695
-12.90704345703125 4.87104606628418 -0.3723607063293457
-15.142385482788086 4.8518524169921875 -0.3681831359863281
-17.148265838623047 4.817354202270508 -0.36560726165771484
-19.30550765991211 4.804738998413086 -0.3615236282348633
-21.505830764770508 4.768672943115234 -0.35628843307495117
-23.594085693359375 4.708337783813477 -0.36167097091674805
-25.70656394958496 4.650897979736328 -0.36531734466552734
-27.771427154541016 4.590000152587891 -0.3795967102050781
-29.818248748779297 4.477142333984375 -0.3884248733520508

2
29.853759765625 5.717792510986328 -0.35806989669799805
28.247997283935547 5.661777496337891 -0.363710880279541
26.468826293945312 5.668085098266602 -0.36325693130493164
24.75338363647461 5.664716720581055 -0.364163875579834
22.918094635009766 5.622352600097656 -0.3719663619995117
21.16109848022461 5.608066558837891 -0.3737664222717285
19.548084259033203 5.585762023925781 -0.3758411407470703
17.861499786376953 5.581882476806641 -0.3729524612426758
16.29684829711914 5.553888320922852 -0.3806271553039551
14.572437286376953 5.4943695068359375 -0.38426733016967773
12.865657806396484 5.484468460083008 -0.38524389266967773
11.08194351196289 5.430583953857422 -0.38373899459838867
9.505264282226562 5.383859634399414 -0.39013242721557617
7.733135223388672 5.4522247314453125 -0.3699774742126465
6.573020935058594 6.357427597045898 -0.34050559997558594
6.361278533935547 8.070890426635742 -0.30935239791870117
6.369228363037109 9.753440856933594 -0.32140064239501953
6.3172760009765625 11.542335510253906 -0.3311333656311035
6.234672546386719 13.175106048583984 -0.36410999298095703
6.179508209228516 14.81143569946289 -0.3897733688354492

