2
29.838443756103516 -1.9295873641967773 -0.21396780014038086
26.82430648803711 -2.0195865631103516 -0.23488330841064453
23.772296905517578 -2.0856237411499023 -0.2518463134765625
20.566959381103516 -2.1725826263427734 -0.26584672927856445
17.4488525390625 -2.2204341888427734 -0.2779068946838379
14.277873992919922 -2.295774459838867 -0.28621959686279297
11.065067291259766 -2.355701446533203 -0.2844576835632324
7.926067352294922 -2.419696807861328 -0.27876996994018555
4.751842498779297 -2.4946022033691406 -0.27001094818115234
1.5888729095458984 -2.564840316772461 -0.26199769973754883
-1.5797195434570312 -2.613986015319824 -0.25668907165527344
-4.729946136474609 -2.713134765625 -0.24689388275146484
-7.897363662719727 -2.7536067962646484 -0.2385721206665039
-11.039054870605469 -2.8315811157226562 -0.22974300384521484
-14.240790367126465 -2.904346466064453 -0.23266077041625977
-17.435482025146484 -2.9857568740844727 -0.2329878807067871
-20.538143157958984 -3.0420331954956055 -0.23076152801513672
-23.690343856811523 -3.104050636291504 -0.2288966178894043
-26.63082504272461 -3.175705909729004 -0.235931396484375
-29.819242477416992 -3.2208175659179688 -0.24942684173583984

2
1.0624847412109375 14.79794692993164 -0.37595701217651367
1.0996341705322266 12.719724655151367 -0.3590078353881836
1.11346435546875 10.625457763671875 -0.3391761779785156
1.0604248046875 8.555347442626953 -0.33354806900024414
1.0146408081054688 6.421470642089844 -0.35555315017700195
-0.40023231506347656 5.136114120483398 -0.37102556228637695
-2.411182403564453 5.087062835693359 -0.370394229888916
-4.639612197875977 5.0092926025390625 -0.37191057205200195
-6.798391342163086 4.95965576171875 -0.38070201873779297
-8.866384506225586 4.913908004760742 -0.379300594329834
-10.999387741088867 4.888557434082031 -0.3697977066040039
-13.053974151611328 4.863994598388672 -0.3707098960876465
-15.271028518676758 4.83314323425293 -0.3671531677246094
-17.27927017211914 4.795417785644531 -0.36367273330688477
-19.393360137939453 4.7722625732421875 -0.3588685989379883
-21.578271865844727 4.734441757202148 -0.3540682792663574
-23.669321060180664 4.668060302734375 -0.3574695587158203
-25.74710464477539 4.610015869140625 -0.36148977279663086
-27.797077178955078 4.549432754516602 -0.3766517639160156
-29.8183650970459 4.445156097412109 -0.3848605155944824

2
29.859661102294922 5.76971435546875 -0.3551931381225586
28.231334686279297 5.7087554931640625 -0.36117076873779297
26.42437744140625 5.706483840942383 -0.36388349533081055
24.714771270751953 5.699922561645508 -0.3661384582519531
22.848278045654297 5.650810241699219 -0.3745574951171875
21.090553283691406 5.628576278686523 -0.3759183883666992
19.398048400878906 5.598932266235352 -0.3769817352294922
17.66754150390625 5.587491989135742 -0.3746647834777832
16.073017120361328 5.554239273071289 -0.3833179473876953
14.295597076416016 5.48942756652832 -0.3867769241333008
12.60965347290039 5.463907241821289 -0.38848304748535156
10.799854278564453 5.4104766845703125 -0.38843488693237305
9.17593002319336 5.334959030151367 -0.3937492370605469
7.3867950439453125 5.388336181640625 -0.3761711120605469
6.103660583496094 6.175168991088867 -0.35118627548217773
5.951408386230469 7.937896728515625 -0.31162357330322266
5.923847198486328 9.697074890136719 -0.32081031799316406
5.845558166503906 11.481651306152344 -0.3361392021179199
5.774574279785156 13.135581970214844 -0.36999988555908203
5.722568511962891 14.806051254272461 -0.40002918243408203

