2
29.839279174804688 -1.8742799758911133 -0.2043905258178711
26.813941955566406 -1.9801559448242188 -0.22463369369506836
23.76361083984375 -2.0578527450561523 -0.2437138557434082
20.57366180419922 -2.1510915756225586 -0.2585024833679199
17.445964813232422 -2.207143783569336 -0.27157068252563477
14.278854370117188 -2.28621768951416 -0.28151988983154297
11.077106475830078 -2.3489933013916016 -0.27943849563598633
7.930599212646484 -2.419644355773926 -0.2732357978820801
4.76849365234375 -2.488226890563965 -0.26687192916870117
1.5979995727539062 -2.562472343444824 -0.25983524322509766
-1.5822734832763672 -2.613605499267578 -0.254732608795166
-4.74629020690918 -2.7118358612060547 -0.24601316452026367
-7.919940948486328 -2.758493423461914 -0.2389850616455078
-11.067424774169922 -2.8401107788085938 -0.23009157180786133
-14.253090858459473 -2.9243011474609375 -0.23165369033813477
-17.451709747314453 -3.0107879638671875 -0.23179244995117188
-20.5545654296875 -3.074422836303711 -0.22995567321777344
-23.693126678466797 -3.138296127319336 -0.22786283493041992
-26.632368087768555 -3.2184877395629883 -0.23627662658691406
-29.819082260131836 -3.273268699645996 -0.24666166305541992

2
0.6114406585693359 14.802587509155273 -0.4142951965332031
0.6835975646972656 12.746917724609375 -0.3899993896484375
0.67095947265625 10.655487060546875 -0.3618302345275879
0.5919609069824219 8.62263298034668 -0.3485121726989746
0.5330448150634766 6.492504119873047 -0.36629199981689453
-0.8229541778564453 5.144680023193359 -0.383242130279541
-2.833620071411133 5.089519500732422 -0.38655710220336914
-5.07066535949707 4.996631622314453 -0.3885664939880371
-7.154747009277344 4.952571868896484 -0.38868236541748047
-9.148086547851562 4.89607048034668 -0.3870511054992676
-11.244626998901367 4.862995147705078 -0.3769955635070801
-13.259042739868164 4.844341278076172 -0.379000186920166
-15.442553520202637 4.80842399597168 -0.37665271759033203
-17.497230529785156 4.77775764465332 -0.3731575012207031
-19.571279525756836 4.7474822998046875 -0.36908388137817383
-21.709564208984375 4.712446212768555 -0.3641653060913086
-23.762502670288086 4.654582977294922 -0.3698844909667969
-25.80792236328125 4.588274002075195 -0.3733086585998535
-27.817100524902344 4.529470443725586 -0.38599205017089844
-29.817707061767578 4.42828369140625 -0.3958868980407715

2
29.867263793945312 5.826421737670898 -0.3592672348022461
28.215190887451172 5.771320343017578 -0.36533498764038086
26.38302230834961 5.7559356689453125 -0.3692936897277832
24.642578125 5.738456726074219 -0.37395620346069336
22.795654296875 5.689172744750977 -0.38181066513061523
21.06456756591797 5.661844253540039 -0.3811783790588379
19.358604431152344 5.632911682128906 -0.38146257400512695
17.595623016357422 5.616662979125977 -0.3787970542907715
15.885513305664062 5.578508377075195 -0.38760948181152344
14.107013702392578 5.517274856567383 -0.3911724090576172
12.539360046386719 5.4901275634765625 -0.3916168212890625
10.623985290527344 5.435466766357422 -0.3951711654663086
9.003326416015625 5.362360000610352 -0.3987560272216797
7.125499725341797 5.406486511230469 -0.3826427459716797
5.711704254150391 6.025470733642578 -0.3635272979736328
5.49615478515625 7.764547348022461 -0.32199907302856445
5.416736602783203 9.57113265991211 -0.3281416893005371
5.41259765625 11.44251823425293 -0.3480839729309082
5.353271484375 13.077808380126953 -0.3896017074584961
5.300941467285156 14.800933837890625 -0.41494321823120117

