2
29.83425521850586 -1.8402156829833984 -0.2013382911682129
26.809101104736328 -1.9459457397460938 -0.22198152542114258
23.764019012451172 -2.0227298736572266 -0.2425084114074707
20.587909698486328 -2.1125354766845703 -0.25715065002441406
17.459545135498047 -2.1764745712280273 -0.2699713706970215
14.281875610351562 -2.260836601257324 -0.27996349334716797
11.089607238769531 -2.3260202407836914 -0.27840089797973633
7.937007904052734 -2.404820442199707 -0.27239465713500977
4.769809722900391 -2.475884437561035 -0.2669520378112793
1.6035385131835938 -2.548163414001465 -0.25887537002563477
-1.582376480102539 -2.6051025390625 -0.25303125381469727
-4.749370574951172 -2.7027769088745117 -0.2445359230041504
-7.929512023925781 -2.7510604858398438 -0.2371807098388672
-11.082752227783203 -2.8353271484375 -0.22817039489746094
-14.265111923217773 -2.9233875274658203 -0.22924089431762695
-17.460479736328125 -3.0121002197265625 -0.22952604293823242
-20.56589126586914 -3.0793838500976562 -0.22752714157104492
-23.69794273376465 -3.145559310913086 -0.22533369064331055
-26.644737243652344 -3.2271976470947266 -0.23400497436523438
-29.82076644897461 -3.2843685150146484 -0.24286937713623047

2
0.1719970703125 14.793237686157227 -0.42838335037231445
0.22458648681640625 12.776418685913086 -0.401827335357666
0.26139068603515625 10.741662979125977 -0.3701505661010742
0.18861961364746094 8.7406005859375 -0.3503246307373047
0.16660118103027344 6.577796936035156 -0.36589813232421875
-1.1586055755615234 5.133401870727539 -0.3848733901977539
-3.0987892150878906 5.060981750488281 -0.38968372344970703
-5.324806213378906 4.978187561035156 -0.3940114974975586
-7.369012832641602 4.9269256591796875 -0.39069604873657227
-9.367256164550781 4.8802642822265625 -0.39151525497436523
-11.437402725219727 4.843591690063477 -0.3805069923400879
-13.396123886108398 4.825826644897461 -0.38126325607299805
-15.576059341430664 4.782064437866211 -0.3812985420227051
-17.626144409179688 4.760278701782227 -0.3761329650878906
-19.693275451660156 4.720163345336914 -0.3720369338989258
-21.808767318725586 4.687187194824219 -0.3678865432739258
-23.84469985961914 4.630603790283203 -0.3753323554992676
-25.858217239379883 4.560773849487305 -0.37748289108276367
-27.833831787109375 4.492156982421875 -0.3888692855834961
-29.81972885131836 4.39863395690918 -0.39894676208496094

2
29.876300811767578 5.865232467651367 -0.3641681671142578
28.22418975830078 5.820354461669922 -0.37301206588745117
26.371768951416016 5.784458160400391 -0.3784980773925781
24.59679412841797 5.774934768676758 -0.38410377502441406
22.731307983398438 5.72071647644043 -0.39251279830932617
21.05435562133789 5.695899963378906 -0.38687896728515625
19.298274993896484 5.681612014770508 -0.38741588592529297
17.498779296875 5.6627960205078125 -0.3847951889038086
15.63690185546875 5.630617141723633 -0.3939342498779297
13.926090240478516 5.57000732421875 -0.3961653709411621
12.40982437133789 5.547006607055664 -0.39711809158325195
10.424758911132812 5.501304626464844 -0.40244293212890625
8.824283599853516 5.443410873413086 -0.4046750068664551
6.888126373291016 5.453136444091797 -0.3909120559692383
5.3515167236328125 5.985403060913086 -0.37596607208251953
5.101505279541016 7.722692489624023 -0.33518218994140625
4.999500274658203 9.57797622680664 -0.3443784713745117
4.999675750732422 11.442768096923828 -0.36449289321899414
4.934230804443359 13.06159782409668 -0.4079866409301758
4.8981170654296875 14.787704467773438 -0.42882204055786133

