2
29.833736419677734 -1.7977180480957031 -0.20747900009155273
26.800857543945312 -1.9047002792358398 -0.22609186172485352
23.751235961914062 -1.9882144927978516 -0.24601984024047852
20.573131561279297 -2.077670097351074 -0.259979248046875
17.444549560546875 -2.1494760513305664 -0.2732672691345215
14.26278305053711 -2.2394495010375977 -0.28238534927368164
11.074237823486328 -2.307180404663086 -0.2806272506713867
7.932888031005859 -2.388589859008789 -0.27504444122314453
4.749668121337891 -2.467068672180176 -0.26854896545410156
1.5961246490478516 -2.5470075607299805 -0.2600841522216797
-1.5796546936035156 -2.6075963973999023 -0.2539525032043457
-4.7557373046875 -2.7117271423339844 -0.2449784278869629
-7.940084457397461 -2.766141891479492 -0.23770809173583984
-11.097501754760742 -2.857394218444824 -0.2281641960144043
-14.276860237121582 -2.9527587890625 -0.2279648780822754
-17.474285125732422 -3.047456741333008 -0.22721052169799805
-20.57070541381836 -3.1240015029907227 -0.2252044677734375
-23.694805145263672 -3.193735122680664 -0.22319555282592773
-26.635971069335938 -3.277167320251465 -0.2320704460144043
-29.819889068603516 -3.331174850463867 -0.23996639251708984

2
-0.22456741333007812 14.80337142944336 -0.42362022399902344
-0.1655597686767578 12.811182022094727 -0.398590087890625
-0.17887115478515625 10.80179214477539 -0.36740636825561523
-0.23993682861328125 8.835489273071289 -0.3460822105407715
-0.24770164489746094 6.70854377746582 -0.36702919006347656
-1.4584197998046875 5.166471481323242 -0.38451433181762695
-3.395956039428711 5.083168029785156 -0.38973045349121094
-5.559293746948242 4.995569229125977 -0.395418643951416
-7.569784164428711 4.936038970947266 -0.39270925521850586
-9.55723762512207 4.889106750488281 -0.393312931060791
-11.593948364257812 4.852024078369141 -0.38064002990722656
-13.505500793457031 4.824926376342773 -0.3802304267883301
-15.65151596069336 4.773120880126953 -0.38083457946777344
-17.726390838623047 4.747631072998047 -0.37412214279174805
-19.797584533691406 4.703252792358398 -0.3702869415283203
-21.9016170501709 4.667392730712891 -0.36725664138793945
-23.914615631103516 4.618125915527344 -0.3743581771850586
-25.895938873291016 4.549800872802734 -0.3760247230529785
-27.846242904663086 4.479452133178711 -0.38764047622680664
-29.81828498840332 4.396320343017578 -0.39812755584716797

2
29.822463989257812 5.922933578491211 -0.3639192581176758
28.09811019897461 5.835472106933594 -0.3710331916809082
26.320926666259766 5.824615478515625 -0.3810281753540039
24.637653350830078 5.813812255859375 -0.3782081604003906
22.85101318359375 5.754005432128906 -0.37906789779663086
21.04279327392578 5.703119277954102 -0.38335132598876953
19.30046844482422 5.687862396240234 -0.38854408264160156
17.47034454345703 5.659883499145508 -0.3928952217102051
15.60476303100586 5.632749557495117 -0.3941378593444824
13.940448760986328 5.566389083862305 -0.4119434356689453
11.937629699707031 5.549177169799805 -0.4019045829772949
10.257553100585938 5.49993896484375 -0.40399980545043945
8.614200592041016 5.437870025634766 -0.40380048751831055
6.640617370605469 5.422098159790039 -0.3847770690917969
4.919223785400391 6.099954605102539 -0.34775638580322266
4.618049621582031 7.7429656982421875 -0.3262820243835449
4.505653381347656 9.672018051147461 -0.33301544189453125
4.511894226074219 11.456972122192383 -0.34730100631713867
4.463588714599609 13.0301513671875 -0.3829383850097656
4.4479522705078125 14.784189224243164 -0.42384862899780273

