1
5.950824737548828 -4.659423828125 -0.2991962432861328
5.966144561767578 -3.0163164138793945 -0.2923574447631836
5.968196868896484 -1.3919439315795898 -0.28837108612060547
6.007808685302734 0.22276782989501953 -0.2779397964477539
6.014701843261719 1.748443603515625 -0.2703709602355957
6.088897705078125 3.3776721954345703 -0.26277780532836914
6.1670379638671875 5.012763977050781 -0.2549419403076172
5.948749542236328 6.2822113037109375 -0.24586105346679688
4.285022735595703 6.362998962402344 -0.20733070373535156
2.600475311279297 6.392854690551758 -0.17505645751953125
1.5198745727539062 5.961694717407227 -0.15921688079833984
1.4325675964355469 4.37071418762207 -0.16864728927612305
1.5138568878173828 2.7602901458740234 -0.1855487823486328
1.4303226470947266 1.1250839233398438 -0.19691944122314453
1.4231338500976562 -0.5331945419311523 -0.19982242584228516
1.3776569366455078 -2.171664237976074 -0.21234369277954102
1.3150978088378906 -3.7272720336914062 -0.2215585708618164
2.7737998962402344 -4.156197547912598 -0.25517988204956055
4.426795959472656 -4.4400529861450195 -0.28816843032836914
6.010387420654297 -4.647499084472656 -0.3061370849609375

2
29.81298065185547 4.442110061645508 -0.040546417236328125
28.61255645751953 4.484411239624023 -0.05498361587524414
27.4012451171875 4.547250747680664 -0.0793604850769043
26.185218811035156 4.647161483764648 -0.09824228286743164
25.023849487304688 4.657903671264648 -0.10463714599609375
23.833126068115234 4.716798782348633 -0.11155509948730469
22.635746002197266 4.77392578125 -0.12440252304077148
21.28522491455078 4.819559097290039 -0.14085817337036133
20.172466278076172 4.825523376464844 -0.15887737274169922
18.828269958496094 4.873687744140625 -0.1869039535522461
17.590709686279297 4.996999740600586 -0.20574378967285156
16.689186096191406 5.449104309082031 -0.2077345848083496
15.835613250732422 6.385501861572266 -0.2153630256652832
15.53805923461914 7.545528411865234 -0.20862960815429688
15.551300048828125 8.740850448608398 -0.19397401809692383
15.605762481689453 9.995298385620117 -0.16185235977172852
15.674324035644531 11.321809768676758 -0.1445779800415039
15.656734466552734 12.429367065429688 -0.14637088775634766
15.665786743164062 13.615243911743164 -0.13512802124023438
15.667160034179688 14.801078796386719 -0.13774347305297852

1
6.3294677734375 10.228450775146484 -0.16513442993164062
6.064533233642578 8.668970108032227 -0.20852088928222656
5.831844329833984 7.121730804443359 -0.2776064872741699
5.6443634033203125 5.580959320068359 -0.3044133186340332
7.12481689453125 5.573749542236328 -0.2988452911376953
8.847698211669922 5.519428253173828 -0.2818284034729004
10.31869125366211 5.524814605712891 -0.26849889755249023
11.949073791503906 5.475181579589844 -0.2543816566467285
13.561939239501953 5.453500747680664 -0.2527451515197754
15.121021270751953 5.406063079833984 -0.2480754852294922
16.824169158935547 5.3353424072265625 -0.23513555526733398
16.42815399169922 6.883777618408203 -0.2177743911743164
16.00727081298828 8.429996490478516 -0.18357133865356445
15.704761505126953 9.970039367675781 -0.16597795486450195
14.190788269042969 10.167190551757812 -0.16889095306396484
12.583934783935547 10.116737365722656 -0.15864896774291992
11.074813842773438 10.163818359375 -0.16431570053100586
9.584861755371094 10.212923049926758 -0.16974687576293945
7.9519195556640625 10.229185104370117 -0.16272258758544922
6.285408020019531 10.202621459960938 -0.15528583526611328

2
8.084964752197266 14.786413192749023 -0.25026750564575195
7.9169464111328125 12.429155349731445 -0.26579952239990234
7.865058898925781 10.066568374633789 -0.28388309478759766
7.793125152587891 7.548215866088867 -0.34686899185180664
6.376045227050781 5.616401672363281 -0.3153114318847656
4.0802459716796875 5.258882522583008 -0.2908358573913574
1.7341442108154297 5.368501663208008 -0.2670102119445801
-0.7233238220214844 5.412071228027344 -0.24462890625
-3.185903549194336 5.464183807373047 -0.24779081344604492
-5.690980911254883 5.556657791137695 -0.22436094284057617
-8.141080856323242 5.671363830566406 -0.2305889129638672
-10.487369537353516 5.766035079956055 -0.23227453231811523
-12.972415924072266 5.837100982666016 -0.2346477508544922
-15.334163665771484 5.907661437988281 -0.23390913009643555
-17.829395294189453 5.9962615966796875 -0.23088598251342773
-20.283126831054688 6.074394226074219 -0.23748159408569336
-22.740034103393555 6.181110382080078 -0.24621915817260742
-25.087730407714844 6.22407341003418 -0.2509775161743164
-27.54537010192871 6.275886535644531 -0.2399296760559082
-29.81956672668457 6.347898483276367 -0.23934221267700195

1
15.351173400878906 -4.205899238586426 -0.24506139755249023
13.74911117553711 -4.137484550476074 -0.2529721260070801
12.3760986328125 -4.072469711303711 -0.26393556594848633
10.847969055175781 -3.9992198944091797 -0.27330970764160156
9.40850830078125 -3.940959930419922 -0.26997900009155273
7.954750061035156 -3.8840160369873047 -0.2797532081604004
6.334022521972656 -3.8296432495117188 -0.2877779006958008
5.022083282470703 -3.852189064025879 -0.2898597717285156
5.405754089355469 -5.311968803405762 -0.2970247268676758
5.814189910888672 -6.722033500671387 -0.28989124298095703
6.177742004394531 -8.176507949829102 -0.3035759925842285
7.302753448486328 -8.587778091430664 -0.30633974075317383
8.901386260986328 -8.681320190429688 -0.31018972396850586
10.235355377197266 -8.696871757507324 -0.3213839530944824
11.709796905517578 -8.734541893005371 -0.32494401931762695
13.227256774902344 -8.853132247924805 -0.3338475227355957
14.565349578857422 -8.582242965698242 -0.33748769760131836
14.841377258300781 -7.100403785705566 -0.3081088066101074
15.11996078491211 -5.695096969604492 -0.27744531631469727
15.371639251708984 -4.178192138671875 -0.23801898956298828

2
7.158653259277344 -14.801872253417969 -0.4414944648742676
7.233791351318359 -12.242765426635742 -0.4232196807861328
7.340675354003906 -9.911745071411133 -0.41271018981933594
7.448307037353516 -7.314348220825195 -0.41211414337158203
7.171970367431641 -4.843932151794434 -0.38217592239379883
5.202411651611328 -3.194430351257324 -0.34950780868530273
2.698150634765625 -3.025165557861328 -0.3288607597351074
0.18712806701660156 -2.9682140350341797 -0.27771520614624023
-2.3166427612304688 -2.8835325241088867 -0.24036502838134766
-4.887310028076172 -2.803553581237793 -0.2230086326599121
-7.569175720214844 -2.7133445739746094 -0.22903871536254883
-9.924680709838867 -2.646183967590332 -0.2492046356201172
-12.47772216796875 -2.5730438232421875 -0.27088117599487305
-14.983573913574219 -2.489163398742676 -0.2884964942932129
-17.49905776977539 -2.424276351928711 -0.31310081481933594
-20.102214813232422 -2.355133056640625 -0.3319230079650879
-22.63271713256836 -2.26328182220459 -0.3438572883605957
-25.117908477783203 -2.1872615814208984 -0.3626699447631836
-27.442663192749023 -2.0821313858032227 -0.386197566986084
-29.82703399658203 -2.0298614501953125 -0.40134143829345703

1
16.095359802246094 5.331947326660156 -0.27825403213500977
15.862964630126953 3.923715591430664 -0.2621421813964844
15.692764282226562 2.472707748413086 -0.2624092102050781
15.602542877197266 1.0370140075683594 -0.2460794448852539
15.33740234375 -0.3524169921875 -0.23714685440063477
15.24294662475586 -1.7665681838989258 -0.23124456405639648
15.06771469116211 -3.1638870239257812 -0.22251510620117188
15.847747802734375 -3.861675262451172 -0.2361912727355957
17.290390014648438 -3.9357099533081055 -0.24771976470947266
18.695098876953125 -3.9599409103393555 -0.25692319869995117
19.93285369873047 -3.8591394424438477 -0.2538027763366699
19.88555145263672 -2.414867401123047 -0.22238922119140625
19.941120147705078 -1.0298709869384766 -0.2045297622680664
19.980735778808594 0.4257020950317383 -0.18601751327514648
19.948776245117188 1.853729248046875 -0.15959501266479492
20.005264282226562 3.222288131713867 -0.14859914779663086
20.127113342285156 4.656652450561523 -0.12515878677368164
18.908031463623047 4.98468017578125 -0.16507720947265625
17.49687957763672 5.15887451171875 -0.20511341094970703
16.004314422607422 5.288112640380859 -0.24818992614746094

2
29.830463409423828 -3.7586889266967773 -0.20653295516967773
28.33190155029297 -3.7197046279907227 -0.23363256454467773
26.731609344482422 -3.6604204177856445 -0.2528367042541504
25.201629638671875 -3.636167526245117 -0.26471710205078125
23.538970947265625 -3.584728240966797 -0.28130245208740234
21.86330795288086 -3.5427160263061523 -0.28840208053588867
20.318614959716797 -3.495467185974121 -0.29411983489990234
18.927886962890625 -3.291802406311035 -0.29956960678100586
18.14476776123047 -2.2005233764648438 -0.3236579895019531
16.928428649902344 -2.161229133605957 -0.3228034973144531
15.444732666015625 -2.749941825866699 -0.307039737701416
14.277275085449219 -3.8682260513305664 -0.29741430282592773
13.754150390625 -5.155097961425781 -0.31677675247192383
13.502559661865234 -6.7081451416015625 -0.3522377014160156
13.500968933105469 -8.38563346862793 -0.37523460388183594
14.288684844970703 -8.981740951538086 -0.37446117401123047
14.953567504882812 -10.181188583374023 -0.38790273666381836
15.045387268066406 -11.78947639465332 -0.4157905578613281
14.914901733398438 -13.2850923538208 -0.4148440361022949
14.890975952148438 -14.804573059082031 -0.41835784912109375

0
11.518287658691406 14.979988098144531 -0.20329952239990234
11.505962371826172 14.883110046386719 -0.18841266632080078
11.534385681152344 14.732803344726562 -0.20384931564331055
11.520381927490234 14.560079574584961 -0.199920654296875
11.517707824707031 14.39724349975586 -0.18793153762817383
11.538703918457031 14.188528060913086 -0.18500471115112305
11.518508911132812 14.005800247192383 -0.19454479217529297
11.499069213867188 13.84733772277832 -0.19384527206420898
11.476028442382812 13.715267181396484 -0.20618915557861328
11.460857391357422 13.520858764648438 -0.21293163299560547
11.450065612792969 13.354854583740234 -0.21527910232543945
11.4476318359375 13.16097640991211 -0.21428537368774414
11.418476104736328 12.941665649414062 -0.21234130859375
11.42989730834961 12.819768905639648 -0.21357393264770508
11.475967407226562 12.66501235961914 -0.21043729782104492
11.474925994873047 12.44642448425293 -0.20555686950683594
11.477867126464844 12.298072814941406 -0.20378351211547852
11.477203369140625 12.13216781616211 -0.20703554153442383
11.45709228515625 12.018198013305664 -0.21715593338012695
11.42181396484375 11.816581726074219 -0.21693754196166992

