2
29.83464813232422 -1.7572612762451172 -0.20872735977172852
26.803592681884766 -1.8651838302612305 -0.2266836166381836
23.758811950683594 -1.9605989456176758 -0.24765443801879883
20.57052230834961 -2.0475101470947266 -0.2620878219604492
17.442596435546875 -2.123617172241211 -0.27459192276000977
14.255237579345703 -2.21419620513916 -0.28304386138916016
11.063560485839844 -2.278942108154297 -0.2808246612548828
7.936801910400391 -2.367462158203125 -0.2749595642089844
4.76385498046875 -2.4468727111816406 -0.26842451095581055
1.6042366027832031 -2.530824661254883 -0.2587003707885742
-1.57073974609375 -2.596710205078125 -0.2513880729675293
-4.736351013183594 -2.70401668548584 -0.24097776412963867
-7.925624847412109 -2.763251304626465 -0.23250055313110352
-11.083015441894531 -2.860879898071289 -0.22122478485107422
-14.259232521057129 -2.954625129699707 -0.21835613250732422
-17.45384979248047 -3.0520505905151367 -0.21613502502441406
-20.558380126953125 -3.131453514099121 -0.21456003189086914
-23.69517707824707 -3.207803726196289 -0.21050739288330078
-26.639375686645508 -3.294886589050293 -0.21861600875854492
-29.819787979125977 -3.3566150665283203 -0.22315263748168945

2
29.85266876220703 5.963443756103516 -0.36862802505493164
28.122303009033203 5.899225234985352 -0.37834835052490234
26.32162094116211 5.880697250366211 -0.38187313079833984
24.550201416015625 5.850738525390625 -0.3779611587524414
22.71829605102539 5.800708770751953 -0.3801136016845703
20.89447784423828 5.735578536987305 -0.3851456642150879
19.139678955078125 5.7182159423828125 -0.3907289505004883
17.277908325195312 5.684423446655273 -0.3931875228881836
15.39023208618164 5.649639129638672 -0.39455127716064453
13.609844207763672 5.58050537109375 -0.40405941009521484
11.714611053466797 5.5587310791015625 -0.3982048034667969
9.910102844238281 5.505231857299805 -0.4038572311401367
8.306995391845703 5.439872741699219 -0.4033331871032715
6.487312316894531 5.385951995849609 -0.3920564651489258
4.751091003417969 5.844409942626953 -0.3560638427734375
4.217353820800781 7.517448425292969 -0.32929134368896484
4.095550537109375 9.492729187011719 -0.33504390716552734
4.111991882324219 11.362472534179688 -0.35100698471069336
4.071193695068359 13.005130767822266 -0.38851213455200195
4.089511871337891 14.803972244262695 -0.4304800033569336

2
-0.6891193389892578 14.798856735229492 -0.427340030670166
-0.6748085021972656 12.832374572753906 -0.40279197692871094
-0.62469482421875 10.844779968261719 -0.36922597885131836
-0.6591358184814453 8.891014099121094 -0.3448796272277832
-0.7301368713378906 6.835798263549805 -0.3654155731201172
-1.8122730255126953 5.1983184814453125 -0.3833436965942383
-3.756908416748047 5.086086273193359 -0.38707590103149414
-5.832244873046875 4.989286422729492 -0.3895421028137207
-7.823457717895508 4.915342330932617 -0.3840346336364746
-9.811975479125977 4.881633758544922 -0.38509702682495117
-11.864471435546875 4.835041046142578 -0.3720712661743164
-13.688161849975586 4.809223175048828 -0.37029027938842773
-15.753763198852539 4.763160705566406 -0.37005186080932617
-17.78392791748047 4.7450408935546875 -0.3591032028198242
-19.827241897583008 4.699811935424805 -0.3549008369445801
-21.940654754638672 4.668453216552734 -0.3509483337402344
-23.96231460571289 4.623512268066406 -0.3556632995605469
-25.915742874145508 4.551797866821289 -0.35651111602783203
-27.87725830078125 4.48619270324707 -0.3682894706726074
-29.822946548461914 4.405326843261719 -0.3743133544921875

