2
29.833072662353516 -1.7179288864135742 -0.21603822708129883
26.8116455078125 -1.831070899963379 -0.23433732986450195
23.77898406982422 -1.9342918395996094 -0.2534003257751465
20.58428192138672 -2.0216121673583984 -0.2690281867980957
17.45403289794922 -2.0964927673339844 -0.27971601486206055
14.264049530029297 -2.186823844909668 -0.28846073150634766
11.069709777832031 -2.251249313354492 -0.28600168228149414
7.932647705078125 -2.3419694900512695 -0.2783164978027344
4.756874084472656 -2.4233083724975586 -0.2685518264770508
1.5879402160644531 -2.510700225830078 -0.2576565742492676
-1.587362289428711 -2.5786027908325195 -0.2493419647216797
-4.739952087402344 -2.6909713745117188 -0.23772239685058594
-7.92671012878418 -2.7579259872436523 -0.22889375686645508
-11.074081420898438 -2.857851028442383 -0.21677398681640625
-14.25459098815918 -2.9543142318725586 -0.21267032623291016
-17.458284378051758 -3.0543460845947266 -0.20995044708251953
-20.557254791259766 -3.134519577026367 -0.20880603790283203
-23.6917724609375 -3.208279609680176 -0.2034153938293457
-26.646854400634766 -3.2937088012695312 -0.2120504379272461
-29.817771911621094 -3.3497819900512695 -0.21463394165039062

2
29.85531234741211 6.013702392578125 -0.3738694190979004
28.111263275146484 5.962104797363281 -0.38333702087402344
26.318714141845703 5.933769226074219 -0.384033203125
24.47896957397461 5.898395538330078 -0.3819265365600586
22.617313385009766 5.842390060424805 -0.38393211364746094
20.77367401123047 5.776363372802734 -0.3891429901123047
19.03089141845703 5.750881195068359 -0.39304590225219727
17.160049438476562 5.718042373657227 -0.3941216468811035
15.233283996582031 5.680274963378906 -0.39482975006103516
13.341278076171875 5.612632751464844 -0.39893293380737305
11.437435150146484 5.58721923828125 -0.39638710021972656
9.589366912841797 5.530830383300781 -0.3984260559082031
7.901454925537109 5.475292205810547 -0.40082311630249023
6.143413543701172 5.412317276000977 -0.39317989349365234
4.438068389892578 5.632410049438477 -0.36022233963012695
3.7951583862304688 7.275764465332031 -0.32848453521728516
3.6707420349121094 9.41500473022461 -0.32798337936401367
3.6748695373535156 11.310317993164062 -0.3461570739746094
3.6540451049804688 12.98292350769043 -0.38443517684936523
3.6379852294921875 14.796884536743164 -0.4190845489501953

2
-1.1091842651367188 14.807233810424805 -0.40810585021972656
-1.0815563201904297 12.857669830322266 -0.3891167640686035
-1.0640144348144531 10.88606071472168 -0.3562636375427246
-1.0965232849121094 8.925975799560547 -0.33715391159057617
-1.1597232818603516 6.914653778076172 -0.35849618911743164
-2.1498870849609375 5.219692230224609 -0.37685298919677734
-4.071676254272461 5.096574783325195 -0.37912559509277344
-6.056241989135742 4.9911346435546875 -0.3807973861694336
-8.046337127685547 4.913890838623047 -0.3770103454589844
-10.052530288696289 4.876333236694336 -0.37917613983154297
-12.165369033813477 4.818841934204102 -0.3651866912841797
-13.988241195678711 4.783851623535156 -0.36428165435791016
-16.008026123046875 4.741479873657227 -0.36494922637939453
-17.995281219482422 4.716543197631836 -0.3520040512084961
-20.008338928222656 4.667640686035156 -0.34576416015625
-22.050874710083008 4.634456634521484 -0.3435173034667969
-24.068191528320312 4.594358444213867 -0.3484964370727539
-25.973947525024414 4.522422790527344 -0.34607410430908203
-27.92143440246582 4.450710296630859 -0.35703420639038086
-29.831483840942383 4.382181167602539 -0.3620471954345703

