2
29.832820892333984 -1.672471046447754 -0.20903968811035156
26.815166473388672 -1.7789325714111328 -0.2272353172302246
23.783557891845703 -1.8884649276733398 -0.2479076385498047
20.597129821777344 -1.9786500930786133 -0.2638087272644043
17.469337463378906 -2.063323974609375 -0.2754969596862793
14.274009704589844 -2.1587018966674805 -0.28621721267700195
11.085891723632812 -2.229501724243164 -0.2847099304199219
7.943199157714844 -2.328493118286133 -0.27852773666381836
4.75970458984375 -2.417056083679199 -0.2689046859741211
1.5952892303466797 -2.5120668411254883 -0.25745677947998047
-1.5777416229248047 -2.5836610794067383 -0.2485942840576172
-4.733661651611328 -2.6931028366088867 -0.23643159866333008
-7.921724319458008 -2.7585201263427734 -0.22672176361083984
-11.076614379882812 -2.8583641052246094 -0.21541357040405273
-14.252339363098145 -2.9547128677368164 -0.21106815338134766
-17.454689025878906 -3.0590944290161133 -0.2087535858154297
-20.553836822509766 -3.1409053802490234 -0.20786237716674805
-23.69740104675293 -3.2213191986083984 -0.2044367790222168
-26.648128509521484 -3.308466911315918 -0.21049118041992188
-29.817276000976562 -3.3701210021972656 -0.21245718002319336

2
29.85281753540039 6.032711029052734 -0.3729090690612793
28.09564208984375 5.99201774597168 -0.3808293342590332
26.312301635742188 5.955875396728516 -0.3756723403930664
24.406848907470703 5.910711288452148 -0.3780245780944824
22.570701599121094 5.847078323364258 -0.3761940002441406
20.622055053710938 5.7872314453125 -0.3818235397338867
18.871475219726562 5.756887435913086 -0.386080265045166
16.988117218017578 5.726831436157227 -0.38652992248535156
15.070701599121094 5.676660537719727 -0.38854074478149414
13.16842269897461 5.61414909362793 -0.39016294479370117
11.2791748046875 5.579824447631836 -0.3889331817626953
9.421146392822266 5.523386001586914 -0.3911423683166504
7.674465179443359 5.47123908996582 -0.3930625915527344
5.880374908447266 5.392986297607422 -0.38945722579956055
4.143711090087891 5.610280990600586 -0.3565964698791504
3.4121856689453125 7.224992752075195 -0.3287501335144043
3.231586456298828 9.38319206237793 -0.33098840713500977
3.219024658203125 11.244081497192383 -0.34649658203125
3.166095733642578 12.980598449707031 -0.38140201568603516
3.1921844482421875 14.803380966186523 -0.4120159149169922

2
-1.5156192779541016 14.799627304077148 -0.4008369445800781
-1.471395492553711 12.883005142211914 -0.3820195198059082
-1.4372615814208984 10.96223258972168 -0.35283517837524414
-1.446969985961914 9.006227493286133 -0.33428049087524414
-1.5105457305908203 7.018157958984375 -0.3543386459350586
-2.4471282958984375 5.277732849121094 -0.37683629989624023
-4.289960861206055 5.1067962646484375 -0.3757181167602539
-6.222726821899414 5.008577346801758 -0.3768491744995117
-8.20181655883789 4.9317626953125 -0.37879419326782227
-10.195993423461914 4.888645172119141 -0.38135671615600586
-12.278121948242188 4.830192565917969 -0.36794614791870117
-14.106514930725098 4.793489456176758 -0.36577749252319336
-16.083471298217773 4.755769729614258 -0.3663454055786133
-18.03550148010254 4.73399543762207 -0.3550562858581543
-20.058673858642578 4.679876327514648 -0.3462543487548828
-22.092937469482422 4.642749786376953 -0.3434467315673828
-24.129383087158203 4.6010589599609375 -0.34809112548828125
-26.01082992553711 4.536725997924805 -0.34609127044677734
-27.95586395263672 4.463495254516602 -0.3553013801574707
-29.842458724975586 4.388620376586914 -0.36093759536743164

