2
29.831382751464844 -1.6635780334472656 -0.20322895050048828
26.80811309814453 -1.7610559463500977 -0.22156333923339844
23.77239227294922 -1.8691043853759766 -0.24269533157348633
20.572933197021484 -1.9593620300292969 -0.2588343620300293
17.43842315673828 -2.0459117889404297 -0.27221155166625977
14.243400573730469 -2.1388931274414062 -0.28394126892089844
11.057971954345703 -2.2123680114746094 -0.28269433975219727
7.932319641113281 -2.311878204345703 -0.2789888381958008
4.750560760498047 -2.4046716690063477 -0.27100563049316406
1.5890445709228516 -2.4989395141601562 -0.2595386505126953
-1.5728607177734375 -2.5687685012817383 -0.25124120712280273
-4.715496063232422 -2.681070327758789 -0.24009275436401367
-7.9123077392578125 -2.7461986541748047 -0.23209810256958008
-11.085376739501953 -2.844877243041992 -0.22069454193115234
-14.242438316345215 -2.9430599212646484 -0.21866941452026367
-17.444602966308594 -3.0519142150878906 -0.21516704559326172
-20.542747497558594 -3.1350011825561523 -0.21343469619750977
-23.70099639892578 -3.2175817489624023 -0.2101144790649414
-26.639604568481445 -3.3096885681152344 -0.2176957130432129
-29.81721305847168 -3.374569892883301 -0.21988725662231445

2
29.85379409790039 6.0440673828125 -0.36638593673706055
28.098217010498047 6.007902145385742 -0.3726310729980469
26.284461975097656 5.970136642456055 -0.36404943466186523
24.358745574951172 5.924833297729492 -0.37156105041503906
22.510093688964844 5.867372512817383 -0.36926984786987305
20.55902862548828 5.813592910766602 -0.3744378089904785
18.771221160888672 5.780437469482422 -0.38179445266723633
16.908477783203125 5.748186111450195 -0.38230419158935547
14.937843322753906 5.690816879272461 -0.3849058151245117
12.9578857421875 5.638481140136719 -0.3888511657714844
11.138153076171875 5.600568771362305 -0.3849811553955078
9.283622741699219 5.542041778564453 -0.38971567153930664
7.408481597900391 5.491510391235352 -0.3922090530395508
5.5441741943359375 5.417240142822266 -0.38878393173217773
3.880664825439453 5.627574920654297 -0.3586397171020508
3.017974853515625 7.217451095581055 -0.33365774154663086
2.8398971557617188 9.370800018310547 -0.3339853286743164
2.825885772705078 11.138914108276367 -0.3517141342163086
2.828052520751953 12.964109420776367 -0.39125680923461914
2.8074951171875 14.800872802734375 -0.42920637130737305

2
-1.9140510559082031 14.801931381225586 -0.41963863372802734
-1.8690814971923828 12.899374008178711 -0.38967466354370117
-1.8796806335449219 11.038541793823242 -0.3602428436279297
-1.9114246368408203 9.127681732177734 -0.3406352996826172
-1.9287185668945312 7.14447021484375 -0.3605961799621582
-2.8190860748291016 5.3770904541015625 -0.3829975128173828
-4.583370208740234 5.110942840576172 -0.3796100616455078
-6.47547721862793 5.022439956665039 -0.38019657135009766
-8.403825759887695 4.9336395263671875 -0.38011932373046875
-10.407228469848633 4.885616302490234 -0.3825802803039551
-12.486505508422852 4.820234298706055 -0.3719749450683594
-14.30517578125 4.782964706420898 -0.3693528175354004
-16.240705490112305 4.734403610229492 -0.3708505630493164
-18.197420120239258 4.71929931640625 -0.3608689308166504
-20.184904098510742 4.662830352783203 -0.3510127067565918
-22.167766571044922 4.6256866455078125 -0.34726524353027344
-24.194400787353516 4.585874557495117 -0.35279130935668945
-26.061227798461914 4.527309417724609 -0.350919246673584
-27.98335075378418 4.453535079956055 -0.36016368865966797
-29.845130920410156 4.379255294799805 -0.36582517623901367

