2
29.828182220458984 -1.649552345275879 -0.18885564804077148
26.805984497070312 -1.7556953430175781 -0.20884370803833008
23.770832061767578 -1.866560935974121 -0.23151540756225586
20.57333755493164 -1.9594364166259766 -0.24982166290283203
17.426132202148438 -2.038358688354492 -0.26595354080200195
14.230655670166016 -2.1286754608154297 -0.27799129486083984
11.064117431640625 -2.1973819732666016 -0.2770109176635742
7.913471221923828 -2.2994651794433594 -0.27409934997558594
4.753391265869141 -2.3902950286865234 -0.2693343162536621
1.5884227752685547 -2.485933303833008 -0.2598276138305664
-1.58270263671875 -2.570132255554199 -0.2524290084838867
-4.714237213134766 -2.6838674545288086 -0.2417440414428711
-7.911338806152344 -2.749100685119629 -0.23322105407714844
-11.094785690307617 -2.853605270385742 -0.22186851501464844
-14.246304512023926 -2.9502944946289062 -0.22060823440551758
-17.434873580932617 -3.0600175857543945 -0.2181529998779297
-20.5462646484375 -3.1458864212036133 -0.21564149856567383
-23.703641891479492 -3.2318334579467773 -0.21472930908203125
-26.648792266845703 -3.3267555236816406 -0.2226729393005371
-29.817840576171875 -3.3902740478515625 -0.22449541091918945

2
29.85211944580078 6.091508865356445 -0.36894989013671875
28.098133087158203 6.054903030395508 -0.37604188919067383
26.264591217041016 6.0104522705078125 -0.3691844940185547
24.313430786132812 5.957851409912109 -0.3800506591796875
22.45006561279297 5.900272369384766 -0.37793779373168945
20.464351654052734 5.844341278076172 -0.3841853141784668
18.637950897216797 5.80079460144043 -0.39156293869018555
16.761249542236328 5.766300201416016 -0.3935580253601074
14.72738265991211 5.69915771484375 -0.3978395462036133
12.673439025878906 5.655820846557617 -0.40091848373413086
10.96142578125 5.618721008300781 -0.4026031494140625
9.092029571533203 5.559093475341797 -0.4003787040710449
7.1403045654296875 5.513338088989258 -0.40227651596069336
5.138210296630859 5.445318222045898 -0.39684438705444336
3.4083595275878906 5.66075325012207 -0.3761863708496094
2.511333465576172 7.132062911987305 -0.3549976348876953
2.4121131896972656 9.281930923461914 -0.35638904571533203
2.3956336975097656 11.102228164672852 -0.37006092071533203
2.4022293090820312 12.92762565612793 -0.41776084899902344
2.3894920349121094 14.80433464050293 -0.45722436904907227

2
-2.3753013610839844 14.805482864379883 -0.4507608413696289
-2.3394851684570312 12.878231048583984 -0.4119863510131836
-2.354198455810547 11.038299560546875 -0.3806014060974121
-2.3312835693359375 9.105987548828125 -0.3579421043395996
-2.334949493408203 7.116260528564453 -0.37734031677246094
-3.133533477783203 5.379310607910156 -0.3994560241699219
-4.908758163452148 5.063114166259766 -0.3977952003479004
-6.792854309082031 4.999469757080078 -0.3960094451904297
-8.658153533935547 4.925331115722656 -0.39115333557128906
-10.669857025146484 4.87542724609375 -0.39502573013305664
-12.73288345336914 4.820964813232422 -0.3858675956726074
-14.514979362487793 4.784482955932617 -0.3834342956542969
-16.394691467285156 4.732049942016602 -0.3856163024902344
-18.372631072998047 4.722448348999023 -0.3791952133178711
-20.355365753173828 4.662454605102539 -0.36817216873168945
-22.276662826538086 4.629251480102539 -0.36249494552612305
-24.251018524169922 4.585182189941406 -0.37112951278686523
-26.09943199157715 4.534402847290039 -0.3694014549255371
-27.997377395629883 4.462907791137695 -0.3778076171875
-29.8427677154541 4.390632629394531 -0.38422250747680664

