2
29.828765869140625 -1.6169986724853516 -0.1950511932373047
26.807601928710938 -1.7213659286499023 -0.2132868766784668
23.770130157470703 -1.8366804122924805 -0.23511266708374023
20.576904296875 -1.9363431930541992 -0.2530860900878906
17.433841705322266 -2.0218582153320312 -0.267392635345459
14.24544906616211 -2.11419677734375 -0.27908754348754883
11.088802337646484 -2.181572914123535 -0.2781095504760742
7.924842834472656 -2.2842159271240234 -0.27420520782470703
4.761405944824219 -2.3735122680664062 -0.2681746482849121
1.5871734619140625 -2.4730281829833984 -0.25808191299438477
-1.591787338256836 -2.5595436096191406 -0.24961519241333008
-4.719402313232422 -2.676605224609375 -0.23733043670654297
-7.907020568847656 -2.747333526611328 -0.2273111343383789
-11.071327209472656 -2.8538665771484375 -0.21442365646362305
-14.243623733520508 -2.9507017135620117 -0.21004199981689453
-17.42186164855957 -3.0600175857543945 -0.20741987228393555
-20.538677215576172 -3.1447830200195312 -0.20598411560058594
-23.695180892944336 -3.2293853759765625 -0.2017827033996582
-26.64603614807129 -3.3258047103881836 -0.20802783966064453
-29.8172607421875 -3.3933658599853516 -0.20968008041381836

2
29.855167388916016 6.126274108886719 -0.3834958076477051
28.07225799560547 6.090749740600586 -0.38717031478881836
26.242046356201172 6.036737442016602 -0.37975072860717773
24.25634765625 5.976215362548828 -0.3928999900817871
22.354663848876953 5.921588897705078 -0.39237117767333984
20.35480499267578 5.860404968261719 -0.4003582000732422
18.47270965576172 5.817037582397461 -0.40499353408813477
16.60376739501953 5.776206970214844 -0.40613842010498047
14.535263061523438 5.715967178344727 -0.4114370346069336
12.383529663085938 5.671150207519531 -0.41240882873535156
10.732685089111328 5.639915466308594 -0.4180874824523926
8.822334289550781 5.579124450683594 -0.40970802307128906
6.829032897949219 5.540363311767578 -0.4110121726989746
4.777435302734375 5.460308074951172 -0.40390682220458984
3.0223731994628906 5.643257141113281 -0.3883967399597168
2.0890846252441406 7.130002975463867 -0.3665604591369629
1.9555244445800781 9.263080596923828 -0.3678317070007324
1.9049301147460938 11.097047805786133 -0.3806724548339844
1.8540000915527344 12.901424407958984 -0.4333667755126953
1.7719058990478516 14.799694061279297 -0.47409534454345703

2
-2.929140090942383 14.797761917114258 -0.46687984466552734
-2.8400611877441406 12.90159797668457 -0.4261622428894043
-2.823436737060547 11.086677551269531 -0.3930172920227051
-2.8300018310546875 9.162801742553711 -0.36849212646484375
-2.8303165435791016 7.192686080932617 -0.38091516494750977
-3.4740238189697266 5.46696662902832 -0.3993968963623047
-5.2543792724609375 5.064443588256836 -0.39667701721191406
-7.105556488037109 4.990192413330078 -0.39419126510620117
-8.948665618896484 4.914737701416016 -0.38729429244995117
-10.950845718383789 4.852516174316406 -0.39252614974975586
-12.971488952636719 4.814453125 -0.3824129104614258
-14.756485939025879 4.77308464050293 -0.3790903091430664
-16.597240447998047 4.724531173706055 -0.38077449798583984
-18.591510772705078 4.704282760620117 -0.37594127655029297
-20.561935424804688 4.634693145751953 -0.36350488662719727
-22.425878524780273 4.615663528442383 -0.35625314712524414
-24.352392196655273 4.559385299682617 -0.36617183685302734
-26.176355361938477 4.5161590576171875 -0.3624134063720703
-28.04146385192871 4.4311065673828125 -0.3709568977355957
-29.842071533203125 4.3684234619140625 -0.3749403953552246

