2
29.826316833496094 -1.5708093643188477 -0.19349336624145508
26.79791259765625 -1.6770257949829102 -0.21294021606445312
23.762775421142578 -1.800227165222168 -0.23517465591430664
20.561717987060547 -1.9050111770629883 -0.2529029846191406
17.43094253540039 -2.001110076904297 -0.2662844657897949
14.238883972167969 -2.09359073638916 -0.2780303955078125
11.070907592773438 -2.1661558151245117 -0.27732276916503906
7.913249969482422 -2.2695159912109375 -0.2729177474975586
4.7570648193359375 -2.3616809844970703 -0.2684440612792969
1.5871200561523438 -2.463395118713379 -0.25766658782958984
-1.5940132141113281 -2.5531702041625977 -0.24854087829589844
-4.720979690551758 -2.6726980209350586 -0.23618030548095703
-7.903627395629883 -2.7446155548095703 -0.22583770751953125
-11.056930541992188 -2.8497514724731445 -0.2133774757385254
-14.237113952636719 -2.9449167251586914 -0.20844793319702148
-17.41812515258789 -3.055753707885742 -0.2059311866760254
-20.533878326416016 -3.1394834518432617 -0.20386838912963867
-23.68907928466797 -3.2259140014648438 -0.20164775848388672
-26.64413070678711 -3.3236827850341797 -0.2048788070678711
-29.81623649597168 -3.392420768737793 -0.2070612907409668

2
29.852378845214844 6.139095306396484 -0.3883848190307617
28.04467010498047 6.112329483032227 -0.3893136978149414
26.221538543701172 6.054523468017578 -0.383145809173584
24.22320556640625 5.9933929443359375 -0.39960527420043945
22.28293228149414 5.941770553588867 -0.39997005462646484
20.233699798583984 5.875955581665039 -0.4101696014404297
18.341087341308594 5.82823371887207 -0.41375255584716797
16.407867431640625 5.780632019042969 -0.416109561920166
14.363380432128906 5.722667694091797 -0.424497127532959
12.246406555175781 5.674768447875977 -0.4272451400756836
10.524059295654297 5.632167816162109 -0.43409013748168945
8.572628021240234 5.575010299682617 -0.4246406555175781
6.6440277099609375 5.530004501342773 -0.4250187873840332
4.538326263427734 5.450172424316406 -0.41636037826538086
2.6958541870117188 5.616697311401367 -0.4031186103820801
1.7111377716064453 6.974115371704102 -0.3824615478515625
1.5272502899169922 9.203365325927734 -0.3858060836791992
1.4819812774658203 11.027807235717773 -0.4053530693054199
1.4409408569335938 12.871620178222656 -0.45844125747680664
1.4014720916748047 14.804977416992188 -0.5021367073059082

2
-3.3714218139648438 14.801254272460938 -0.48204660415649414
-3.2895355224609375 12.936302185058594 -0.4462461471557617
-3.278759002685547 11.096227645874023 -0.4037284851074219
-3.2563533782958984 9.208229064941406 -0.38302135467529297
-3.2730579376220703 7.308160781860352 -0.3907303810119629
-3.8135433197021484 5.505512237548828 -0.40681982040405273
-5.635759353637695 5.054193496704102 -0.4029526710510254
-7.453763961791992 4.9934844970703125 -0.39989376068115234
-9.229608535766602 4.921772003173828 -0.39301443099975586
-11.160293579101562 4.85540771484375 -0.39995527267456055
-13.217304229736328 4.823774337768555 -0.3900270462036133
-14.969411849975586 4.775585174560547 -0.38782548904418945
-16.787322998046875 4.731943130493164 -0.3904876708984375
-18.78858184814453 4.703638076782227 -0.38474225997924805
-20.765485763549805 4.632198333740234 -0.37362098693847656
-22.554733276367188 4.618064880371094 -0.36513805389404297
-24.43502426147461 4.560077667236328 -0.37642669677734375
-26.23863983154297 4.521169662475586 -0.37256765365600586
-28.062232971191406 4.429346084594727 -0.3809337615966797
-29.83979034423828 4.375003814697266 -0.38553619384765625

