2
29.828548431396484 -1.539224624633789 -0.19469642639160156
26.80731201171875 -1.6420936584472656 -0.21341228485107422
23.76511001586914 -1.7668647766113281 -0.23442840576171875
20.563644409179688 -1.8726577758789062 -0.2528572082519531
17.43032455444336 -1.9724607467651367 -0.2663130760192871
14.23427963256836 -2.0648794174194336 -0.27852678298950195
11.060546875 -2.1440696716308594 -0.2778148651123047
7.905521392822266 -2.252117156982422 -0.27361249923706055
4.750675201416016 -2.346776008605957 -0.2688164710998535
1.5820388793945312 -2.452676773071289 -0.2577786445617676
-1.5966739654541016 -2.541017532348633 -0.2481098175048828
-4.728916168212891 -2.6603031158447266 -0.2354602813720703
-7.9144744873046875 -2.734598159790039 -0.22518539428710938
-11.062135696411133 -2.840428352355957 -0.21299028396606445
-14.237586975097656 -2.9369869232177734 -0.2069993019104004
-17.433589935302734 -3.050400733947754 -0.2040715217590332
-20.551773071289062 -3.139773368835449 -0.20194196701049805
-23.693017959594727 -3.231496810913086 -0.20025968551635742
-26.641019821166992 -3.333354949951172 -0.20144987106323242
-29.8159122467041 -3.408787727355957 -0.20368003845214844

2
29.85991668701172 6.160654067993164 -0.3915519714355469
28.02539825439453 6.1322479248046875 -0.39382314682006836
26.166988372802734 6.070219039916992 -0.3866610527038574
24.188899993896484 6.0116424560546875 -0.40111780166625977
22.19416046142578 5.958833694458008 -0.4009208679199219
20.125499725341797 5.891324996948242 -0.4096221923828125
18.21502685546875 5.839752197265625 -0.41213321685791016
16.240909576416016 5.795648574829102 -0.41433095932006836
14.222267150878906 5.736354827880859 -0.4197392463684082
12.046722412109375 5.693336486816406 -0.4236617088317871
10.340682983398438 5.645978927612305 -0.4291067123413086
8.331512451171875 5.590923309326172 -0.4211254119873047
6.3540191650390625 5.541994094848633 -0.42280054092407227
4.2958526611328125 5.464069366455078 -0.41633129119873047
2.371257781982422 5.556154251098633 -0.40143775939941406
1.2804584503173828 6.841033935546875 -0.37840986251831055
1.1077518463134766 9.121391296386719 -0.3758525848388672
1.0945549011230469 10.982345581054688 -0.3951878547668457
0.9742717742919922 12.850931167602539 -0.4501309394836426
0.9411659240722656 14.810779571533203 -0.4940018653869629

2
-3.8558177947998047 14.803682327270508 -0.46738433837890625
-3.728048324584961 12.969560623168945 -0.4344625473022461
-3.6634864807128906 11.155120849609375 -0.3993048667907715
-3.6526145935058594 9.267173767089844 -0.3775629997253418
-3.6674423217773438 7.426876068115234 -0.38448476791381836
-4.154991149902344 5.583385467529297 -0.4049692153930664
-5.951471328735352 5.065645217895508 -0.4003767967224121
-7.723920822143555 4.994132995605469 -0.3970003128051758
-9.470195770263672 4.93304443359375 -0.39151430130004883
-11.380270004272461 4.861366271972656 -0.3970322608947754
-13.436555862426758 4.835792541503906 -0.3881959915161133
-15.161741256713867 4.7860260009765625 -0.387298583984375
-16.9534912109375 4.734258651733398 -0.38767051696777344
-18.91502571105957 4.699878692626953 -0.3783135414123535
-20.88747787475586 4.633594512939453 -0.3676590919494629
-22.62335205078125 4.617984771728516 -0.3609323501586914
-24.487369537353516 4.558526992797852 -0.3723883628845215
-26.28098487854004 4.524333953857422 -0.3681936264038086
-28.07998275756836 4.426210403442383 -0.3785123825073242
-29.84494400024414 4.378179550170898 -0.38190126419067383

