2
29.827598571777344 -1.5183038711547852 -0.18845796585083008
26.801658630371094 -1.62164306640625 -0.21064519882202148
23.76480484008789 -1.748732566833496 -0.2319774627685547
20.56616973876953 -1.8548192977905273 -0.2506246566772461
17.42293930053711 -1.9562482833862305 -0.2648038864135742
14.22005844116211 -2.04794979095459 -0.27718162536621094
11.04903793334961 -2.1270246505737305 -0.2762470245361328
7.899402618408203 -2.2378454208374023 -0.27174806594848633
4.7513885498046875 -2.3305530548095703 -0.26952219009399414
1.5784187316894531 -2.438678741455078 -0.2583909034729004
-1.6156558990478516 -2.5234298706054688 -0.2488689422607422
-4.744779586791992 -2.6411008834838867 -0.23708009719848633
-7.930898666381836 -2.7175960540771484 -0.22623538970947266
-11.076192855834961 -2.8222923278808594 -0.21429967880249023
-14.243012428283691 -2.922941207885742 -0.2086796760559082
-17.44390106201172 -3.042963981628418 -0.20515155792236328
-20.559589385986328 -3.138031005859375 -0.2029433250427246
-23.695905685424805 -3.2329273223876953 -0.20003032684326172
-26.639251708984375 -3.336745262145996 -0.20196866989135742
-29.815753936767578 -3.4168901443481445 -0.20431995391845703

2
29.867328643798828 6.221078872680664 -0.38727760314941406
28.011573791503906 6.186103820800781 -0.38945579528808594
26.104717254638672 6.112548828125 -0.382718563079834
24.166873931884766 6.054410934448242 -0.3937501907348633
22.11095428466797 5.992204666137695 -0.3932766914367676
20.025630950927734 5.921760559082031 -0.4009590148925781
18.096717834472656 5.860986709594727 -0.40247011184692383
16.107685089111328 5.812097549438477 -0.40360546112060547
14.093841552734375 5.744020462036133 -0.40664005279541016
11.881572723388672 5.704862594604492 -0.41037988662719727
10.115562438964844 5.65240478515625 -0.4157900810241699
8.084312438964844 5.594926834106445 -0.4091644287109375
6.120243072509766 5.536777496337891 -0.41204071044921875
4.121551513671875 5.449491500854492 -0.4118046760559082
2.1380081176757812 5.490898132324219 -0.3945479393005371
0.8818988800048828 6.720941543579102 -0.37040042877197266
0.6921844482421875 8.988809585571289 -0.3647170066833496
0.65924072265625 10.917194366455078 -0.38315820693969727
0.5982227325439453 12.822093963623047 -0.4302234649658203
0.5596771240234375 14.812278747558594 -0.4724612236022949

2
-4.170930862426758 14.802026748657227 -0.45125389099121094
-4.078027725219727 13.027568817138672 -0.4193410873413086
-3.9608097076416016 11.244607925415039 -0.38984012603759766
-4.001941680908203 9.345245361328125 -0.369229793548584
-3.9916229248046875 7.5049896240234375 -0.3729085922241211
-4.425210952758789 5.6666259765625 -0.3982686996459961
-6.213678359985352 5.069305419921875 -0.3944063186645508
-7.988090515136719 4.982889175415039 -0.38973093032836914
-9.718759536743164 4.933746337890625 -0.3863105773925781
-11.59321403503418 4.861377716064453 -0.39115476608276367
-13.5889892578125 4.831760406494141 -0.3822822570800781
-15.326902389526367 4.787101745605469 -0.38351869583129883
-17.082172393798828 4.725992202758789 -0.3831467628479004
-18.99419593811035 4.694511413574219 -0.37168264389038086
-20.93146514892578 4.628793716430664 -0.36042261123657227
-22.649105072021484 4.613481521606445 -0.3553805351257324
-24.50230598449707 4.55217170715332 -0.36476755142211914
-26.323091506958008 4.519262313842773 -0.3604106903076172
-28.117582321166992 4.418668746948242 -0.37311649322509766
-29.850000381469727 4.377902984619141 -0.3756098747253418

