2
29.826316833496094 -1.4962396621704102 -0.20166921615600586
26.81289291381836 -1.5936517715454102 -0.22007083892822266
23.77764892578125 -1.7240629196166992 -0.23993253707885742
20.57806396484375 -1.8298206329345703 -0.25986528396606445
17.43041229248047 -1.9340991973876953 -0.2716798782348633
14.228981018066406 -2.0234222412109375 -0.2823948860168457
11.053531646728516 -2.1110315322875977 -0.28073549270629883
7.899356842041016 -2.2215633392333984 -0.27379322052001953
4.750572204589844 -2.3158226013183594 -0.27057647705078125
1.577535629272461 -2.4278125762939453 -0.25818395614624023
-1.6242752075195312 -2.514822006225586 -0.24781370162963867
-4.743824005126953 -2.634066581726074 -0.2338409423828125
-7.923576354980469 -2.7086095809936523 -0.22153043746948242
-11.061759948730469 -2.815298080444336 -0.20858430862426758
-14.227865219116211 -2.9145374298095703 -0.20058393478393555
-17.439287185668945 -3.0349884033203125 -0.19475221633911133
-20.565654754638672 -3.1291799545288086 -0.19250965118408203
-23.695735931396484 -3.2233924865722656 -0.18851470947265625
-26.63278579711914 -3.3250207901000977 -0.18873119354248047
-29.81095314025879 -3.4018421173095703 -0.19159507751464844

2
29.870445251464844 6.2532501220703125 -0.3974618911743164
27.992977142333984 6.210611343383789 -0.39715099334716797
26.041500091552734 6.143217086791992 -0.39133739471435547
24.098434448242188 6.090766906738281 -0.4018583297729492
22.01455307006836 6.028341293334961 -0.4007530212402344
19.913101196289062 5.962125778198242 -0.40918684005737305
17.95867919921875 5.901344299316406 -0.41004371643066406
15.931289672851562 5.849370956420898 -0.40999841690063477
13.895378112792969 5.78504753112793 -0.40795230865478516
11.700618743896484 5.742179870605469 -0.4105186462402344
9.895347595214844 5.6823272705078125 -0.415560245513916
7.825401306152344 5.620656967163086 -0.40952587127685547
5.810176849365234 5.5533294677734375 -0.41435909271240234
3.837310791015625 5.475736618041992 -0.4135441780090332
1.8509178161621094 5.446794509887695 -0.398867130279541
0.4879474639892578 6.623407363891602 -0.3714160919189453
0.3048858642578125 8.917411804199219 -0.36252403259277344
0.26464080810546875 10.905956268310547 -0.37799072265625
0.18227577209472656 12.7960205078125 -0.4273538589477539
0.19544029235839844 14.810916900634766 -0.46373414993286133

2
-4.492341995239258 14.798328399658203 -0.4397706985473633
-4.399911880493164 13.047977447509766 -0.41045522689819336
-4.330593109130859 11.290632247924805 -0.3802018165588379
-4.361440658569336 9.369802474975586 -0.3594222068786621
-4.347700119018555 7.57374382019043 -0.3615293502807617
-4.734041213989258 5.7142333984375 -0.38938093185424805
-6.446035385131836 5.0820770263671875 -0.3855733871459961
-8.202188491821289 4.978916168212891 -0.3790769577026367
-9.946710586547852 4.921728134155273 -0.37651920318603516
-11.79714584350586 4.830692291259766 -0.38162803649902344
-13.765953063964844 4.801319122314453 -0.37202024459838867
-15.536920547485352 4.75651741027832 -0.3738994598388672
-17.22012710571289 4.704383850097656 -0.37004709243774414
-19.088890075683594 4.672576904296875 -0.3570585250854492
-20.991104125976562 4.613492965698242 -0.346097469329834
-22.67398452758789 4.599874496459961 -0.3409428596496582
-24.51188087463379 4.5364837646484375 -0.35109806060791016
-26.338966369628906 4.505720138549805 -0.3459353446960449
-28.132356643676758 4.40266227722168 -0.3603363037109375
-29.85021209716797 4.3689117431640625 -0.35950279235839844

