1
5.7305145263671875 -4.648639678955078 -0.29910850524902344
5.7116241455078125 -3.0106468200683594 -0.29300546646118164
5.729515075683594 -1.3353567123413086 -0.2896122932434082
5.722312927246094 0.26587486267089844 -0.2807888984680176
5.733406066894531 1.7772197723388672 -0.27355432510375977
5.776248931884766 3.4071521759033203 -0.26369571685791016
5.7243499755859375 5.033611297607422 -0.2598581314086914
5.541835784912109 6.331378936767578 -0.24894189834594727
3.915363311767578 6.37598991394043 -0.20863914489746094
2.2068557739257812 6.409934997558594 -0.17738580703735352
1.1423664093017578 5.96629524230957 -0.15987253189086914
1.029928207397461 4.338581085205078 -0.1705622673034668
1.1389408111572266 2.7638473510742188 -0.18707656860351562
1.1576309204101562 1.1423683166503906 -0.19791603088378906
1.1235313415527344 -0.5064144134521484 -0.2005925178527832
1.1094436645507812 -2.1423988342285156 -0.21159076690673828
1.0037002563476562 -3.7131261825561523 -0.22086572647094727
2.5958709716796875 -4.122039794921875 -0.25473594665527344
4.1733551025390625 -4.379641532897949 -0.28505802154541016
5.800693511962891 -4.63454532623291 -0.3077268600463867

2
29.81234359741211 4.800607681274414 -0.04869794845581055
28.60406494140625 4.825681686401367 -0.06634187698364258
27.409008026123047 4.866155624389648 -0.08722591400146484
26.192867279052734 4.894170761108398 -0.10522222518920898
25.0074462890625 4.912576675415039 -0.11237812042236328
23.791664123535156 4.943288803100586 -0.11764192581176758
22.60494613647461 4.999576568603516 -0.12967777252197266
21.24726104736328 5.029720306396484 -0.1489548683166504
20.114665985107422 5.023935317993164 -0.1650094985961914
18.79168701171875 5.05888557434082 -0.19090509414672852
17.50627899169922 5.155536651611328 -0.20926713943481445
16.604103088378906 5.485429763793945 -0.2108464241027832
15.672191619873047 6.410743713378906 -0.22139549255371094
15.342227935791016 7.517133712768555 -0.2169513702392578
15.288291931152344 8.758955001831055 -0.20012426376342773
15.29278564453125 9.96812629699707 -0.1675429344177246
15.338069915771484 11.283952713012695 -0.14705705642700195
15.291515350341797 12.414331436157227 -0.14703655242919922
15.296016693115234 13.623437881469727 -0.13872671127319336
15.254352569580078 14.801843643188477 -0.13712692260742188

1
5.973506927490234 10.3150634765625 -0.1664867401123047
5.72796630859375 8.759544372558594 -0.20896339416503906
5.473789215087891 7.1721038818359375 -0.27917909622192383
5.230560302734375 5.6457366943359375 -0.30433034896850586
6.777820587158203 5.652402877807617 -0.2985372543334961
8.500865936279297 5.612491607666016 -0.2808113098144531
10.027053833007812 5.626459121704102 -0.26954221725463867
11.717731475830078 5.603048324584961 -0.25556087493896484
13.322265625 5.597105026245117 -0.2554187774658203
14.909893035888672 5.56608772277832 -0.24824047088623047
16.672462463378906 5.500852584838867 -0.23790740966796875
16.24905776977539 7.0549468994140625 -0.21778154373168945
15.776912689208984 8.53863525390625 -0.18226289749145508
15.4346923828125 10.13418960571289 -0.1652984619140625
13.932098388671875 10.321535110473633 -0.16878843307495117
12.250389099121094 10.286964416503906 -0.1562209129333496
10.759346008300781 10.277986526489258 -0.16315841674804688
9.241485595703125 10.300298690795898 -0.16657590866088867
7.65362548828125 10.32359504699707 -0.16122722625732422
5.908725738525391 10.309814453125 -0.15243959426879883

2
7.651233673095703 14.786569595336914 -0.2542095184326172
7.527545928955078 12.435159683227539 -0.2707710266113281
7.463573455810547 10.119096755981445 -0.283846378326416
7.397617340087891 7.6634674072265625 -0.3475680351257324
6.001045227050781 5.692478179931641 -0.3138427734375
3.7512893676757812 5.306356430053711 -0.29396581649780273
1.433053970336914 5.387113571166992 -0.27093935012817383
-1.0125617980957031 5.428867340087891 -0.24675416946411133
-3.4697132110595703 5.473781585693359 -0.2501673698425293
-5.925790786743164 5.535055160522461 -0.22835159301757812
-8.348804473876953 5.611352920532227 -0.23595094680786133
-10.688304901123047 5.668437957763672 -0.23756885528564453
-13.167078018188477 5.720579147338867 -0.23812055587768555
-15.496131896972656 5.763933181762695 -0.23769140243530273
-18.000431060791016 5.835807800292969 -0.23682308197021484
-20.42959976196289 5.875907897949219 -0.2422928810119629
-22.82452964782715 5.964117050170898 -0.24861526489257812
-25.160093307495117 5.986572265625 -0.24756622314453125
-27.59325408935547 6.0333709716796875 -0.24088621139526367
-29.817672729492188 6.084260940551758 -0.23752784729003906

1
15.110355377197266 -4.110750198364258 -0.2414097785949707
13.54202651977539 -4.050952911376953 -0.2505607604980469
12.134151458740234 -3.9886226654052734 -0.2607297897338867
10.586360931396484 -3.9305419921875 -0.2710866928100586
9.157669067382812 -3.879530906677246 -0.2697024345397949
7.752410888671875 -3.8361825942993164 -0.2787055969238281
6.112388610839844 -3.798521041870117 -0.28720951080322266
4.789058685302734 -3.831009864807129 -0.2894926071166992
5.167415618896484 -5.2715654373168945 -0.2968912124633789
5.576320648193359 -6.674603462219238 -0.2904396057128906
5.978534698486328 -8.149839401245117 -0.30199670791625977
7.103916168212891 -8.542853355407715 -0.3041977882385254
8.717315673828125 -8.604011535644531 -0.3074345588684082
10.032234191894531 -8.626775741577148 -0.31940174102783203
11.52975845336914 -8.651468276977539 -0.32249927520751953
12.996051788330078 -8.727811813354492 -0.3338775634765625
14.408370971679688 -8.48297119140625 -0.3349027633666992
14.640380859375 -6.996212959289551 -0.30714845657348633
14.889122009277344 -5.619842529296875 -0.27292299270629883
15.13494873046875 -4.092472076416016 -0.23560428619384766

2
7.01690673828125 -14.802409172058105 -0.4356718063354492
7.069770812988281 -12.245955467224121 -0.42228126525878906
7.104194641113281 -9.952617645263672 -0.4107789993286133
7.221954345703125 -7.3422064781188965 -0.4083242416381836
6.959159851074219 -4.856464385986328 -0.3831639289855957
5.015850067138672 -3.1822423934936523 -0.34766101837158203
2.5500411987304688 -3.0094594955444336 -0.32881975173950195
0.06836700439453125 -2.962810516357422 -0.28005266189575195
-2.4155616760253906 -2.899494171142578 -0.2422008514404297
-4.977758407592773 -2.84291934967041 -0.22276067733764648
-7.671205520629883 -2.7694625854492188 -0.22718429565429688
-10.009281158447266 -2.7291622161865234 -0.2453289031982422
-12.574281692504883 -2.680788040161133 -0.2659130096435547
-15.076105117797852 -2.613165855407715 -0.2842569351196289
-17.557798385620117 -2.5572433471679688 -0.3055686950683594
-20.155948638916016 -2.5074691772460938 -0.3243370056152344
-22.68816375732422 -2.431619644165039 -0.33440065383911133
-25.141876220703125 -2.3650760650634766 -0.3546457290649414
-27.45264434814453 -2.290829658508301 -0.3748936653137207
-29.82094955444336 -2.2485055923461914 -0.382565975189209

1
15.865303039550781 5.4940338134765625 -0.28115034103393555
15.618194580078125 4.088033676147461 -0.2647266387939453
15.499027252197266 2.618825912475586 -0.26604318618774414
15.384857177734375 1.1905651092529297 -0.24954795837402344
15.068363189697266 -0.2317218780517578 -0.23682451248168945
14.970443725585938 -1.6137676239013672 -0.23243427276611328
14.837791442871094 -3.0378026962280273 -0.22334766387939453
15.514312744140625 -3.7548513412475586 -0.23775815963745117
17.05075454711914 -3.804166793823242 -0.2502422332763672
18.447654724121094 -3.832304000854492 -0.25672245025634766
19.706989288330078 -3.7116241455078125 -0.2536325454711914
19.664203643798828 -2.256955146789551 -0.22410011291503906
19.71393585205078 -0.8596725463867188 -0.20277738571166992
19.75444793701172 0.6149158477783203 -0.18369436264038086
19.749652862548828 2.0129661560058594 -0.16471624374389648
19.75384521484375 3.3802661895751953 -0.15393781661987305
19.88304901123047 4.843906402587891 -0.13230609893798828
18.61905288696289 5.208488464355469 -0.16650867462158203
17.263961791992188 5.3617706298828125 -0.2094717025756836
15.767524719238281 5.465177536010742 -0.25185251235961914

2
29.829483032226562 -3.5262699127197266 -0.2025289535522461
28.30664825439453 -3.4779958724975586 -0.2321157455444336
26.702354431152344 -3.465902328491211 -0.25020837783813477
25.13650131225586 -3.440201759338379 -0.26152610778808594
23.487987518310547 -3.4039344787597656 -0.2771439552307129
21.748878479003906 -3.3739194869995117 -0.2851719856262207
20.168415069580078 -3.3172426223754883 -0.2895936965942383
18.789058685302734 -3.157212257385254 -0.2929649353027344
17.933460235595703 -2.0486364364624023 -0.3212580680847168
16.742828369140625 -1.9878005981445312 -0.3199143409729004
15.271286010742188 -2.5731048583984375 -0.308194637298584
14.035232543945312 -3.695096015930176 -0.2962455749511719
13.526477813720703 -5.051502227783203 -0.31236982345581055
13.291973114013672 -6.643183708190918 -0.34979772567749023
13.334785461425781 -8.28322982788086 -0.3759932518005371
14.162933349609375 -8.908329010009766 -0.37570953369140625
14.820243835449219 -10.140098571777344 -0.38846874237060547
14.92236328125 -11.745875358581543 -0.41264867782592773
14.812358856201172 -13.266655921936035 -0.4140458106994629
14.766685485839844 -14.805404663085938 -0.4125661849975586

0
11.19882583618164 14.984762191772461 -0.2039031982421875
11.214889526367188 14.890520095825195 -0.1870107650756836
11.220359802246094 14.738231658935547 -0.20564746856689453
11.20853042602539 14.570638656616211 -0.20122814178466797
11.181877136230469 14.439727783203125 -0.19407081604003906
11.19918441772461 14.258642196655273 -0.1927657127380371
11.199653625488281 14.06429672241211 -0.19659423828125
11.183311462402344 13.901779174804688 -0.2004709243774414
11.166267395019531 13.77058219909668 -0.20871734619140625
11.142398834228516 13.596334457397461 -0.21199703216552734
11.149341583251953 13.442493438720703 -0.2139139175415039
11.143821716308594 13.268239974975586 -0.21205615997314453
11.107444763183594 13.037784576416016 -0.2107219696044922
11.118824005126953 12.891145706176758 -0.21454191207885742
11.160396575927734 12.753555297851562 -0.20914983749389648
11.159839630126953 12.546756744384766 -0.20244121551513672
11.172821044921875 12.414634704589844 -0.20047760009765625
11.187454223632812 12.262775421142578 -0.20743417739868164
11.158859252929688 12.129375457763672 -0.21192598342895508
11.142505645751953 11.8997802734375 -0.2122941017150879

