2
29.826396942138672 -1.4554414749145508 -0.21567773818969727
26.814502716064453 -1.5403823852539062 -0.23161935806274414
23.78512191772461 -1.6805782318115234 -0.25045204162597656
20.580612182617188 -1.7847251892089844 -0.2711162567138672
17.417354583740234 -1.8928642272949219 -0.27896595001220703
14.224170684814453 -1.9781017303466797 -0.28643083572387695
11.036468505859375 -2.0751752853393555 -0.28430795669555664
7.887611389160156 -2.189525604248047 -0.27501344680786133
4.733451843261719 -2.2863855361938477 -0.2693514823913574
1.5757789611816406 -2.4058237075805664 -0.2549467086791992
-1.6465988159179688 -2.4938926696777344 -0.24279451370239258
-4.769100189208984 -2.6160964965820312 -0.22594165802001953
-7.951650619506836 -2.697195053100586 -0.2113184928894043
-11.079784393310547 -2.804537773132324 -0.1970071792602539
-14.22927474975586 -2.90981388092041 -0.1855177879333496
-17.45741844177246 -3.0318374633789062 -0.1769413948059082
-20.60690689086914 -3.1343441009521484 -0.17302656173706055
-23.708406448364258 -3.225449562072754 -0.16759300231933594
-26.633319854736328 -3.3329172134399414 -0.16451072692871094
-29.809402465820312 -3.414088249206543 -0.16377639770507812

2
29.87261962890625 6.269355773925781 -0.41196537017822266
27.964092254638672 6.224935531616211 -0.40917110443115234
25.982891082763672 6.145164489746094 -0.4038257598876953
24.013107299804688 6.086992263793945 -0.4122495651245117
21.905956268310547 6.020551681518555 -0.40971946716308594
19.787254333496094 5.9530181884765625 -0.41824960708618164
17.80921173095703 5.895849227905273 -0.4196925163269043
15.763801574707031 5.835897445678711 -0.41623353958129883
13.688247680664062 5.780603408813477 -0.41501760482788086
11.498371124267578 5.741315841674805 -0.41703224182128906
9.688968658447266 5.68830680847168 -0.42067956924438477
7.584075927734375 5.624324798583984 -0.41336870193481445
5.443428039550781 5.536766052246094 -0.4201498031616211
3.4836044311523438 5.481874465942383 -0.4155240058898926
1.5106372833251953 5.441673278808594 -0.40447092056274414
0.1373462677001953 6.663234710693359 -0.3778209686279297
-0.07218551635742188 8.826339721679688 -0.37026023864746094
-0.13042831420898438 10.815309524536133 -0.3846912384033203
-0.2674102783203125 12.790626525878906 -0.43860578536987305
-0.34062957763671875 14.810157775878906 -0.47423553466796875

2
-4.910877227783203 14.80157470703125 -0.4345669746398926
-4.834760665893555 13.087825775146484 -0.4099454879760742
-4.793718338012695 11.331689834594727 -0.3795013427734375
-4.84223747253418 9.428129196166992 -0.36049604415893555
-4.775686264038086 7.618011474609375 -0.35794544219970703
-5.10539436340332 5.783172607421875 -0.38384485244750977
-6.727933883666992 5.076314926147461 -0.3781929016113281
-8.413354873657227 4.963092803955078 -0.3686671257019043
-10.183534622192383 4.911462783813477 -0.3648099899291992
-12.015634536743164 4.8241729736328125 -0.3681025505065918
-13.970197677612305 4.796680450439453 -0.3560066223144531
-15.76688003540039 4.75225830078125 -0.35622310638427734
-17.386913299560547 4.713567733764648 -0.34847211837768555
-19.26526641845703 4.679904937744141 -0.33447265625
-21.09134292602539 4.631122589111328 -0.3260507583618164
-22.75690460205078 4.617183685302734 -0.31895875930786133
-24.572240829467773 4.556314468383789 -0.32952451705932617
-26.371057510375977 4.524885177612305 -0.32378578186035156
-28.156719207763672 4.425834655761719 -0.3381838798522949
-29.8492431640625 4.3892364501953125 -0.33383655548095703

