2
29.824405670166016 -1.4319591522216797 -0.21281051635742188
26.809478759765625 -1.5181818008422852 -0.23113107681274414
23.769001007080078 -1.6586551666259766 -0.24991512298583984
20.571983337402344 -1.7661857604980469 -0.26920413970947266
17.409133911132812 -1.8790674209594727 -0.27704954147338867
14.229583740234375 -1.9668216705322266 -0.28571128845214844
11.049629211425781 -2.068470001220703 -0.2827792167663574
7.901462554931641 -2.1853466033935547 -0.27290868759155273
4.74554443359375 -2.2858448028564453 -0.26743459701538086
1.5736122131347656 -2.4023561477661133 -0.2524886131286621
-1.6501121520996094 -2.4874353408813477 -0.24012994766235352
-4.781637191772461 -2.6073474884033203 -0.2208423614501953
-7.96588134765625 -2.683725357055664 -0.20436811447143555
-11.071943283081055 -2.7863664627075195 -0.1912245750427246
-14.226863861083984 -2.895792007446289 -0.18031835556030273
-17.465904235839844 -3.014719009399414 -0.1692667007446289
-20.621326446533203 -3.1190738677978516 -0.16307497024536133
-23.69830322265625 -3.210918426513672 -0.15392017364501953
-26.630863189697266 -3.318251609802246 -0.15056753158569336
-29.80918312072754 -3.4006223678588867 -0.14561128616333008

2
29.87767791748047 6.28143310546875 -0.42180728912353516
27.92529296875 6.2273101806640625 -0.4199652671813965
25.912734985351562 6.151544570922852 -0.41631364822387695
23.916549682617188 6.095592498779297 -0.4230155944824219
21.770050048828125 6.021263122558594 -0.4226522445678711
19.715816497802734 5.949735641479492 -0.433957576751709
17.675628662109375 5.8814697265625 -0.4333477020263672
15.599815368652344 5.81721305847168 -0.4276285171508789
13.5006103515625 5.759958267211914 -0.4275808334350586
11.294727325439453 5.713960647583008 -0.43024492263793945
9.514644622802734 5.656169891357422 -0.4302535057067871
7.324676513671875 5.5998382568359375 -0.420168399810791
5.155834197998047 5.5256500244140625 -0.42685413360595703
3.1485671997070312 5.4700469970703125 -0.421417236328125
1.1749610900878906 5.42106819152832 -0.4105973243713379
-0.2569618225097656 6.575145721435547 -0.3845701217651367
-0.48287200927734375 8.726421356201172 -0.37830591201782227
-0.514862060546875 10.700725555419922 -0.39745378494262695
-0.6318874359130859 12.79112434387207 -0.4541292190551758
-0.6498928070068359 14.8043212890625 -0.49237775802612305

2
-5.230535507202148 14.805778503417969 -0.451202392578125
-5.1936798095703125 13.139873504638672 -0.42998504638671875
-5.176910400390625 11.38408088684082 -0.396975040435791
-5.232633590698242 9.493181228637695 -0.37421226501464844
-5.159420013427734 7.676750183105469 -0.3679366111755371
-5.459953308105469 5.872653961181641 -0.390230655670166
-7.020694732666016 5.082387924194336 -0.3840622901916504
-8.652605056762695 4.977025985717773 -0.37524843215942383
-10.373428344726562 4.920656204223633 -0.37204551696777344
-12.208799362182617 4.838369369506836 -0.3742561340332031
-14.161593437194824 4.806476593017578 -0.361508846282959
-15.966166496276855 4.757106781005859 -0.36473512649536133
-17.559213638305664 4.717069625854492 -0.35776805877685547
-19.446239471435547 4.671287536621094 -0.3422865867614746
-21.216449737548828 4.634319305419922 -0.3320307731628418
-22.89851188659668 4.6168365478515625 -0.3244662284851074
-24.685317993164062 4.548040390014648 -0.3359379768371582
-26.451093673706055 4.523778915405273 -0.3313884735107422
-28.198762893676758 4.4211578369140625 -0.3467531204223633
-29.85422706604004 4.394948959350586 -0.34016895294189453

