2
29.822463989257812 -1.4422941207885742 -0.21058225631713867
26.813838958740234 -1.531026840209961 -0.22869443893432617
23.778305053710938 -1.6709661483764648 -0.24735212326049805
20.580814361572266 -1.7751731872558594 -0.26738643646240234
17.425399780273438 -1.8871145248413086 -0.27559423446655273
14.244758605957031 -1.9742717742919922 -0.2849879264831543
11.07693862915039 -2.0717906951904297 -0.2825613021850586
7.905300140380859 -2.17425537109375 -0.2742319107055664
4.762348175048828 -2.27327823638916 -0.2691688537597656
1.5944328308105469 -2.38723087310791 -0.25510358810424805
-1.6367149353027344 -2.4745941162109375 -0.24330520629882812
-4.74565315246582 -2.6081581115722656 -0.2262415885925293
-7.929460525512695 -2.6866493225097656 -0.21181488037109375
-11.057756423950195 -2.792677879333496 -0.1987171173095703
-14.225882530212402 -2.901646614074707 -0.1886277198791504
-17.443923950195312 -3.022329330444336 -0.17982959747314453
-20.594966888427734 -3.125560760498047 -0.17553234100341797
-23.682662963867188 -3.218687057495117 -0.16974973678588867
-26.63249969482422 -3.3299684524536133 -0.1692333221435547
-29.804595947265625 -3.4162120819091797 -0.16959714889526367

2
29.880767822265625 6.280246734619141 -0.41858482360839844
27.877582550048828 6.2264556884765625 -0.41787004470825195
25.81289291381836 6.160549163818359 -0.41585206985473633
23.804325103759766 6.112617492675781 -0.42121124267578125
21.61864471435547 6.042379379272461 -0.42302513122558594
19.638092041015625 5.979772567749023 -0.4322080612182617
17.573768615722656 5.91107177734375 -0.4304213523864746
15.48068618774414 5.852846145629883 -0.4236741065979004
13.344154357910156 5.787717819213867 -0.423797607421875
11.147098541259766 5.724891662597656 -0.4289069175720215
9.316871643066406 5.672119140625 -0.43262147903442383
7.085319519042969 5.611724853515625 -0.4246797561645508
4.8776702880859375 5.535409927368164 -0.42939281463623047
2.9042892456054688 5.477561950683594 -0.42300844192504883
0.9128017425537109 5.414264678955078 -0.40998363494873047
-0.6413497924804688 6.542778015136719 -0.38352155685424805
-0.8892841339111328 8.726770401000977 -0.3763880729675293
-0.9251461029052734 10.711196899414062 -0.39907121658325195
-1.0655841827392578 12.792306900024414 -0.45203304290771484
-1.1822528839111328 14.800914764404297 -0.49237060546875

2
-5.693107604980469 14.800140380859375 -0.46349000930786133
-5.614536285400391 13.1650390625 -0.4388298988342285
-5.6019439697265625 11.440759658813477 -0.4070587158203125
-5.657194137573242 9.477447509765625 -0.3853001594543457
-5.5290069580078125 7.6804656982421875 -0.37557029724121094
-5.801141738891602 5.846527099609375 -0.3945460319519043
-7.321855545043945 5.055568695068359 -0.3852252960205078
-8.923364639282227 4.969503402709961 -0.3804440498352051
-10.611005783081055 4.907470703125 -0.3742399215698242
-12.359060287475586 4.83282470703125 -0.37532854080200195
-14.379278182983398 4.791378021240234 -0.36402225494384766
-16.18567657470703 4.747392654418945 -0.368436336517334
-17.776287078857422 4.707164764404297 -0.36244630813598633
-19.643442153930664 4.662586212158203 -0.3476552963256836
-21.313459396362305 4.635673522949219 -0.33857202529907227
-23.05683135986328 4.606781005859375 -0.32994604110717773
-24.791210174560547 4.542201995849609 -0.34435224533081055
-26.502639770507812 4.523246765136719 -0.3409390449523926
-28.210323333740234 4.42308235168457 -0.35490989685058594
-29.83135414123535 4.394903182983398 -0.34804677963256836

