2
29.823261260986328 -1.4334917068481445 -0.1972370147705078
26.806171417236328 -1.5219097137451172 -0.2196488380432129
23.782764434814453 -1.6610212326049805 -0.23876523971557617
20.57476806640625 -1.7652778625488281 -0.2584700584411621
17.423797607421875 -1.8799858093261719 -0.2685556411743164
14.240653991699219 -1.9714488983154297 -0.2806668281555176
11.070793151855469 -2.0687808990478516 -0.2784566879272461
7.903041839599609 -2.1712608337402344 -0.27091026306152344
4.759208679199219 -2.2682971954345703 -0.2686643600463867
1.5928878784179688 -2.3741416931152344 -0.2544727325439453
-1.6305503845214844 -2.459444999694824 -0.24362421035766602
-4.745109558105469 -2.5889148712158203 -0.22770166397094727
-7.932373046875 -2.6656970977783203 -0.21355819702148438
-11.068693161010742 -2.7681350708007812 -0.20018815994262695
-14.22797966003418 -2.8808069229125977 -0.19057607650756836
-17.44156265258789 -2.9995880126953125 -0.18156957626342773
-20.595205307006836 -3.1051254272460938 -0.17719650268554688
-23.687042236328125 -3.198124885559082 -0.17007923126220703
-26.62445831298828 -3.302445411682129 -0.16940593719482422
-29.803625106811523 -3.38839054107666 -0.1686701774597168

2
29.88351058959961 6.32240104675293 -0.41144466400146484
27.858142852783203 6.261297225952148 -0.41195249557495117
25.78653335571289 6.192234039306641 -0.41222047805786133
23.74462127685547 6.134332656860352 -0.41955041885375977
21.557571411132812 6.057424545288086 -0.4258003234863281
19.6138916015625 5.994161605834961 -0.4327092170715332
17.52243423461914 5.921791076660156 -0.4324464797973633
15.401069641113281 5.86577033996582 -0.42523813247680664
13.23270034790039 5.8003082275390625 -0.4265117645263672
11.022972106933594 5.7277984619140625 -0.4336719512939453
9.112571716308594 5.677453994750977 -0.4379863739013672
6.902690887451172 5.623821258544922 -0.4325532913208008
4.617816925048828 5.548282623291016 -0.4373779296875
2.7089881896972656 5.482294082641602 -0.43204736709594727
0.7125492095947266 5.401094436645508 -0.4186549186706543
-1.0511417388916016 6.528127670288086 -0.3961458206176758
-1.2860908508300781 8.663442611694336 -0.38709354400634766
-1.3365726470947266 10.625984191894531 -0.4087367057800293
-1.4209327697753906 12.767875671386719 -0.4697880744934082
-1.4783401489257812 14.799919128417969 -0.5100560188293457

2
-6.127021789550781 14.794404983520508 -0.4917874336242676
-6.169652938842773 13.188587188720703 -0.4662947654724121
-6.0814056396484375 11.445697784423828 -0.42947912216186523
-6.132356643676758 9.714986801147461 -0.4028034210205078
-6.13067626953125 7.969493865966797 -0.38573360443115234
-6.1892547607421875 6.201168060302734 -0.39964771270751953
-7.372957229614258 5.180507659912109 -0.4043006896972656
-9.166015625 4.990137100219727 -0.3953256607055664
-10.831594467163086 4.920610427856445 -0.3961358070373535
-12.506019592285156 4.856792449951172 -0.3971729278564453
-14.17128849029541 4.818531036376953 -0.3899259567260742
-15.932169914245605 4.782686233520508 -0.39160728454589844
-17.761831283569336 4.714942932128906 -0.38261985778808594
-19.34004783630371 4.69371223449707 -0.3734593391418457
-21.206586837768555 4.661157608032227 -0.36945247650146484
-23.014179229736328 4.634588241577148 -0.35759544372558594
-24.68426513671875 4.588451385498047 -0.3482489585876465
-26.382658004760742 4.541112899780273 -0.35431623458862305
-28.128257751464844 4.497039794921875 -0.3488655090332031
-29.84161376953125 4.476200103759766 -0.34764862060546875

