2
29.821224212646484 -1.4258489608764648 -0.1964120864868164
26.80007553100586 -1.510599136352539 -0.219512939453125
23.771358489990234 -1.6457948684692383 -0.23869895935058594
20.57343292236328 -1.7489652633666992 -0.25804948806762695
17.43813705444336 -1.860468864440918 -0.2689857482910156
14.248790740966797 -1.9502735137939453 -0.28011417388916016
11.07278823852539 -2.0480146408081055 -0.2777414321899414
7.909332275390625 -2.1504125595092773 -0.27062129974365234
4.759319305419922 -2.2500267028808594 -0.2692594528198242
1.5927886962890625 -2.359395980834961 -0.2557201385498047
-1.6314144134521484 -2.4445419311523438 -0.24503564834594727
-4.736562728881836 -2.578852653503418 -0.2284221649169922
-7.917425155639648 -2.658400535583496 -0.21410608291625977
-11.059791564941406 -2.762110710144043 -0.2005467414855957
-14.222089767456055 -2.8716955184936523 -0.19094419479370117
-17.43038558959961 -2.9882888793945312 -0.18205738067626953
-20.57817840576172 -3.0904016494750977 -0.17805004119873047
-23.693256378173828 -3.1859588623046875 -0.1712784767150879
-26.611614227294922 -3.2915964126586914 -0.17157936096191406
-29.800561904907227 -3.3766469955444336 -0.17247772216796875

2
29.886383056640625 6.321237564086914 -0.4089512825012207
27.8287353515625 6.263607025146484 -0.409820556640625
25.710193634033203 6.199287414550781 -0.4117250442504883
23.64315414428711 6.14326286315918 -0.41764307022094727
21.456188201904297 6.065807342529297 -0.42386770248413086
19.52997589111328 6.007686614990234 -0.4279751777648926
17.39392852783203 5.934711456298828 -0.4271564483642578
15.289447784423828 5.878288269042969 -0.4197416305541992
13.134502410888672 5.814912796020508 -0.4202241897583008
10.949176788330078 5.733127593994141 -0.42696380615234375
9.026199340820312 5.68541145324707 -0.4314584732055664
6.740478515625 5.628229141235352 -0.4247117042541504
4.4084930419921875 5.548858642578125 -0.42835521697998047
2.4796180725097656 5.474420547485352 -0.42272186279296875
0.4028034210205078 5.412805557250977 -0.41080570220947266
-1.4047927856445312 6.380453109741211 -0.3880481719970703
-1.7100868225097656 8.560770034790039 -0.37783384323120117
-1.7242565155029297 10.588188171386719 -0.3950996398925781
-1.8619728088378906 12.735481262207031 -0.4564480781555176
-1.920562744140625 14.801231384277344 -0.4945812225341797

2
-6.585659027099609 14.79559326171875 -0.46678876876831055
-6.542102813720703 13.192998886108398 -0.4523477554321289
-6.501621246337891 11.436168670654297 -0.4122123718261719
-6.532197952270508 9.76983642578125 -0.39028072357177734
-6.47484016418457 8.019512176513672 -0.3774580955505371
-6.574764251708984 6.367219924926758 -0.39145803451538086
-7.634347915649414 5.199718475341797 -0.3992137908935547
-9.39309310913086 5.004350662231445 -0.38814258575439453
-11.068340301513672 4.929010391235352 -0.3891749382019043
-12.698650360107422 4.874641418457031 -0.3895869255065918
-14.360312461853027 4.831716537475586 -0.38626956939697266
-16.131607055664062 4.782947540283203 -0.38541412353515625
-17.92420196533203 4.7186126708984375 -0.37906646728515625
-19.505573272705078 4.6858062744140625 -0.36941099166870117
-21.33904266357422 4.6673583984375 -0.3651242256164551
-23.134384155273438 4.624734878540039 -0.352297306060791
-24.79289436340332 4.589937210083008 -0.34421634674072266
-26.41503143310547 4.536886215209961 -0.34966039657592773
-28.145227432250977 4.481845855712891 -0.344602108001709
-29.83954429626465 4.457223892211914 -0.34113311767578125

