2
29.821205139160156 -1.404688835144043 -0.19092798233032227
26.793922424316406 -1.4843225479125977 -0.21660327911376953
23.760108947753906 -1.6219301223754883 -0.23689031600952148
20.557941436767578 -1.7271995544433594 -0.25605201721191406
17.433059692382812 -1.840860366821289 -0.2681312561035156
14.249080657958984 -1.9322586059570312 -0.2787284851074219
11.080451965332031 -2.0318164825439453 -0.27713632583618164
7.915233612060547 -2.1388607025146484 -0.27074098587036133
4.759956359863281 -2.2394447326660156 -0.2712869644165039
1.5903282165527344 -2.3494091033935547 -0.2582850456237793
-1.6282539367675781 -2.436788558959961 -0.24794960021972656
-4.725187301635742 -2.5636167526245117 -0.23179912567138672
-7.901821136474609 -2.64581298828125 -0.21794366836547852
-11.040327072143555 -2.7488012313842773 -0.20531606674194336
-14.208966255187988 -2.8577871322631836 -0.19645166397094727
-17.409259796142578 -2.9802494049072266 -0.18815040588378906
-20.55799102783203 -3.0839033126831055 -0.18526172637939453
-23.691307067871094 -3.1813268661499023 -0.17960453033447266
-26.611873626708984 -3.2859716415405273 -0.18026018142700195
-29.802175521850586 -3.3708715438842773 -0.18239736557006836

2
29.87926483154297 6.3620147705078125 -0.40598440170288086
27.79415512084961 6.295482635498047 -0.4041910171508789
25.671558380126953 6.22667121887207 -0.4031643867492676
23.592212677001953 6.161369323730469 -0.4080643653869629
21.38571548461914 6.075441360473633 -0.4120616912841797
19.417396545410156 6.020244598388672 -0.41770458221435547
17.21524429321289 5.942129135131836 -0.4179081916809082
15.092761993408203 5.883787155151367 -0.41048479080200195
12.973396301269531 5.830352783203125 -0.4094729423522949
10.786582946777344 5.74455451965332 -0.41178083419799805
8.810199737548828 5.696556091308594 -0.4176774024963379
6.474803924560547 5.639499664306641 -0.41019344329833984
4.080421447753906 5.579954147338867 -0.41675424575805664
2.206512451171875 5.486265182495117 -0.4121103286743164
0.08737564086914062 5.449155807495117 -0.40722084045410156
-1.8032760620117188 6.3339385986328125 -0.38114500045776367
-2.1441726684570312 8.567403793334961 -0.36959266662597656
-2.1167221069335938 10.540613174438477 -0.3843870162963867
-2.1592044830322266 12.712930679321289 -0.43914079666137695
-2.1217880249023438 14.796989440917969 -0.48020362854003906

2
-6.911550521850586 14.8006591796875 -0.4488973617553711
-6.856466293334961 13.18328857421875 -0.4325375556945801
-6.84150505065918 11.46917724609375 -0.3958578109741211
-6.893089294433594 9.830869674682617 -0.38234853744506836
-6.7938385009765625 8.131752014160156 -0.3671388626098633
-6.837291717529297 6.4598388671875 -0.38765668869018555
-7.795070648193359 5.195213317871094 -0.39836788177490234
-9.592805862426758 4.998439788818359 -0.3881235122680664
-11.239757537841797 4.933189392089844 -0.3867349624633789
-12.851381301879883 4.879005432128906 -0.3865337371826172
-14.512187957763672 4.835592269897461 -0.3864569664001465
-16.299837112426758 4.782297134399414 -0.3828239440917969
-18.074066162109375 4.725118637084961 -0.37801170349121094
-19.65890121459961 4.688777923583984 -0.36798810958862305
-21.473915100097656 4.672966003417969 -0.364713191986084
-23.240556716918945 4.630241394042969 -0.353024959564209
-24.87757110595703 4.604637145996094 -0.3462996482849121
-26.448991775512695 4.551774978637695 -0.35099363327026367
-28.163990020751953 4.499279022216797 -0.3479127883911133
-29.8388671875 4.478553771972656 -0.3440890312194824

