2
29.877182006835938 6.349315643310547 -0.40137624740600586
27.743206024169922 6.285211563110352 -0.4000062942504883
25.600826263427734 6.204448699951172 -0.39951658248901367
23.48476791381836 6.138772964477539 -0.4027409553527832
21.258949279785156 6.056934356689453 -0.40634822845458984
19.221107482910156 5.999948501586914 -0.4147939682006836
16.982383728027344 5.940526962280273 -0.41463804244995117
14.89788818359375 5.883512496948242 -0.4069705009460449
12.76938247680664 5.83796501159668 -0.40467405319213867
10.68414306640625 5.748359680175781 -0.40305089950561523
8.638969421386719 5.694761276245117 -0.41294384002685547
6.2427520751953125 5.634122848510742 -0.40740346908569336
3.808513641357422 5.571571350097656 -0.41252851486206055
1.8625049591064453 5.465373992919922 -0.4089088439941406
-0.3179512023925781 5.416948318481445 -0.4009876251220703
-2.2069568634033203 6.242361068725586 -0.37926435470581055
-2.608430862426758 8.513134002685547 -0.3673372268676758
-2.553081512451172 10.467643737792969 -0.38932085037231445
-2.593801498413086 12.677934646606445 -0.4426388740539551
-2.5154247283935547 14.80160140991211 -0.4736056327819824

2
29.820999145507812 -1.404092788696289 -0.19243574142456055
26.786827087402344 -1.486515998840332 -0.2175145149230957
23.76616668701172 -1.6239070892333984 -0.23825359344482422
20.563335418701172 -1.7290058135986328 -0.2564969062805176
17.43132781982422 -1.8381080627441406 -0.2691507339477539
14.243549346923828 -1.9269170761108398 -0.27901649475097656
11.077922821044922 -2.0232887268066406 -0.27719593048095703
7.916393280029297 -2.128751754760742 -0.27098798751831055
4.7574310302734375 -2.2238874435424805 -0.2734999656677246
1.5895633697509766 -2.334296226501465 -0.2609105110168457
-1.6349849700927734 -2.4245147705078125 -0.25194835662841797
-4.723295211791992 -2.5479469299316406 -0.2364959716796875
-7.914066314697266 -2.6307458877563477 -0.2240009307861328
-11.052656173706055 -2.73496150970459 -0.21076440811157227
-14.217573165893555 -2.8411598205566406 -0.20300674438476562
-17.417034149169922 -2.959946632385254 -0.19477462768554688
-20.555431365966797 -3.0626602172851562 -0.1911158561706543
-23.674537658691406 -3.1611862182617188 -0.1880354881286621
-26.602737426757812 -3.2671289443969727 -0.1891164779663086
-29.80337905883789 -3.356184959411621 -0.19167804718017578

2
-7.264944076538086 14.800399780273438 -0.4471769332885742
-7.243341445922852 13.2132568359375 -0.4280357360839844
-7.223505020141602 11.484712600708008 -0.3912649154663086
-7.292165756225586 9.86196517944336 -0.37992048263549805
-7.216978073120117 8.185356140136719 -0.3655891418457031
-7.2761688232421875 6.495210647583008 -0.3827691078186035
-8.196903228759766 5.234466552734375 -0.39537477493286133
-9.892793655395508 5.008319854736328 -0.38611936569213867
-11.48149299621582 4.941303253173828 -0.3865785598754883
-13.073968887329102 4.890859603881836 -0.38598060607910156
-14.695764541625977 4.839984893798828 -0.38547563552856445
-16.44017791748047 4.787252426147461 -0.38159847259521484
-18.1968936920166 4.737569808959961 -0.3758821487426758
-19.77474021911621 4.697622299194336 -0.3660402297973633
-21.56356430053711 4.682466506958008 -0.3635225296020508
-23.307952880859375 4.645317077636719 -0.3537435531616211
-24.916364669799805 4.623003005981445 -0.34775257110595703
-26.489906311035156 4.559467315673828 -0.3518218994140625
-28.182979583740234 4.50360107421875 -0.3500385284423828
-29.84050750732422 4.482105255126953 -0.34633779525756836

