1
5.483734130859375 -4.618699073791504 -0.2991914749145508
5.500175476074219 -2.9981651306152344 -0.2966041564941406
5.502040863037109 -1.2701148986816406 -0.29481077194213867
5.4842681884765625 0.3306732177734375 -0.28926849365234375
5.473239898681641 1.8133735656738281 -0.28414154052734375
5.490760803222656 3.460561752319336 -0.2753772735595703
5.404937744140625 5.077665328979492 -0.27483224868774414
5.178600311279297 6.423870086669922 -0.26324462890625
3.5465927124023438 6.403364181518555 -0.22190189361572266
1.91351318359375 6.418725967407227 -0.18880319595336914
0.8597164154052734 5.972297668457031 -0.16909027099609375
0.7697582244873047 4.349826812744141 -0.17784643173217773
0.8515338897705078 2.727458953857422 -0.1901226043701172
0.9097766876220703 1.1825027465820312 -0.20050430297851562
0.8791675567626953 -0.5067501068115234 -0.20301485061645508
0.8416957855224609 -2.144287109375 -0.2135477066040039
0.7490406036376953 -3.691282272338867 -0.21942472457885742
2.3648338317871094 -4.079578399658203 -0.25426626205444336
3.9341468811035156 -4.327761650085449 -0.2856125831604004
5.582874298095703 -4.610918998718262 -0.3116874694824219

2
29.81402587890625 5.048669815063477 -0.1113438606262207
28.580463409423828 5.049196243286133 -0.12783336639404297
27.375202178955078 5.063417434692383 -0.14160490036010742
26.156879425048828 5.110193252563477 -0.16161155700683594
24.94855499267578 5.122686386108398 -0.16365289688110352
23.73624038696289 5.152137756347656 -0.1691122055053711
22.512771606445312 5.193815231323242 -0.17894840240478516
21.2252197265625 5.197565078735352 -0.18906068801879883
19.967300415039062 5.18571662902832 -0.20897483825683594
18.647022247314453 5.205665588378906 -0.22797012329101562
17.348285675048828 5.267024993896484 -0.2423877716064453
16.351417541503906 5.536670684814453 -0.24858665466308594
15.358734130859375 6.372287750244141 -0.25790929794311523
14.958061218261719 7.451509475708008 -0.24889850616455078
14.87198257446289 8.735567092895508 -0.23384952545166016
14.897151947021484 9.919322967529297 -0.21405649185180664
14.92681884765625 11.14747428894043 -0.19805479049682617
14.936946868896484 12.402021408081055 -0.2019486427307129
14.914398193359375 13.616653442382812 -0.20160245895385742
14.917072296142578 14.804656982421875 -0.2050457000732422

1
14.843132019042969 -3.9700441360473633 -0.25951290130615234
13.324138641357422 -3.9289608001708984 -0.268923282623291
11.915313720703125 -3.8629093170166016 -0.27667856216430664
10.348594665527344 -3.824199676513672 -0.27970075607299805
8.887794494628906 -3.7941675186157227 -0.2781357765197754
7.454368591308594 -3.73834228515625 -0.28474998474121094
5.897228240966797 -3.7376585006713867 -0.2921748161315918
4.510105133056641 -3.768498420715332 -0.2897610664367676
4.92236328125 -5.2014665603637695 -0.2934713363647461
5.374362945556641 -6.6309614181518555 -0.28962087631225586
5.803524017333984 -8.119771957397461 -0.29835033416748047
6.927265167236328 -8.51594352722168 -0.29990196228027344
8.527843475341797 -8.543420791625977 -0.30696535110473633
9.863048553466797 -8.574101448059082 -0.319887638092041
11.32858657836914 -8.568391799926758 -0.3260059356689453
12.792076110839844 -8.609331130981445 -0.3438720703125
14.234909057617188 -8.37576675415039 -0.35094404220581055
14.440673828125 -6.854347229003906 -0.33105897903442383
14.649272918701172 -5.461275100708008 -0.2985401153564453
14.844112396240234 -3.943121910095215 -0.26023244857788086

2
7.253929138183594 14.803268432617188 -0.28350830078125
7.1846771240234375 12.478137969970703 -0.29753732681274414
7.1387939453125 10.183162689208984 -0.30698585510253906
7.036609649658203 7.783927917480469 -0.3600029945373535
5.678241729736328 5.764225006103516 -0.32601499557495117
3.425342559814453 5.360254287719727 -0.3054161071777344
1.1205883026123047 5.40545654296875 -0.28422975540161133
-1.314035415649414 5.434076309204102 -0.25434303283691406
-3.7438316345214844 5.460607528686523 -0.24637746810913086
-6.132951736450195 5.491645812988281 -0.22299528121948242
-8.555463790893555 5.5528564453125 -0.2216200828552246
-10.897947311401367 5.58917236328125 -0.21706819534301758
-13.316106796264648 5.622444152832031 -0.21167516708374023
-15.627440452575684 5.632688522338867 -0.2108602523803711
-18.14604377746582 5.676889419555664 -0.20441770553588867
-20.515504837036133 5.690923690795898 -0.2048182487487793
-22.861324310302734 5.703250885009766 -0.20290040969848633
-25.20726776123047 5.741497039794922 -0.20341062545776367
-27.601457595825195 5.731828689575195 -0.19330167770385742
-29.811744689941406 5.759330749511719 -0.19201087951660156

1
5.6200103759765625 10.391462326049805 -0.19700384140014648
5.3774871826171875 8.805915832519531 -0.23993444442749023
5.1345672607421875 7.196464538574219 -0.3024601936340332
4.937267303466797 5.717433929443359 -0.32347774505615234
6.534141540527344 5.723657608032227 -0.31752729415893555
8.162342071533203 5.68376350402832 -0.30324697494506836
9.65658187866211 5.711948394775391 -0.292600154876709
11.29556655883789 5.71575927734375 -0.28137922286987305
12.90468978881836 5.708621978759766 -0.2811708450317383
14.470283508300781 5.733303070068359 -0.2796297073364258
16.29077911376953 5.677467346191406 -0.2747173309326172
15.81240463256836 7.203893661499023 -0.24668121337890625
15.355445861816406 8.645099639892578 -0.225494384765625
15.031906127929688 10.296388626098633 -0.21386241912841797
13.513504028320312 10.480701446533203 -0.2122788429260254
11.868316650390625 10.411214828491211 -0.2015390396118164
10.408370971679688 10.393035888671875 -0.20319509506225586
8.893424987792969 10.362438201904297 -0.20335054397583008
7.32672119140625 10.38787841796875 -0.1948719024658203
5.595245361328125 10.380571365356445 -0.18390655517578125

2
6.909873962402344 -14.803079605102539 -0.41755008697509766
6.956455230712891 -12.26942253112793 -0.4115166664123535
6.961391448974609 -9.982383728027344 -0.40703582763671875
7.052707672119141 -7.3679423332214355 -0.405489444732666
6.748218536376953 -4.873040199279785 -0.38355112075805664
4.850318908691406 -3.172236442565918 -0.34421825408935547
2.4364166259765625 -3.0025558471679688 -0.32849645614624023
-0.06897735595703125 -2.9611730575561523 -0.2756037712097168
-2.5397510528564453 -2.923232078552246 -0.23467636108398438
-5.094142913818359 -2.9026851654052734 -0.2123103141784668
-7.747611999511719 -2.856509208679199 -0.2067584991455078
-10.061315536499023 -2.8376474380493164 -0.22137212753295898
-12.64362907409668 -2.8168411254882812 -0.23450517654418945
-15.101318359375 -2.778201103210449 -0.24796581268310547
-17.564908981323242 -2.7446422576904297 -0.2636141777038574
-20.145225524902344 -2.706660270690918 -0.27736949920654297
-22.66963005065918 -2.6722755432128906 -0.28453969955444336
-25.126773834228516 -2.6381568908691406 -0.3032259941101074
-27.45175552368164 -2.5653152465820312 -0.3169388771057129
-29.814172744750977 -2.540450096130371 -0.3228778839111328

1
15.484123229980469 5.628700256347656 -0.31215429306030273
15.351573944091797 4.181142807006836 -0.2903900146484375
15.230880737304688 2.7482757568359375 -0.28816986083984375
15.099445343017578 1.3123779296875 -0.2710428237915039
14.801212310791016 -0.14505958557128906 -0.26195621490478516
14.752052307128906 -1.4858646392822266 -0.26144981384277344
14.622200012207031 -2.9052677154541016 -0.24564409255981445
15.318546295166016 -3.584109306335449 -0.2608661651611328
16.811962127685547 -3.673415184020996 -0.2744407653808594
18.280059814453125 -3.6683826446533203 -0.27116823196411133
19.521739959716797 -3.520918846130371 -0.2785148620605469
19.547821044921875 -2.036126136779785 -0.2526431083679199
19.551517486572266 -0.6473226547241211 -0.2373032569885254
19.601150512695312 0.7892055511474609 -0.2166590690612793
19.53209686279297 2.1909637451171875 -0.19506025314331055
19.521438598632812 3.555194854736328 -0.1865706443786621
19.53457260131836 5.008872985839844 -0.17054319381713867
18.263595581054688 5.357227325439453 -0.20575380325317383
16.87435531616211 5.523937225341797 -0.24650955200195312
15.453250885009766 5.564182281494141 -0.28585290908813477

2
29.823619842529297 -3.247041702270508 -0.2520298957824707
28.28554916381836 -3.1937198638916016 -0.27467775344848633
26.665809631347656 -3.183439254760742 -0.2912325859069824
25.092952728271484 -3.1923751831054688 -0.30226945877075195
23.425453186035156 -3.177286148071289 -0.3186607360839844
21.61404037475586 -3.1528987884521484 -0.3248157501220703
20.064014434814453 -3.105876922607422 -0.3236827850341797
18.617816925048828 -2.977860450744629 -0.31865787506103516
17.76702880859375 -1.9013280868530273 -0.3479652404785156
16.55316162109375 -1.7983331680297852 -0.34146595001220703
14.969799041748047 -2.3445091247558594 -0.32998180389404297
13.763118743896484 -3.5787744522094727 -0.3084545135498047
13.280632019042969 -4.906650543212891 -0.32411861419677734
13.060409545898438 -6.538597106933594 -0.35889720916748047
13.148822784423828 -8.203474998474121 -0.3854074478149414
13.997142791748047 -8.823989868164062 -0.3831644058227539
14.614521026611328 -10.089397430419922 -0.39493274688720703
14.732551574707031 -11.71346378326416 -0.413546085357666
14.6326904296875 -13.260446548461914 -0.4197258949279785
14.604740142822266 -14.802739143371582 -0.4120669364929199

0
10.82735824584961 14.98788833618164 -0.2611207962036133
10.84615707397461 14.897232055664062 -0.2408137321472168
10.849536895751953 14.746488571166992 -0.26114416122436523
10.810615539550781 14.575496673583984 -0.265594482421875
10.806365966796875 14.429788589477539 -0.2648129463195801
10.803779602050781 14.284883499145508 -0.25600337982177734
10.802513122558594 14.116191864013672 -0.24896478652954102
10.80044937133789 13.961130142211914 -0.2499217987060547
10.793750762939453 13.82603645324707 -0.25156164169311523
10.794509887695312 13.67890739440918 -0.2565445899963379
10.79861068725586 13.521703720092773 -0.25352001190185547
10.7557373046875 13.31881332397461 -0.2510032653808594
10.703193664550781 13.081554412841797 -0.24614191055297852
10.71624755859375 12.94662857055664 -0.24888181686401367
10.758598327636719 12.794723510742188 -0.2414407730102539
10.774227142333984 12.626598358154297 -0.23361539840698242
10.776546478271484 12.509748458862305 -0.23164796829223633
10.78011703491211 12.385587692260742 -0.23781347274780273
10.753536224365234 12.252553939819336 -0.24479389190673828
10.73837661743164 12.01363754272461 -0.24391412734985352

