1
5.266487121582031 -4.549964904785156 -0.29863452911376953
5.263599395751953 -2.9325380325317383 -0.2963995933532715
5.235874176025391 -1.223048210144043 -0.30128002166748047
5.220729827880859 0.3707132339477539 -0.2985692024230957
5.205528259277344 1.858449935913086 -0.29247379302978516
5.199634552001953 3.494150161743164 -0.29081010818481445
5.084247589111328 5.120733261108398 -0.2901644706726074
4.7912750244140625 6.469293594360352 -0.2803049087524414
3.118072509765625 6.44465446472168 -0.2397160530090332
1.5005855560302734 6.4681854248046875 -0.20137929916381836
0.47483253479003906 6.000310897827148 -0.17805957794189453
0.4540519714355469 4.35462760925293 -0.18365764617919922
0.5470161437988281 2.685213088989258 -0.1930088996887207
0.6212387084960938 1.183074951171875 -0.19820928573608398
0.5831375122070312 -0.4953746795654297 -0.2024850845336914
0.5480365753173828 -2.1419010162353516 -0.2112135887145996
0.5111865997314453 -3.7022218704223633 -0.21458673477172852
2.1337432861328125 -4.077672958374023 -0.24887704849243164
3.7761306762695312 -4.28563117980957 -0.28273677825927734
5.3655548095703125 -4.542397499084473 -0.314115047454834

1
14.583492279052734 -3.788299560546875 -0.2768092155456543
13.077323913574219 -3.774796485900879 -0.28203344345092773
11.657695770263672 -3.729808807373047 -0.288668155670166
10.112102508544922 -3.71627140045166 -0.28850364685058594
8.635547637939453 -3.6919422149658203 -0.284177303314209
7.1876220703125 -3.6480255126953125 -0.28998374938964844
5.716518402099609 -3.655459403991699 -0.2929229736328125
4.308437347412109 -3.7209434509277344 -0.2876143455505371
4.767513275146484 -5.165314674377441 -0.29035186767578125
5.20697021484375 -6.599676132202148 -0.2869277000427246
5.633083343505859 -8.078912734985352 -0.2933030128479004
6.755882263183594 -8.461459159851074 -0.29669904708862305
8.371726989746094 -8.477960586547852 -0.30449962615966797
9.7347412109375 -8.474872589111328 -0.3164210319519043
11.128517150878906 -8.447772979736328 -0.3274221420288086
12.655769348144531 -8.462751388549805 -0.3495354652404785
14.044288635253906 -8.219250679016113 -0.3602895736694336
14.197120666503906 -6.653943061828613 -0.3448619842529297
14.399032592773438 -5.258138656616211 -0.31878137588500977
14.580345153808594 -3.755779266357422 -0.282501220703125

2
6.720878601074219 14.800971984863281 -0.3270425796508789
6.709400177001953 12.487810134887695 -0.331967830657959
6.6605987548828125 10.242218017578125 -0.33338499069213867
6.622524261474609 7.830598831176758 -0.37384700775146484
5.362770080566406 5.832967758178711 -0.3332648277282715
3.0947036743164062 5.405582427978516 -0.31976842880249023
0.7558403015136719 5.4299774169921875 -0.3004298210144043
-1.5866432189941406 5.439311981201172 -0.26224803924560547
-4.003793716430664 5.438222885131836 -0.24195623397827148
-6.29640007019043 5.424314498901367 -0.21483945846557617
-8.746135711669922 5.4451141357421875 -0.20558786392211914
-11.029335021972656 5.459917068481445 -0.19197893142700195
-13.434318542480469 5.4853057861328125 -0.18547344207763672
-15.760946273803711 5.465620040893555 -0.18159914016723633
-18.27246856689453 5.484682083129883 -0.16854190826416016
-20.628795623779297 5.471242904663086 -0.1638355255126953
-22.87385368347168 5.464420318603516 -0.1529254913330078
-25.244033813476562 5.49635124206543 -0.1527719497680664
-27.60096549987793 5.440706253051758 -0.14562559127807617
-29.812292098999023 5.451066970825195 -0.14362239837646484

2
29.818157196044922 5.355770111083984 -0.20995521545410156
28.55921173095703 5.363283157348633 -0.22168874740600586
27.349788665771484 5.392366409301758 -0.22816181182861328
26.12240982055664 5.384668350219727 -0.24003887176513672
24.912181854248047 5.433380126953125 -0.24489498138427734
23.64818572998047 5.441131591796875 -0.25281858444213867
22.446247100830078 5.447425842285156 -0.2554197311401367
21.20648193359375 5.440317153930664 -0.25371837615966797
19.82978057861328 5.42535400390625 -0.26268529891967773
18.535961151123047 5.408273696899414 -0.27687835693359375
17.17367935180664 5.462495803833008 -0.29965639114379883
16.166641235351562 5.651529312133789 -0.30298519134521484
15.16274642944336 6.387195587158203 -0.31541919708251953
14.683967590332031 7.451105117797852 -0.301755428314209
14.462211608886719 8.684730529785156 -0.2872781753540039
14.543159484863281 9.922317504882812 -0.27527761459350586
14.54574203491211 11.143119812011719 -0.2730369567871094
14.537269592285156 12.403846740722656 -0.28217077255249023
14.547985076904297 13.632425308227539 -0.29063987731933594
14.582592010498047 14.815563201904297 -0.3009219169616699

2
6.7764739990234375 -14.805506706237793 -0.39031124114990234
6.797428131103516 -12.282376289367676 -0.39842700958251953
6.824127197265625 -10.009086608886719 -0.39891958236694336
6.896240234375 -7.382434368133545 -0.3981146812438965
6.594886779785156 -4.872045516967773 -0.37924671173095703
4.75689697265625 -3.135910987854004 -0.335599422454834
2.3666725158691406 -2.9708709716796875 -0.32134342193603516
-0.17304420471191406 -2.97125244140625 -0.2621583938598633
-2.643951416015625 -2.958937644958496 -0.2215561866760254
-5.186445236206055 -2.976043701171875 -0.19425249099731445
-7.829900741577148 -2.9572553634643555 -0.17674684524536133
-10.087730407714844 -2.9529504776000977 -0.18315553665161133
-12.66793441772461 -2.9592370986938477 -0.18424129486083984
-15.074851989746094 -2.9363250732421875 -0.19030046463012695
-17.55364990234375 -2.9147729873657227 -0.1972217559814453
-20.09233856201172 -2.894637107849121 -0.20604753494262695
-22.615055084228516 -2.86074161529541 -0.20849084854125977
-25.049392700195312 -2.8473052978515625 -0.21866464614868164
-27.39080810546875 -2.8289794921875 -0.22500276565551758
-29.799291610717773 -2.80694580078125 -0.2208094596862793

1
5.192237854003906 10.429826736450195 -0.2427968978881836
5.006263732910156 8.825054168701172 -0.2757883071899414
4.790737152099609 7.207481384277344 -0.32811594009399414
4.614925384521484 5.748708724975586 -0.34881114959716797
6.2628173828125 5.783134460449219 -0.33887529373168945
7.7925262451171875 5.772430419921875 -0.3308873176574707
9.296619415283203 5.790840148925781 -0.3202958106994629
10.931541442871094 5.835634231567383 -0.31473541259765625
12.528450012207031 5.820314407348633 -0.3145713806152344
14.177139282226562 5.874225616455078 -0.3162069320678711
15.974857330322266 5.836116790771484 -0.3167848587036133
15.478843688964844 7.350835800170898 -0.30289125442504883
15.065288543701172 8.92837142944336 -0.28869199752807617
14.681049346923828 10.480583190917969 -0.2880363464355469
13.12936019897461 10.62994384765625 -0.27330589294433594
11.481330871582031 10.525991439819336 -0.2660531997680664
10.061714172363281 10.514665603637695 -0.2621164321899414
8.494609832763672 10.461305618286133 -0.24982452392578125
6.868930816650391 10.431303024291992 -0.24404239654541016
5.1631317138671875 10.424676895141602 -0.23282861709594727

2
29.823448181152344 -2.939512252807617 -0.305419921875
28.270423889160156 -2.878236770629883 -0.324796199798584
26.655845642089844 -2.8908376693725586 -0.3402118682861328
25.04932403564453 -2.9308815002441406 -0.35230207443237305
23.355541229248047 -2.9271039962768555 -0.36205530166625977
21.589962005615234 -2.9502649307250977 -0.3666110038757324
20.02936553955078 -2.9020004272460938 -0.3635425567626953
18.461044311523438 -2.8282852172851562 -0.35017967224121094
17.627426147460938 -1.776118278503418 -0.368896484375
16.350597381591797 -1.631657600402832 -0.3622593879699707
14.711788177490234 -2.173243522644043 -0.3445897102355957
13.502788543701172 -3.4306259155273438 -0.31851863861083984
13.022254943847656 -4.7788286209106445 -0.3316512107849121
12.83144760131836 -6.4374237060546875 -0.3626999855041504
12.952110290527344 -8.065326690673828 -0.3878021240234375
13.807018280029297 -8.693031311035156 -0.38341283798217773
14.421302795410156 -9.998628616333008 -0.39243650436401367
14.504920959472656 -11.65939998626709 -0.40555286407470703
14.417945861816406 -13.258569717407227 -0.4118690490722656
14.432270050048828 -14.806746482849121 -0.3982830047607422

1
15.129234313964844 5.810125350952148 -0.34708118438720703
15.046527862548828 4.360017776489258 -0.327150821685791
14.847332000732422 2.9341869354248047 -0.3240485191345215
14.749027252197266 1.5086326599121094 -0.30650854110717773
14.501049041748047 0.037606239318847656 -0.3001132011413574
14.489677429199219 -1.2847003936767578 -0.2967982292175293
14.317501068115234 -2.7215662002563477 -0.277984619140625
15.005443572998047 -3.4421005249023438 -0.2885599136352539
16.409130096435547 -3.534966468811035 -0.3026862144470215
17.92193603515625 -3.498976707458496 -0.2989983558654785
19.126041412353516 -3.326807975769043 -0.3116879463195801
19.19189453125 -1.8136367797851562 -0.2989635467529297
19.195816040039062 -0.4545726776123047 -0.28676605224609375
19.21381378173828 0.9356441497802734 -0.2686338424682617
19.169998168945312 2.4115428924560547 -0.24489450454711914
19.185314178466797 3.7736644744873047 -0.2381725311279297
19.211002349853516 5.246358871459961 -0.22645902633666992
17.970252990722656 5.562955856323242 -0.26224279403686523
16.52614974975586 5.699672698974609 -0.298494815826416
15.152328491210938 5.739612579345703 -0.334500789642334

0
10.274158477783203 14.973487854003906 -0.30722665786743164
10.268379211425781 14.889490127563477 -0.3100275993347168
10.238601684570312 14.755228042602539 -0.31641626358032227
10.276908874511719 14.567428588867188 -0.32257604598999023
10.2607421875 14.390422821044922 -0.32041406631469727
10.268257141113281 14.231325149536133 -0.32353734970092773
10.28094482421875 14.105436325073242 -0.31422996520996094
10.28024673461914 13.953697204589844 -0.3054981231689453
10.279499053955078 13.836637496948242 -0.3150496482849121
10.267566680908203 13.64852523803711 -0.3247995376586914
10.296905517578125 13.473041534423828 -0.336672306060791
10.309032440185547 13.33030891418457 -0.3254103660583496
10.286720275878906 13.174711227416992 -0.3228921890258789
10.300228118896484 13.0341796875 -0.3241896629333496
10.32400894165039 12.889371871948242 -0.3195056915283203
10.36383056640625 12.6912841796875 -0.3211226463317871
10.385658264160156 12.56379508972168 -0.3124237060546875
10.345645904541016 12.40646743774414 -0.3078007698059082
10.322128295898438 12.286066055297852 -0.3053264617919922
10.252613067626953 12.002304077148438 -0.3109316825866699

