1
5.072711944580078 -4.48704719543457 -0.29911041259765625
5.022670745849609 -2.874567985534668 -0.29615211486816406
5.022075653076172 -1.220083236694336 -0.30528926849365234
4.986011505126953 0.4355497360229492 -0.3035755157470703
4.9760894775390625 1.9309329986572266 -0.2943301200866699
4.9363250732421875 3.56805419921875 -0.299227237701416
4.812664031982422 5.191736221313477 -0.29547882080078125
4.506309509277344 6.554256439208984 -0.28852128982543945
2.8128890991210938 6.522375106811523 -0.24953889846801758
1.143575668334961 6.529047012329102 -0.20845317840576172
0.12292671203613281 6.01984977722168 -0.18222951889038086
0.144927978515625 4.402961730957031 -0.18576955795288086
0.2545204162597656 2.720907211303711 -0.19123315811157227
0.31651878356933594 1.2009449005126953 -0.1946578025817871
0.3078956604003906 -0.46807861328125 -0.20148944854736328
0.2765064239501953 -2.12973690032959 -0.20744085311889648
0.2500419616699219 -3.684446334838867 -0.20980548858642578
1.8399639129638672 -4.061140060424805 -0.24543237686157227
3.578083038330078 -4.244879722595215 -0.27997732162475586
5.152256011962891 -4.495175361633301 -0.31527042388916016

1
14.448020935058594 -3.6046876907348633 -0.28481483459472656
12.899826049804688 -3.610675811767578 -0.28751707077026367
11.497528076171875 -3.5962820053100586 -0.2929501533508301
9.897392272949219 -3.6002187728881836 -0.29137611389160156
8.380687713623047 -3.5756454467773438 -0.28637075424194336
6.954296112060547 -3.549494743347168 -0.29317331314086914
5.480037689208984 -3.568317413330078 -0.2952690124511719
4.075725555419922 -3.6638660430908203 -0.2897167205810547
4.491676330566406 -5.083220481872559 -0.29082727432250977
4.9583282470703125 -6.515032768249512 -0.2890653610229492
5.357189178466797 -7.986252784729004 -0.29575586318969727
6.544864654541016 -8.388603210449219 -0.29886817932128906
8.139617919921875 -8.386351585388184 -0.30730390548706055
9.551090240478516 -8.351003646850586 -0.3184070587158203
10.96451187133789 -8.317590713500977 -0.33191585540771484
12.489707946777344 -8.309812545776367 -0.35091304779052734
13.884441375732422 -8.037374496459961 -0.3664999008178711
14.03976821899414 -6.518891334533691 -0.3491683006286621
14.258918762207031 -5.101151466369629 -0.32538938522338867
14.43280029296875 -3.5823402404785156 -0.2892637252807617

2
6.6247711181640625 -14.806711196899414 -0.3905963897705078
6.605930328369141 -12.33778190612793 -0.39721107482910156
6.616081237792969 -10.047447204589844 -0.4003887176513672
6.641658782958984 -7.410783290863037 -0.39475584030151367
6.3646697998046875 -4.86954402923584 -0.3806591033935547
4.585811614990234 -3.103130340576172 -0.3335542678833008
2.2639007568359375 -2.9346694946289062 -0.32092761993408203
-0.30413055419921875 -2.97198486328125 -0.26252317428588867
-2.7843704223632812 -2.9957847595214844 -0.2200303077697754
-5.2965545654296875 -3.0497217178344727 -0.19199323654174805
-7.96080207824707 -3.0767030715942383 -0.1718006134033203
-10.169878005981445 -3.0974674224853516 -0.17232656478881836
-12.693952560424805 -3.134829521179199 -0.1723928451538086
-15.10590648651123 -3.1388816833496094 -0.17616033554077148
-17.610549926757812 -3.149770736694336 -0.18364191055297852
-20.12911605834961 -3.1836633682250977 -0.18857240676879883
-22.629623413085938 -3.1837081909179688 -0.18699121475219727
-25.056230545043945 -3.2025442123413086 -0.1978306770324707
-27.367013931274414 -3.2201461791992188 -0.19770002365112305
-29.782363891601562 -3.2364635467529297 -0.18769407272338867

2
6.261627197265625 14.797746658325195 -0.33768415451049805
6.27630615234375 12.49113655090332 -0.3418703079223633
6.285858154296875 10.247823715209961 -0.34433746337890625
6.274188995361328 7.935756683349609 -0.38030385971069336
5.093013763427734 5.899782180786133 -0.33656930923461914
2.8933258056640625 5.4420013427734375 -0.3222661018371582
0.4886913299560547 5.432600021362305 -0.3012576103210449
-1.8348331451416016 5.40301513671875 -0.2614021301269531
-4.222057342529297 5.360937118530273 -0.23549413681030273
-6.483976364135742 5.327457427978516 -0.21033811569213867
-8.944852828979492 5.3088531494140625 -0.1973404884338379
-11.255443572998047 5.318742752075195 -0.18294429779052734
-13.600625991821289 5.295749664306641 -0.17499256134033203
-15.929983139038086 5.283159255981445 -0.16698169708251953
-18.349483489990234 5.238189697265625 -0.15587949752807617
-20.75149917602539 5.213081359863281 -0.1485614776611328
-22.96615219116211 5.186580657958984 -0.13888120651245117
-25.2718448638916 5.169698715209961 -0.1320042610168457
-27.602367401123047 5.094768524169922 -0.12557411193847656
-29.811914443969727 5.085153579711914 -0.11506032943725586

2
29.81609344482422 5.675239562988281 -0.2423853874206543
28.52704620361328 5.68370246887207 -0.24759769439697266
27.327938079833984 5.666561126708984 -0.24668312072753906
26.109161376953125 5.693044662475586 -0.2587871551513672
24.90009307861328 5.708683013916016 -0.26271724700927734
23.620315551757812 5.687295913696289 -0.2708883285522461
22.398117065429688 5.6771087646484375 -0.27368831634521484
21.162548065185547 5.674724578857422 -0.27418994903564453
19.748096466064453 5.640035629272461 -0.28223466873168945
18.456985473632812 5.616422653198242 -0.2923102378845215
17.109100341796875 5.636987686157227 -0.31966495513916016
16.025131225585938 5.758760452270508 -0.32335758209228516
14.98055648803711 6.406982421875 -0.33167219161987305
14.410957336425781 7.421077728271484 -0.313413143157959
14.098072052001953 8.643102645874023 -0.29938793182373047
14.144390106201172 9.90241813659668 -0.2898883819580078
14.1190185546875 11.101001739501953 -0.29186487197875977
14.120304107666016 12.393400192260742 -0.298398494720459
14.102886199951172 13.61505126953125 -0.3072323799133301
14.127452850341797 14.812568664550781 -0.3221402168273926

1
4.8014068603515625 10.495111465454102 -0.25121355056762695
4.651969909667969 8.920867919921875 -0.2824993133544922
4.46331787109375 7.279367446899414 -0.33291196823120117
4.377418518066406 5.810129165649414 -0.3458290100097656
5.983844757080078 5.857810974121094 -0.34129905700683594
7.529640197753906 5.8740234375 -0.33522987365722656
9.045780181884766 5.903858184814453 -0.3251633644104004
10.641044616699219 5.935977935791016 -0.3203859329223633
12.123428344726562 5.957094192504883 -0.3163785934448242
13.800888061523438 6.003602981567383 -0.3227372169494629
15.59115219116211 6.033054351806641 -0.32958555221557617
15.197547912597656 7.5399017333984375 -0.31920528411865234
14.67156982421875 9.074005126953125 -0.2993636131286621
14.289112091064453 10.584197998046875 -0.30544233322143555
12.661956787109375 10.760873794555664 -0.2926497459411621
11.090496063232422 10.654123306274414 -0.2845926284790039
9.59646987915039 10.594551086425781 -0.2800579071044922
8.102054595947266 10.537582397460938 -0.2632732391357422
6.427116394042969 10.517024993896484 -0.25548791885375977
4.763980865478516 10.475648880004883 -0.2477860450744629

1
14.848979949951172 5.964000701904297 -0.36298656463623047
14.700122833251953 4.492460250854492 -0.34179210662841797
14.596427917480469 3.0803661346435547 -0.3361053466796875
14.47897720336914 1.6347236633300781 -0.318418025970459
14.34381103515625 0.2538442611694336 -0.30950450897216797
14.281890869140625 -1.1032657623291016 -0.31068992614746094
14.173168182373047 -2.5599365234375 -0.2878880500793457
14.827648162841797 -3.263962745666504 -0.2969493865966797
16.16107940673828 -3.3267040252685547 -0.3092508316040039
17.72931671142578 -3.2710647583007812 -0.3060030937194824
18.96127700805664 -3.0884628295898438 -0.3176307678222656
18.96918487548828 -1.581521987915039 -0.3097257614135742
18.9625244140625 -0.20598983764648438 -0.3038210868835449
18.89397430419922 1.1793994903564453 -0.28748226165771484
18.882781982421875 2.5895118713378906 -0.262239933013916
18.832595825195312 4.006954193115234 -0.25940513610839844
18.909225463867188 5.483827590942383 -0.25014591217041016
17.63349151611328 5.740257263183594 -0.2853879928588867
16.27399444580078 5.865823745727539 -0.31870555877685547
14.83401107788086 5.9129638671875 -0.35483503341674805

2
29.810287475585938 -2.5593833923339844 -0.3175539970397949
28.266311645507812 -2.558788299560547 -0.33933353424072266
26.634063720703125 -2.5705127716064453 -0.35764312744140625
24.983108520507812 -2.6083602905273438 -0.373380184173584
23.34610366821289 -2.654987335205078 -0.380462646484375
21.543193817138672 -2.6822509765625 -0.3811616897583008
19.95574951171875 -2.679576873779297 -0.37795591354370117
18.331775665283203 -2.627446174621582 -0.36237335205078125
17.50690460205078 -1.6374616622924805 -0.37712526321411133
16.164676666259766 -1.4024085998535156 -0.37429332733154297
14.506755828857422 -1.9945030212402344 -0.35093021392822266
13.333980560302734 -3.2658586502075195 -0.3231320381164551
12.82796859741211 -4.660467147827148 -0.33629894256591797
12.666633605957031 -6.357499122619629 -0.3679695129394531
12.837421417236328 -7.961794376373291 -0.3918628692626953
13.727340698242188 -8.605278015136719 -0.3868846893310547
14.32540512084961 -9.943510055541992 -0.39577722549438477
14.407794952392578 -11.644308090209961 -0.4091954231262207
14.346931457519531 -13.242985725402832 -0.41492223739624023
14.367759704589844 -14.809283256530762 -0.39868736267089844

0
9.87161636352539 14.976251602172852 -0.3185758590698242
9.854549407958984 14.89208984375 -0.32514142990112305
9.846923828125 14.761518478393555 -0.33049774169921875
9.851001739501953 14.592330932617188 -0.3335437774658203
9.851131439208984 14.442182540893555 -0.3299827575683594
9.848567962646484 14.28593635559082 -0.33150148391723633
9.846004486083984 14.151473999023438 -0.32633447647094727
9.842525482177734 14.003662109375 -0.3193817138671875
9.845787048339844 13.87508773803711 -0.32909679412841797
9.848003387451172 13.709693908691406 -0.33603668212890625
9.843128204345703 13.582113265991211 -0.34321165084838867
9.847980499267578 13.426765441894531 -0.33771324157714844
9.824092864990234 13.260002136230469 -0.33135509490966797
9.830116271972656 13.135833740234375 -0.33756303787231445
9.849899291992188 12.99362564086914 -0.33792543411254883
9.879268646240234 12.802703857421875 -0.34327220916748047
9.89291763305664 12.719734191894531 -0.33512353897094727
9.887516021728516 12.565729141235352 -0.3316636085510254
9.855583190917969 12.44460678100586 -0.32984161376953125
9.853809356689453 12.23946762084961 -0.33913087844848633

