1
4.889068603515625 -4.432308197021484 -0.2961115837097168
4.7857208251953125 -2.8250036239624023 -0.2946901321411133
4.791614532470703 -1.2007322311401367 -0.30322694778442383
4.751117706298828 0.4922208786010742 -0.3029475212097168
4.699432373046875 2.0342025756835938 -0.2919449806213379
4.605823516845703 3.6614990234375 -0.29915332794189453
4.4712371826171875 5.250204086303711 -0.2949972152709961
4.173240661621094 6.625795364379883 -0.28742456436157227
2.477031707763672 6.548912048339844 -0.2532386779785156
0.7318458557128906 6.519170761108398 -0.20769357681274414
-0.2448406219482422 6.025672912597656 -0.18354368209838867
-0.1739521026611328 4.395111083984375 -0.18529319763183594
-0.08707809448242188 2.7107372283935547 -0.19193696975708008
0.016773223876953125 1.1671733856201172 -0.1949448585510254
0.03401756286621094 -0.49986934661865234 -0.2005901336669922
0.04366302490234375 -2.159149169921875 -0.20551156997680664
0.08953475952148438 -3.678084373474121 -0.2061328887939453
1.6148967742919922 -4.0366668701171875 -0.2455282211303711
3.3427162170410156 -4.186147689819336 -0.27764129638671875
4.973548889160156 -4.45258903503418 -0.31479930877685547

2
5.8579864501953125 14.803504943847656 -0.33650732040405273
5.863853454589844 12.515506744384766 -0.344449520111084
5.910892486572266 10.273208618164062 -0.3479757308959961
5.930248260498047 7.939130783081055 -0.3826327323913574
4.831531524658203 5.975872039794922 -0.3364081382751465
2.6553878784179688 5.465923309326172 -0.32318830490112305
0.16233062744140625 5.419193267822266 -0.30007171630859375
-2.078367233276367 5.358863830566406 -0.2634153366088867
-4.468605041503906 5.289365768432617 -0.23621845245361328
-6.7373809814453125 5.241783142089844 -0.2129054069519043
-9.060482025146484 5.199098587036133 -0.20091581344604492
-11.425987243652344 5.166631698608398 -0.18556976318359375
-13.741724014282227 5.109954833984375 -0.18206405639648438
-16.050426483154297 5.057544708251953 -0.1722111701965332
-18.424787521362305 4.997642517089844 -0.16309070587158203
-20.850133895874023 4.9094696044921875 -0.15628576278686523
-23.06245994567871 4.890132904052734 -0.14222478866577148
-25.30879783630371 4.847837448120117 -0.13634824752807617
-27.60002899169922 4.794925689697266 -0.12874126434326172
-29.802825927734375 4.737062454223633 -0.12462711334228516

1
14.257244110107422 -3.4283828735351562 -0.2841024398803711
12.698604583740234 -3.4428482055664062 -0.28630495071411133
11.3154296875 -3.4429283142089844 -0.2920722961425781
9.680622100830078 -3.478567123413086 -0.29068422317504883
8.173931121826172 -3.468456268310547 -0.2844386100769043
6.7288970947265625 -3.473238945007324 -0.292966365814209
5.2443389892578125 -3.498594284057617 -0.2953171730041504
3.854572296142578 -3.623006820678711 -0.2904319763183594
4.296150207519531 -5.027126312255859 -0.29073238372802734
4.784801483154297 -6.45979118347168 -0.28693103790283203
5.1590118408203125 -7.889017105102539 -0.2926478385925293
6.359554290771484 -8.316971778869629 -0.29796838760375977
7.955055236816406 -8.264643669128418 -0.3053297996520996
9.411853790283203 -8.215341567993164 -0.31791019439697266
10.790809631347656 -8.137401580810547 -0.3325490951538086
12.332695007324219 -8.12704849243164 -0.34811878204345703
13.71645736694336 -7.848129749298096 -0.36817216873168945
13.875316619873047 -6.323871612548828 -0.3508782386779785
14.067337036132812 -4.934221267700195 -0.32651567459106445
14.254417419433594 -3.3977346420288086 -0.29107666015625

2
29.809505462646484 6.020097732543945 -0.22188568115234375
28.509700775146484 5.999624252319336 -0.22841596603393555
27.32616424560547 5.975841522216797 -0.22852230072021484
26.083232879638672 5.999834060668945 -0.2451934814453125
24.87561798095703 5.972070693969727 -0.24419736862182617
23.55779266357422 5.946666717529297 -0.2540316581726074
22.304718017578125 5.952430725097656 -0.2581000328063965
21.050613403320312 5.932640075683594 -0.25922107696533203
19.668514251708984 5.898284912109375 -0.26976490020751953
18.446990966796875 5.86375617980957 -0.2815098762512207
17.077880859375 5.854665756225586 -0.31312036514282227
15.899539947509766 5.936359405517578 -0.3189105987548828
14.82290267944336 6.463356018066406 -0.3300662040710449
14.111103057861328 7.403133392333984 -0.31662511825561523
13.689125061035156 8.601673126220703 -0.30065059661865234
13.683040618896484 9.833431243896484 -0.2932872772216797
13.684524536132812 11.1014404296875 -0.2903714179992676
13.639785766601562 12.34884262084961 -0.2940201759338379
13.578777313232422 13.60113525390625 -0.3068523406982422
13.603023529052734 14.808088302612305 -0.31322622299194336

1
4.423732757568359 10.567596435546875 -0.2530980110168457
4.2654266357421875 9.004940032958984 -0.2803373336791992
4.0298309326171875 7.330034255981445 -0.33345937728881836
3.9828224182128906 5.825498580932617 -0.3439178466796875
5.681724548339844 5.912302017211914 -0.34113121032714844
7.225181579589844 5.942682266235352 -0.3330421447753906
8.7225341796875 6.00187873840332 -0.32405614852905273
10.298263549804688 6.061689376831055 -0.3186330795288086
11.827285766601562 6.131772994995117 -0.31074047088623047
13.502395629882812 6.159173965454102 -0.3163161277770996
15.053081512451172 6.2376556396484375 -0.32294750213623047
14.75482177734375 7.784618377685547 -0.31535863876342773
14.199462890625 9.222837448120117 -0.2951693534851074
13.82107162475586 10.773582458496094 -0.30224180221557617
12.1871337890625 10.897222518920898 -0.2929983139038086
10.772884368896484 10.806856155395508 -0.28580522537231445
9.246131896972656 10.731708526611328 -0.28122615814208984
7.7283782958984375 10.649343490600586 -0.2618250846862793
5.976634979248047 10.591169357299805 -0.25653839111328125
4.37579345703125 10.52663803100586 -0.2500605583190918

1
14.446678161621094 6.1636810302734375 -0.3646383285522461
14.313980102539062 4.712398529052734 -0.3417520523071289
14.225902557373047 3.263011932373047 -0.3337388038635254
14.15963363647461 1.8134098052978516 -0.31548643112182617
14.084945678710938 0.4626808166503906 -0.30391979217529297
14.025886535644531 -0.9368581771850586 -0.30646705627441406
13.921253204345703 -2.384087562561035 -0.28214454650878906
14.595535278320312 -3.095745086669922 -0.29538440704345703
15.968048095703125 -3.14168643951416 -0.30596494674682617
17.47290802001953 -3.060792922973633 -0.304323673248291
18.726104736328125 -2.8796234130859375 -0.3147420883178711
18.70840072631836 -1.4195184707641602 -0.30853700637817383
18.63286590576172 0.004418373107910156 -0.3043088912963867
18.569698333740234 1.435110092163086 -0.28592348098754883
18.586502075195312 2.8110828399658203 -0.2635226249694824
18.51001739501953 4.20124626159668 -0.25574350357055664
18.537334442138672 5.682929992675781 -0.2416696548461914
17.339061737060547 6.020320892333984 -0.2739558219909668
15.933723449707031 6.057870864868164 -0.3119354248046875
14.475528717041016 6.118656158447266 -0.34625673294067383

2
29.812660217285156 -2.2058420181274414 -0.30031585693359375
28.267642974853516 -2.2364377975463867 -0.3291001319885254
26.604175567626953 -2.249286651611328 -0.34757471084594727
24.92462921142578 -2.3095312118530273 -0.3712296485900879
23.29631805419922 -2.3696937561035156 -0.3800959587097168
21.478473663330078 -2.424809455871582 -0.380068302154541
19.86925506591797 -2.454230308532715 -0.37732934951782227
18.241863250732422 -2.4212989807128906 -0.3611421585083008
17.351524353027344 -1.5170488357543945 -0.37486982345581055
15.947376251220703 -1.2419071197509766 -0.37330102920532227
14.273998260498047 -1.8385534286499023 -0.3465542793273926
13.132919311523438 -3.1019086837768555 -0.32217931747436523
12.636661529541016 -4.543296813964844 -0.3358488082885742
12.469280242919922 -6.296375274658203 -0.3673715591430664
12.691268920898438 -7.847919940948486 -0.39240550994873047
13.62099838256836 -8.498208999633789 -0.3878488540649414
14.219924926757812 -9.892448425292969 -0.395871639251709
14.294918060302734 -11.619023323059082 -0.4089202880859375
14.277534484863281 -13.22659969329834 -0.4127354621887207
14.33962631225586 -14.809402465820312 -0.39309072494506836

2
6.514263153076172 -14.80778980255127 -0.3894028663635254
6.453327178955078 -12.404767990112305 -0.3949308395385742
6.462760925292969 -10.066164016723633 -0.40184974670410156
6.5009613037109375 -7.440505027770996 -0.38991355895996094
6.207817077636719 -4.869144439697266 -0.3796858787536621
4.422050476074219 -3.084199905395508 -0.33202314376831055
2.115192413330078 -2.91422176361084 -0.31958627700805664
-0.3968467712402344 -2.9827423095703125 -0.2636294364929199
-2.901460647583008 -3.0272216796875 -0.2221074104309082
-5.382871627807617 -3.1046438217163086 -0.19530057907104492
-8.079675674438477 -3.178391456604004 -0.17478132247924805
-10.293647766113281 -3.2336931228637695 -0.17518997192382812
-12.75914192199707 -3.29559326171875 -0.17308521270751953
-15.159666061401367 -3.3327560424804688 -0.1748347282409668
-17.63571548461914 -3.388688087463379 -0.1901097297668457
-20.186222076416016 -3.457071304321289 -0.18983125686645508
-22.60628890991211 -3.4767990112304688 -0.18337011337280273
-25.054962158203125 -3.5176305770874023 -0.19317197799682617
-27.39837646484375 -3.55611515045166 -0.19250822067260742
-29.77750015258789 -3.5675411224365234 -0.1840524673461914

0
9.30035400390625 14.976465225219727 -0.3175482749938965
9.341621398925781 14.904073715209961 -0.3214902877807617
9.347648620605469 14.773509979248047 -0.32919836044311523
9.38235092163086 14.601348876953125 -0.33323192596435547
9.362709045410156 14.436897277832031 -0.3310680389404297
9.364849090576172 14.311649322509766 -0.3314204216003418
9.371231079101562 14.175817489624023 -0.3246145248413086
9.362380981445312 14.027275085449219 -0.31928586959838867
9.386848449707031 13.910619735717773 -0.32790040969848633
9.384330749511719 13.752519607543945 -0.33716392517089844
9.391559600830078 13.634126663208008 -0.3415522575378418
9.39577865600586 13.469982147216797 -0.3369174003601074
9.387786865234375 13.338735580444336 -0.3298482894897461
9.383419036865234 13.2039794921875 -0.33599042892456055
9.395610809326172 13.06003189086914 -0.3431882858276367
9.39987564086914 12.866405487060547 -0.3462066650390625
9.411998748779297 12.77629280090332 -0.34326744079589844
9.40560531616211 12.643339157104492 -0.3354816436767578
9.399459838867188 12.519365310668945 -0.3377861976623535
9.390800476074219 12.333368301391602 -0.3472633361816406

