1
8.768390655517578 -4.968862533569336 -0.2920694351196289
8.772380828857422 -3.290355682373047 -0.28142261505126953
8.839454650878906 -1.6869792938232422 -0.2829132080078125
9.011222839355469 -0.03660011291503906 -0.289186954498291
9.064960479736328 1.5499992370605469 -0.27907896041870117
9.112751007080078 3.1741485595703125 -0.27852678298950195
9.228099822998047 4.751955032348633 -0.2775077819824219
9.023468017578125 6.097198486328125 -0.27602243423461914
7.321937561035156 6.183603286743164 -0.25049495697021484
5.598392486572266 6.3104095458984375 -0.21788978576660156
4.567150115966797 5.874689102172852 -0.19947052001953125
4.510551452636719 4.199516296386719 -0.19588518142700195
4.454139709472656 2.6395092010498047 -0.19965744018554688
4.322208404541016 1.0326423645019531 -0.20297002792358398
4.246482849121094 -0.6116275787353516 -0.20212507247924805
4.199916839599609 -2.1595373153686523 -0.21179866790771484
4.051280975341797 -3.7370080947875977 -0.22078847885131836
5.510524749755859 -4.283333778381348 -0.23151445388793945
7.121498107910156 -4.620668411254883 -0.2617664337158203
8.687210083007812 -4.931880950927734 -0.2846841812133789

2
29.842350006103516 3.5617542266845703 -0.09605026245117188
28.823253631591797 3.651233673095703 -0.10007286071777344
27.69198226928711 3.725099563598633 -0.11476802825927734
26.578445434570312 3.805784225463867 -0.12332963943481445
25.507911682128906 3.890869140625 -0.13225984573364258
24.361305236816406 3.9696884155273438 -0.15097522735595703
23.272987365722656 4.061473846435547 -0.16169404983520508
22.146438598632812 4.154289245605469 -0.18184280395507812
21.211307525634766 4.262006759643555 -0.19785165786743164
20.177383422851562 4.507787704467773 -0.22096681594848633
19.345691680908203 5.250349044799805 -0.22920560836791992
18.777973175048828 6.157308578491211 -0.23812532424926758
18.63808822631836 7.245107650756836 -0.23519229888916016
18.704795837402344 8.389692306518555 -0.23221683502197266
18.818519592285156 9.466623306274414 -0.23145818710327148
18.967247009277344 10.582490921020508 -0.23372125625610352
19.07880401611328 11.67060661315918 -0.2447495460510254
19.119937896728516 12.717546463012695 -0.24857807159423828
19.188251495361328 13.80712890625 -0.25296640396118164
19.208465576171875 14.806844711303711 -0.25750732421875

1
18.045692443847656 -4.788021087646484 -0.20812511444091797
16.595958709716797 -4.691346168518066 -0.21585512161254883
15.136798858642578 -4.540488243103027 -0.2221231460571289
13.538028717041016 -4.445369720458984 -0.24125051498413086
12.103240966796875 -4.335770606994629 -0.24696016311645508
10.62021255493164 -4.211722373962402 -0.26587438583374023
9.108394622802734 -4.083355903625488 -0.27167272567749023
7.832210540771484 -4.062613487243652 -0.28401899337768555
8.074249267578125 -5.525606155395508 -0.28122425079345703
8.345550537109375 -6.901888847351074 -0.27139711380004883
8.675399780273438 -8.417808532714844 -0.2696533203125
9.783134460449219 -8.91944694519043 -0.27149438858032227
11.38107681274414 -9.00709056854248 -0.284332275390625
12.788917541503906 -9.12735366821289 -0.29579925537109375
14.287006378173828 -9.237224578857422 -0.292238712310791
15.632404327392578 -9.35116958618164 -0.28600645065307617
17.126934051513672 -9.173456192016602 -0.2778592109680176
17.40829086303711 -7.679917335510254 -0.26837778091430664
17.74069595336914 -6.292898178100586 -0.2386765480041504
18.049606323242188 -4.789765357971191 -0.21908092498779297

2
11.324844360351562 14.803977966308594 -0.31495189666748047
11.238487243652344 12.22613525390625 -0.3083066940307617
10.985370635986328 9.655939102172852 -0.3207259178161621
10.864742279052734 7.0786285400390625 -0.3666071891784668
9.101699829101562 5.234226226806641 -0.33203983306884766
6.4931640625 5.141929626464844 -0.30237436294555664
3.767559051513672 5.379177093505859 -0.2889285087585449
1.2615280151367188 5.541038513183594 -0.27070093154907227
-1.3242721557617188 5.694761276245117 -0.279207706451416
-4.011653900146484 5.912616729736328 -0.26744747161865234
-6.486576080322266 6.0931396484375 -0.27891016006469727
-9.0750732421875 6.293891906738281 -0.28824567794799805
-11.826654434204102 6.492542266845703 -0.2938227653503418
-14.41085433959961 6.665952682495117 -0.30375051498413086
-17.059345245361328 6.832084655761719 -0.3039078712463379
-19.65843391418457 7.0060882568359375 -0.3083920478820801
-22.282941818237305 7.206819534301758 -0.32010698318481445
-24.81460952758789 7.366569519042969 -0.33609533309936523
-27.403779983520508 7.547365188598633 -0.3266148567199707
-29.830862045288086 7.724113464355469 -0.3302593231201172

1
19.1029052734375 4.74943733215332 -0.29640626907348633
18.936450958251953 3.279176712036133 -0.26931333541870117
18.677635192871094 1.8948535919189453 -0.26293277740478516
18.455238342285156 0.4748544692993164 -0.23972558975219727
18.276996612548828 -0.9759321212768555 -0.22797489166259766
18.06683349609375 -2.36859130859375 -0.2219381332397461
17.889141082763672 -3.7673768997192383 -0.2120075225830078
18.497119903564453 -4.511556625366211 -0.21196460723876953
19.974651336669922 -4.622468948364258 -0.21559715270996094
21.375980377197266 -4.767223358154297 -0.2154707908630371
22.686317443847656 -4.665360450744629 -0.19947528839111328
22.726455688476562 -3.211031913757324 -0.1932053565979004
22.776283264160156 -1.7839937210083008 -0.17586898803710938
22.85663604736328 -0.3620433807373047 -0.1603541374206543
22.986080169677734 1.0713176727294922 -0.1483917236328125
23.043956756591797 2.411457061767578 -0.14525175094604492
23.15772247314453 3.837818145751953 -0.12635278701782227
21.969833374023438 4.243059158325195 -0.17776870727539062
20.568397521972656 4.529260635375977 -0.22176694869995117
19.04885482788086 4.759862899780273 -0.27169036865234375

1
9.510692596435547 9.965995788574219 -0.23766708374023438
9.183170318603516 8.446651458740234 -0.24498367309570312
8.888141632080078 6.8235015869140625 -0.2938103675842285
8.652046203613281 5.354866027832031 -0.31017160415649414
10.213520050048828 5.216026306152344 -0.305880069732666
11.902000427246094 5.169759750366211 -0.29473114013671875
13.416015625 5.096797943115234 -0.2861661911010742
14.966972351074219 5.001501083374023 -0.27199506759643555
16.647602081298828 4.897603988647461 -0.2738380432128906
18.216373443603516 4.787467956542969 -0.253537654876709
19.844539642333984 4.698057174682617 -0.24083709716796875
19.51950454711914 6.24705696105957 -0.22127437591552734
19.236953735351562 7.782985687255859 -0.21637439727783203
18.953964233398438 9.345464706420898 -0.2129344940185547
17.520370483398438 9.663246154785156 -0.21696186065673828
15.923286437988281 9.683116912841797 -0.22937250137329102
14.32973861694336 9.7286376953125 -0.22450590133666992
12.763996124267578 9.790796279907227 -0.22542524337768555
11.251579284667969 9.864770889282227 -0.2236924171447754
9.489639282226562 9.92263412475586 -0.2208552360534668

2
9.411697387695312 -14.797808647155762 -0.36961841583251953
9.703243255615234 -12.173479080200195 -0.38738536834716797
9.85870361328125 -9.706541061401367 -0.3802928924560547
10.046215057373047 -7.029621124267578 -0.3970174789428711
9.511295318603516 -4.409819602966309 -0.3489346504211426
7.224849700927734 -3.192540168762207 -0.3372659683227539
4.554721832275391 -3.0488815307617188 -0.3101840019226074
1.7904605865478516 -2.8837432861328125 -0.27633047103881836
-0.8492107391357422 -2.7123794555664062 -0.24124670028686523
-3.378467559814453 -2.5370121002197266 -0.2328324317932129
-6.152973175048828 -2.337000846862793 -0.2465810775756836
-8.872297286987305 -2.1353883743286133 -0.27466917037963867
-11.433784484863281 -1.9585561752319336 -0.2982754707336426
-14.153010368347168 -1.8000154495239258 -0.31000757217407227
-16.83456802368164 -1.5660285949707031 -0.3434586524963379
-19.4373836517334 -1.3910436630249023 -0.3702387809753418
-22.157154083251953 -1.1984033584594727 -0.38834476470947266
-24.753171920776367 -1.0117826461791992 -0.40459299087524414
-27.22296142578125 -0.8583269119262695 -0.4334845542907715
-29.83827018737793 -0.6514072418212891 -0.4730672836303711

2
29.846088409423828 -4.727634429931641 -0.1959819793701172
28.5364990234375 -4.65001106262207 -0.2154078483581543
27.13768768310547 -4.563048362731934 -0.2259383201599121
25.703292846679688 -4.429013252258301 -0.24210119247436523
24.404037475585938 -4.349447250366211 -0.24796056747436523
22.93735122680664 -4.242321968078613 -0.25977373123168945
21.599151611328125 -4.090993881225586 -0.2651963233947754
20.928478240966797 -3.3014907836914062 -0.2834010124206543
20.001434326171875 -2.718778610229492 -0.2931394577026367
18.66339111328125 -2.978623390197754 -0.2735161781311035
17.277050018310547 -3.9795780181884766 -0.2620401382446289
16.613224029541016 -5.069927215576172 -0.2733883857727051
16.27553939819336 -6.309374809265137 -0.28964996337890625
15.9727783203125 -7.805511951446533 -0.308197021484375
16.06075668334961 -9.102031707763672 -0.32694482803344727
16.88636016845703 -9.716585159301758 -0.32836151123046875
17.424640655517578 -10.660390853881836 -0.3280782699584961
17.51824188232422 -12.082144737243652 -0.3431248664855957
17.429157257080078 -13.459500312805176 -0.3506307601928711
17.30417251586914 -14.810591697692871 -0.35506725311279297

0
14.917522430419922 14.97569465637207 -0.2858309745788574
14.879180908203125 14.861333847045898 -0.2830948829650879
14.914348602294922 14.697832107543945 -0.2832975387573242
14.942646026611328 14.494874954223633 -0.2876768112182617
14.913646697998047 14.241641998291016 -0.2820758819580078
14.90505599975586 14.058008193969727 -0.2818155288696289
14.868804931640625 13.887044906616211 -0.2806406021118164
14.857963562011719 13.670188903808594 -0.2741975784301758
14.855785369873047 13.499305725097656 -0.2824678421020508
14.87906265258789 13.313919067382812 -0.28716039657592773
14.84366226196289 13.070039749145508 -0.2879323959350586
14.849708557128906 12.900531768798828 -0.28086423873901367
14.84531021118164 12.728616714477539 -0.2756218910217285
14.823246002197266 12.528017044067383 -0.2800755500793457
14.796749114990234 12.349292755126953 -0.2812070846557617
14.792030334472656 12.10626220703125 -0.27745532989501953
14.826057434082031 11.89128303527832 -0.2760787010192871
14.774158477783203 11.74803352355957 -0.2781357765197754
14.770416259765625 11.544641494750977 -0.2884197235107422
14.79696273803711 11.351922988891602 -0.2860846519470215

