2
5.321891784667969 14.809402465820312 -0.32982826232910156
5.4395751953125 12.542551040649414 -0.34360599517822266
5.523517608642578 10.318635940551758 -0.35053586959838867
5.569126129150391 7.999835968017578 -0.3869161605834961
4.524024963378906 6.034097671508789 -0.3379817008972168
2.3652915954589844 5.476375579833984 -0.32447147369384766
-0.16009521484375 5.398429870605469 -0.29856395721435547
-2.3710556030273438 5.311130523681641 -0.26737117767333984
-4.759984970092773 5.189306259155273 -0.24152326583862305
-6.983661651611328 5.122417449951172 -0.2218160629272461
-9.241737365722656 5.076072692871094 -0.21530866622924805
-11.571191787719727 5.007658004760742 -0.1981205940246582
-13.888463973999023 4.930757522583008 -0.19504499435424805
-16.16417121887207 4.852079391479492 -0.18596363067626953
-18.503650665283203 4.774776458740234 -0.17437744140625
-20.929340362548828 4.665555953979492 -0.17159461975097656
-23.128995895385742 4.602819442749023 -0.15897035598754883
-25.37903594970703 4.532482147216797 -0.15003061294555664
-27.632383346557617 4.457757949829102 -0.14516973495483398
-29.801328659057617 4.358898162841797 -0.14493083953857422

1
3.9275436401367188 10.706134796142578 -0.26515865325927734
3.7454605102539062 9.084234237670898 -0.28066587448120117
3.6194686889648438 7.469081878662109 -0.30991649627685547
3.398406982421875 5.834087371826172 -0.3282938003540039
5.194438934326172 6.000377655029297 -0.3449392318725586
6.659526824951172 6.002817153930664 -0.3400259017944336
8.16341781616211 6.094583511352539 -0.32773351669311523
9.7388916015625 6.2237396240234375 -0.3298211097717285
11.363597869873047 6.255186080932617 -0.33953285217285156
13.142074584960938 6.332653045654297 -0.3382706642150879
14.933650970458984 6.410366058349609 -0.32215213775634766
14.356521606445312 7.954074859619141 -0.3176083564758301
13.829517364501953 9.394309997558594 -0.2987227439880371
13.37130355834961 11.049371719360352 -0.29808998107910156
11.820854187011719 11.116493225097656 -0.2823009490966797
10.247642517089844 10.945661544799805 -0.27725982666015625
8.726642608642578 10.836881637573242 -0.2729606628417969
7.308784484863281 10.74513053894043 -0.2745332717895508
5.646087646484375 10.698949813842773 -0.2759370803833008
3.9195594787597656 10.60162353515625 -0.2638096809387207

1
4.636165618896484 -4.357979774475098 -0.29343318939208984
4.491889953613281 -2.7348108291625977 -0.29152727127075195
4.525577545166016 -1.1273689270019531 -0.301361083984375
4.499652862548828 0.548192024230957 -0.299832820892334
4.318035125732422 2.1186141967773438 -0.28801774978637695
4.2035675048828125 3.754182815551758 -0.29507970809936523
4.077419281005859 5.290641784667969 -0.29652833938598633
3.781230926513672 6.64317512512207 -0.2912569046020508
2.05474853515625 6.580158233642578 -0.25782155990600586
0.3220195770263672 6.538242340087891 -0.20952510833740234
-0.6741218566894531 6.02606201171875 -0.18424320220947266
-0.5070762634277344 4.387340545654297 -0.1860213279724121
-0.4191169738769531 2.6845321655273438 -0.1926722526550293
-0.3032264709472656 1.151071548461914 -0.19612598419189453
-0.2146778106689453 -0.5178632736206055 -0.20076513290405273
-0.19149208068847656 -2.154020309448242 -0.20518016815185547
-0.14164161682128906 -3.658341407775879 -0.20534944534301758
1.41015625 -3.996173858642578 -0.24700927734375
3.0463294982910156 -4.117316246032715 -0.2777843475341797
4.719486236572266 -4.388995170593262 -0.3139371871948242

2
29.80697250366211 6.403495788574219 -0.20865631103515625
28.51830291748047 6.411699295043945 -0.21599483489990234
27.336139678955078 6.38676643371582 -0.21468639373779297
26.06401824951172 6.353343963623047 -0.23666763305664062
24.799243927001953 6.305307388305664 -0.23555517196655273
23.461116790771484 6.281919479370117 -0.24657344818115234
22.181293487548828 6.278818130493164 -0.2506833076477051
20.9700927734375 6.225797653198242 -0.2538490295410156
19.598628997802734 6.164770126342773 -0.2636270523071289
18.40796661376953 6.132619857788086 -0.2772092819213867
17.05846405029297 6.116893768310547 -0.3074922561645508
15.840957641601562 6.123613357543945 -0.31588268280029297
14.69601821899414 6.532686233520508 -0.32811450958251953
13.88974380493164 7.4299468994140625 -0.31758832931518555
13.365203857421875 8.655868530273438 -0.30602598190307617
13.259906768798828 9.811155319213867 -0.29865121841430664
13.24612808227539 11.092002868652344 -0.2941126823425293
13.169452667236328 12.318307876586914 -0.29081201553344727
13.139297485351562 13.590879440307617 -0.3063035011291504
13.159961700439453 14.806695938110352 -0.3160824775695801

1
13.982433319091797 -3.2617855072021484 -0.28061342239379883
12.385875701904297 -3.2667837142944336 -0.28279829025268555
10.993934631347656 -3.2922849655151367 -0.28934717178344727
9.366043090820312 -3.340519905090332 -0.2881956100463867
7.858539581298828 -3.3591108322143555 -0.2819671630859375
6.444480895996094 -3.396853446960449 -0.29166555404663086
4.9617767333984375 -3.417377471923828 -0.29416990280151367
3.5508651733398438 -3.554183006286621 -0.28807592391967773
4.061614990234375 -4.965383529663086 -0.2908964157104492
4.574882507324219 -6.394030570983887 -0.2840900421142578
4.954597473144531 -7.787548542022705 -0.2879929542541504
6.143779754638672 -8.22266960144043 -0.2951326370239258
7.745643615722656 -8.162871360778809 -0.302156925201416
9.227283477783203 -8.07921028137207 -0.314389705657959
10.603324890136719 -8.002140998840332 -0.3322000503540039
12.12039566040039 -7.964585304260254 -0.34523487091064453
13.529006958007812 -7.662679672241211 -0.36689138412475586
13.620094299316406 -6.162896156311035 -0.35038328170776367
13.793071746826172 -4.785219192504883 -0.32586050033569336
13.9547119140625 -3.2221574783325195 -0.29128599166870117

1
14.13913345336914 6.371818542480469 -0.36202383041381836
14.060523986816406 4.928796768188477 -0.34629011154174805
13.982494354248047 3.4952011108398438 -0.3367171287536621
13.962425231933594 2.0750656127929688 -0.31641483306884766
13.837657928466797 0.6815567016601562 -0.30149316787719727
13.771842956542969 -0.7069730758666992 -0.3066897392272949
13.652873992919922 -2.169428825378418 -0.28313446044921875
14.38665771484375 -2.853274345397949 -0.29295873641967773
15.727272033691406 -2.8549423217773438 -0.2961606979370117
17.20120620727539 -2.8063316345214844 -0.2981104850769043
18.56580352783203 -2.6233644485473633 -0.3087348937988281
18.437923431396484 -1.192204475402832 -0.30391883850097656
18.358440399169922 0.29300785064697266 -0.302126407623291
18.319747924804688 1.7131843566894531 -0.28090381622314453
18.3006591796875 3.09368896484375 -0.26479482650756836
18.232452392578125 4.459434509277344 -0.2527627944946289
18.242431640625 5.924182891845703 -0.2377018928527832
17.070629119873047 6.249853134155273 -0.26872968673706055
15.582695007324219 6.310089111328125 -0.30663394927978516
14.121818542480469 6.33860969543457 -0.34032154083251953

2
29.814289093017578 -1.7863779067993164 -0.2912459373474121
28.230335235595703 -1.8263778686523438 -0.31775331497192383
26.54326629638672 -1.915771484375 -0.33854198455810547
24.83855438232422 -1.9597721099853516 -0.3625969886779785
23.198684692382812 -2.048015594482422 -0.3703789710998535
21.41543197631836 -2.096316337585449 -0.37615966796875
19.765430450439453 -2.1433916091918945 -0.37328624725341797
17.987022399902344 -2.1523218154907227 -0.3582763671875
17.129894256591797 -1.281874656677246 -0.3739004135131836
15.648025512695312 -1.029801368713379 -0.3698291778564453
13.975574493408203 -1.5811100006103516 -0.3474135398864746
12.868526458740234 -2.912464141845703 -0.32247018814086914
12.383415222167969 -4.378762245178223 -0.3369011878967285
12.199413299560547 -6.181156158447266 -0.36657190322875977
12.487449645996094 -7.710412979125977 -0.39322662353515625
13.447189331054688 -8.333612442016602 -0.38892698287963867
14.0987548828125 -9.798059463500977 -0.3948817253112793
14.176414489746094 -11.552667617797852 -0.41085147857666016
14.189411163330078 -13.179622650146484 -0.4141836166381836
14.274513244628906 -14.808213233947754 -0.39459896087646484

2
6.471031188964844 -14.80288314819336 -0.3630671501159668
6.352447509765625 -12.3888521194458 -0.36418676376342773
6.325408935546875 -10.072189331054688 -0.3626089096069336
6.301120758056641 -7.532913684844971 -0.38463497161865234
6.015430450439453 -5.003471374511719 -0.3728818893432617
4.462921142578125 -3.0597476959228516 -0.3304715156555176
2.15667724609375 -2.8641490936279297 -0.3236865997314453
-0.1360015869140625 -2.972346305847168 -0.28790950775146484
-2.6997833251953125 -3.0310420989990234 -0.24437189102172852
-5.291204452514648 -3.1360530853271484 -0.2076406478881836
-7.647514343261719 -3.241053581237793 -0.18775081634521484
-10.20785140991211 -3.3498048782348633 -0.16936206817626953
-12.779167175292969 -3.441805839538574 -0.17666101455688477
-15.136346817016602 -3.517679214477539 -0.1779956817626953
-17.56087875366211 -3.6044044494628906 -0.19123172760009766
-20.139263153076172 -3.7155532836914062 -0.1965322494506836
-22.612163543701172 -3.7897396087646484 -0.19957304000854492
-25.0832462310791 -3.8524370193481445 -0.20493507385253906
-27.407400131225586 -3.9210643768310547 -0.19171953201293945
-29.850126266479492 -3.9705448150634766 -0.1802682876586914

0
8.91122055053711 14.979732513427734 -0.31378698348999023
8.945301055908203 14.90804672241211 -0.3201732635498047
8.947032928466797 14.777223587036133 -0.3252434730529785
8.972526550292969 14.626119613647461 -0.3297309875488281
8.958995819091797 14.466711044311523 -0.3273944854736328
8.97568130493164 14.340644836425781 -0.32747411727905273
8.946216583251953 14.20140266418457 -0.3229060173034668
8.933860778808594 14.04623794555664 -0.31584739685058594
8.947418212890625 13.953954696655273 -0.32233190536499023
8.943340301513672 13.82590103149414 -0.33222341537475586
8.9482421875 13.673786163330078 -0.3366813659667969
8.96914291381836 13.533374786376953 -0.3319840431213379
8.948375701904297 13.39239501953125 -0.32076215744018555
8.954410552978516 13.270622253417969 -0.32506465911865234
8.971794128417969 13.142637252807617 -0.33620452880859375
8.999588012695312 12.969266891479492 -0.3406071662902832
9.008460998535156 12.854990005493164 -0.34040021896362305
9.011787414550781 12.747758865356445 -0.3370938301086426
8.976375579833984 12.631959915161133 -0.33820533752441406
8.958576202392578 12.459339141845703 -0.34400320053100586

