1
3.4890785217285156 10.74323844909668 -0.2579050064086914
3.3325424194335938 9.139347076416016 -0.2742953300476074
3.2543487548828125 7.467933654785156 -0.29486989974975586
3.0831146240234375 5.881965637207031 -0.31371498107910156
4.918327331542969 6.094949722290039 -0.3311300277709961
6.4481201171875 6.135740280151367 -0.33036184310913086
7.860832214355469 6.235261917114258 -0.3250608444213867
9.468013763427734 6.353656768798828 -0.32285594940185547
10.905452728271484 6.424343109130859 -0.3322324752807617
12.746574401855469 6.527120590209961 -0.33339405059814453
14.432392120361328 6.587577819824219 -0.31415605545043945
13.961212158203125 8.139453887939453 -0.31267595291137695
13.405479431152344 9.65573501586914 -0.29470062255859375
12.938716888427734 11.161172866821289 -0.291501522064209
11.369606018066406 11.247615814208984 -0.27097177505493164
9.801101684570312 11.01522445678711 -0.26973581314086914
8.280315399169922 10.940347671508789 -0.2678956985473633
6.747901916503906 10.852237701416016 -0.2679166793823242
5.136989593505859 10.790464401245117 -0.2695908546447754
3.4741668701171875 10.678628921508789 -0.25957536697387695

2
4.732032775878906 14.808483123779297 -0.3294682502746582
4.928241729736328 12.580753326416016 -0.34697771072387695
5.0885162353515625 10.367151260375977 -0.35329151153564453
5.181133270263672 8.071187973022461 -0.38892173767089844
4.137645721435547 6.126653671264648 -0.33589982986450195
2.076282501220703 5.516984939575195 -0.32256317138671875
-0.45068359375 5.3905029296875 -0.2948126792907715
-2.6378612518310547 5.279472351074219 -0.264829158782959
-4.9925384521484375 5.136674880981445 -0.23725318908691406
-7.177345275878906 5.045827865600586 -0.21885347366333008
-9.454305648803711 4.964595794677734 -0.21685266494750977
-11.705781936645508 4.856777191162109 -0.20233154296875
-14.030635833740234 4.756185531616211 -0.19459295272827148
-16.31332778930664 4.633729934692383 -0.18872737884521484
-18.573543548583984 4.499738693237305 -0.17479991912841797
-21.00070571899414 4.378751754760742 -0.17632246017456055
-23.211854934692383 4.2896270751953125 -0.16916465759277344
-25.437625885009766 4.201728820800781 -0.1581745147705078
-27.645946502685547 4.040369033813477 -0.14754581451416016
-29.800195693969727 3.9081153869628906 -0.1493210792541504

2
29.813358306884766 6.874946594238281 -0.18181848526000977
28.552719116210938 6.8619842529296875 -0.1906747817993164
27.35919189453125 6.814733505249023 -0.1945047378540039
26.01137924194336 6.746162414550781 -0.22054767608642578
24.74291229248047 6.701038360595703 -0.21573686599731445
23.412353515625 6.658746719360352 -0.2260584831237793
22.105937957763672 6.613546371459961 -0.23290252685546875
20.8970947265625 6.545942306518555 -0.2416229248046875
19.5341796875 6.485485076904297 -0.2537198066711426
18.341320037841797 6.437099456787109 -0.27011966705322266
17.063861846923828 6.37834358215332 -0.29355669021606445
15.843582153320312 6.339471817016602 -0.3043804168701172
14.546958923339844 6.54852294921875 -0.31795358657836914
13.660568237304688 7.364797592163086 -0.31353044509887695
12.98117446899414 8.558111190795898 -0.3060731887817383
12.840518951416016 9.778488159179688 -0.2984929084777832
12.767078399658203 11.02811050415039 -0.2951927185058594
12.731231689453125 12.288276672363281 -0.2872791290283203
12.698234558105469 13.60306167602539 -0.29840946197509766
12.749160766601562 14.808547973632812 -0.3127875328063965

1
4.490631103515625 -4.294624328613281 -0.29422426223754883
4.259376525878906 -2.628788948059082 -0.2910804748535156
4.254024505615234 -1.0433425903320312 -0.30031442642211914
4.263225555419922 0.6268806457519531 -0.29943037033081055
3.9647979736328125 2.1809005737304688 -0.2863588333129883
3.8199424743652344 3.822418212890625 -0.2896866798400879
3.677215576171875 5.390596389770508 -0.2959861755371094
3.325115203857422 6.671421051025391 -0.28781843185424805
1.6567649841308594 6.627765655517578 -0.25676774978637695
-0.06691551208496094 6.553138732910156 -0.2079157829284668
-1.0593891143798828 6.030742645263672 -0.1816568374633789
-0.9178104400634766 4.366655349731445 -0.18550682067871094
-0.7602615356445312 2.693532943725586 -0.19258594512939453
-0.6491432189941406 1.147918701171875 -0.1950855255126953
-0.5361671447753906 -0.5595464706420898 -0.20040512084960938
-0.46294593811035156 -2.1420488357543945 -0.20537471771240234
-0.3491325378417969 -3.6651744842529297 -0.2046661376953125
1.2004165649414062 -3.9728240966796875 -0.24561500549316406
2.7655296325683594 -4.063946723937988 -0.2743563652038574
4.541877746582031 -4.314397811889648 -0.31296539306640625

1
13.71310043334961 -3.1256284713745117 -0.2745528221130371
12.16448974609375 -3.126889228820801 -0.27744054794311523
10.730354309082031 -3.1700010299682617 -0.28370141983032227
9.145248413085938 -3.23366641998291 -0.2826571464538574
7.5894775390625 -3.2496261596679688 -0.2795877456665039
6.222541809082031 -3.3280467987060547 -0.2889270782470703
4.737464904785156 -3.369152069091797 -0.2917966842651367
3.33782958984375 -3.4988794326782227 -0.28610992431640625
3.8605079650878906 -4.89608097076416 -0.2904796600341797
4.408409118652344 -6.332667350769043 -0.28383970260620117
4.8136444091796875 -7.720594882965088 -0.28526926040649414
5.995159149169922 -8.151418685913086 -0.29274988174438477
7.605556488037109 -8.073097229003906 -0.29929113388061523
9.092220306396484 -7.971773624420166 -0.3102278709411621
10.46417236328125 -7.8833465576171875 -0.3305654525756836
11.994636535644531 -7.825128078460693 -0.3435993194580078
13.382404327392578 -7.514573574066162 -0.36179256439208984
13.464061737060547 -6.049962997436523 -0.34569501876831055
13.582897186279297 -4.624969482421875 -0.3187284469604492
13.680160522460938 -3.075869560241699 -0.2838277816772461

2
29.826210021972656 -1.3745002746582031 -0.2759380340576172
28.18868637084961 -1.4385242462158203 -0.30403995513916016
26.490921020507812 -1.5417118072509766 -0.32443761825561523
24.769149780273438 -1.6359786987304688 -0.34793710708618164
23.108184814453125 -1.7030763626098633 -0.3557701110839844
21.34149169921875 -1.7830638885498047 -0.36567068099975586
19.654582977294922 -1.8523101806640625 -0.3633546829223633
17.786495208740234 -1.8941326141357422 -0.3485593795776367
16.883136749267578 -1.052290916442871 -0.3659496307373047
15.40618896484375 -0.798426628112793 -0.3578672409057617
13.791435241699219 -1.3646936416625977 -0.34244298934936523
12.664913177490234 -2.7073068618774414 -0.31984853744506836
12.182868957519531 -4.217584609985352 -0.3335103988647461
12.070858001708984 -6.066776275634766 -0.36301565170288086
12.38665771484375 -7.601792812347412 -0.3905501365661621
13.366050720214844 -8.190811157226562 -0.38728761672973633
14.011497497558594 -9.725397109985352 -0.39316368103027344
14.072074890136719 -11.505913734436035 -0.4076261520385742
14.097991943359375 -13.170051574707031 -0.40888118743896484
14.200630187988281 -14.808797836303711 -0.38976240158081055

1
13.726375579833984 6.546562194824219 -0.35866355895996094
13.683906555175781 5.176521301269531 -0.3395695686340332
13.688915252685547 3.6818103790283203 -0.33159494400024414
13.650276184082031 2.2898120880126953 -0.3097953796386719
13.543853759765625 0.8587255477905273 -0.29649829864501953
13.510257720947266 -0.5310258865356445 -0.29770851135253906
13.392696380615234 -2.004640579223633 -0.2729830741882324
14.115718841552734 -2.6600914001464844 -0.28409290313720703
15.424785614013672 -2.648113250732422 -0.2881016731262207
16.961986541748047 -2.5690364837646484 -0.28566551208496094
18.283100128173828 -2.3476476669311523 -0.2984461784362793
18.152191162109375 -0.8928499221801758 -0.29027605056762695
18.117313385009766 0.5121479034423828 -0.28757381439208984
17.994266510009766 1.977294921875 -0.2698545455932617
17.949871063232422 3.391765594482422 -0.2561159133911133
17.845394134521484 4.725317001342773 -0.24022436141967773
17.812225341796875 6.230749130249023 -0.22869300842285156
16.651443481445312 6.455940246582031 -0.26230907440185547
15.188819885253906 6.522371292114258 -0.3026418685913086
13.75833511352539 6.515102386474609 -0.33191871643066406

2
6.499504089355469 -14.805951118469238 -0.3714923858642578
6.312633514404297 -12.404691696166992 -0.3711214065551758
6.223072052001953 -10.076011657714844 -0.3702545166015625
6.129535675048828 -7.568556785583496 -0.3816099166870117
5.798976898193359 -5.0445146560668945 -0.37134361267089844
4.398399353027344 -3.0417375564575195 -0.33002662658691406
2.0159072875976562 -2.8064422607421875 -0.3220176696777344
-0.3124103546142578 -2.969302177429199 -0.29136085510253906
-2.8426055908203125 -3.067540168762207 -0.24913644790649414
-5.364173889160156 -3.200397491455078 -0.21399831771850586
-7.662973403930664 -3.3265180587768555 -0.193634033203125
-10.272722244262695 -3.4927234649658203 -0.18045520782470703
-12.813772201538086 -3.62795352935791 -0.18936824798583984
-15.184094429016113 -3.73455810546875 -0.19357728958129883
-17.622913360595703 -3.8714141845703125 -0.20767974853515625
-20.156871795654297 -4.002617835998535 -0.21158409118652344
-22.680469512939453 -4.107442855834961 -0.21304655075073242
-25.128433227539062 -4.188233375549316 -0.22339487075805664
-27.43166160583496 -4.320895195007324 -0.21524429321289062
-29.849018096923828 -4.439304351806641 -0.20251178741455078

0
8.348941802978516 14.982563018798828 -0.3110799789428711
8.368003845214844 14.917226791381836 -0.31751537322998047
8.396865844726562 14.801565170288086 -0.3199949264526367
8.42355728149414 14.664131164550781 -0.3261260986328125
8.441513061523438 14.520484924316406 -0.320249080657959
8.47006607055664 14.4046630859375 -0.32411861419677734
8.474822998046875 14.255441665649414 -0.32195043563842773
8.460826873779297 14.074029922485352 -0.31487226486206055
8.463348388671875 13.986085891723633 -0.3192429542541504
8.464900970458984 13.892049789428711 -0.3278026580810547
8.460289001464844 13.764846801757812 -0.33121299743652344
8.472660064697266 13.625204086303711 -0.3260636329650879
8.455398559570312 13.505224227905273 -0.31469011306762695
8.46603775024414 13.386362075805664 -0.3181900978088379
8.48147201538086 13.244033813476562 -0.32739925384521484
8.49666976928711 13.084096908569336 -0.32790231704711914
8.522361755371094 12.937150955200195 -0.3324899673461914
8.523311614990234 12.878002166748047 -0.3335747718811035
8.503807067871094 12.814279556274414 -0.33673906326293945
8.511581420898438 12.6046142578125 -0.3378415107727051

