1
3.0677490234375 10.797430038452148 -0.26573848724365234
2.9606704711914062 9.200803756713867 -0.2814621925354004
2.881671905517578 7.510986328125 -0.2947535514831543
2.7152748107910156 5.97175407409668 -0.3133268356323242
4.6082916259765625 6.18208122253418 -0.33263397216796875
6.167724609375 6.25609016418457 -0.33368396759033203
7.560802459716797 6.370220184326172 -0.3331637382507324
9.19979476928711 6.534509658813477 -0.3333148956298828
10.64984130859375 6.624889373779297 -0.3421039581298828
12.41860580444336 6.763994216918945 -0.34691619873046875
14.020893096923828 6.858781814575195 -0.32926464080810547
13.542293548583984 8.321174621582031 -0.32349729537963867
12.995956420898438 9.811355590820312 -0.314511775970459
12.51895523071289 11.39938735961914 -0.3148374557495117
10.965141296386719 11.417612075805664 -0.287656307220459
9.414070129394531 11.234004974365234 -0.28035926818847656
7.940303802490234 11.063343048095703 -0.27675437927246094
6.330776214599609 10.996463775634766 -0.27478981018066406
4.736309051513672 10.868295669555664 -0.27216625213623047
3.0658340454101562 10.719900131225586 -0.2621030807495117

2
4.286808013916016 14.811967849731445 -0.34624814987182617
4.46136474609375 12.612022399902344 -0.3584728240966797
4.658172607421875 10.387971878051758 -0.3626594543457031
4.770435333251953 8.067529678344727 -0.39902305603027344
3.716583251953125 6.183444976806641 -0.3418154716491699
1.7152156829833984 5.544279098510742 -0.3278846740722656
-0.7701416015625 5.374660491943359 -0.2981376647949219
-2.983427047729492 5.226581573486328 -0.2662477493286133
-5.199012756347656 5.068571090698242 -0.2353377342224121
-7.339569091796875 4.938894271850586 -0.21903562545776367
-9.617477416992188 4.80586051940918 -0.21514511108398438
-11.822175979614258 4.64697265625 -0.2019791603088379
-14.083648681640625 4.514102935791016 -0.19066143035888672
-16.373319625854492 4.362627029418945 -0.18077659606933594
-18.637645721435547 4.20313835144043 -0.16837024688720703
-21.043304443359375 4.045833587646484 -0.16701316833496094
-23.296398162841797 3.9262142181396484 -0.16083908081054688
-25.49127197265625 3.8037452697753906 -0.14731264114379883
-27.69348907470703 3.6337432861328125 -0.14235258102416992
-29.809860229492188 3.465517044067383 -0.12821674346923828

2
29.820755004882812 7.344196319580078 -0.21225500106811523
28.55596923828125 7.30839729309082 -0.21531152725219727
27.34766387939453 7.250423431396484 -0.21361541748046875
25.982120513916016 7.174978256225586 -0.23456430435180664
24.70132827758789 7.110200881958008 -0.23116731643676758
23.37242889404297 7.032997131347656 -0.2433171272277832
22.04351806640625 6.977565765380859 -0.25473928451538086
20.86072540283203 6.910770416259766 -0.2619624137878418
19.525028228759766 6.800636291503906 -0.2715177536010742
18.258296966552734 6.742815017700195 -0.28122663497924805
17.024330139160156 6.656927108764648 -0.3016176223754883
15.842113494873047 6.588579177856445 -0.3148984909057617
14.393890380859375 6.6811981201171875 -0.32935190200805664
13.394737243652344 7.384727478027344 -0.3213210105895996
12.690044403076172 8.50208854675293 -0.3193845748901367
12.422004699707031 9.790075302124023 -0.314633846282959
12.346885681152344 11.050424575805664 -0.3130464553833008
12.289203643798828 12.245370864868164 -0.3110504150390625
12.215751647949219 13.601285934448242 -0.32390880584716797
12.20699691772461 14.807960510253906 -0.3319668769836426

1
4.270183563232422 -4.240387916564941 -0.28893375396728516
4.047130584716797 -2.5691661834716797 -0.28730297088623047
4.007022857666016 -0.998051643371582 -0.29723215103149414
3.9974517822265625 0.6576204299926758 -0.29935264587402344
3.6367416381835938 2.2351303100585938 -0.28968095779418945
3.516460418701172 3.9035186767578125 -0.29282426834106445
3.408794403076172 5.459009170532227 -0.30115604400634766
2.9263648986816406 6.736352920532227 -0.29033374786376953
1.2447128295898438 6.660005569458008 -0.26166725158691406
-0.405792236328125 6.584897994995117 -0.21298646926879883
-1.3755855560302734 6.020944595336914 -0.18203020095825195
-1.2995319366455078 4.362821578979492 -0.18702936172485352
-1.0632286071777344 2.699796676635742 -0.19240951538085938
-0.9478626251220703 1.1278152465820312 -0.191864013671875
-0.8293495178222656 -0.6041984558105469 -0.19778156280517578
-0.7344608306884766 -2.0989151000976562 -0.20635271072387695
-0.5778293609619141 -3.6680164337158203 -0.20476961135864258
0.9983997344970703 -3.959444999694824 -0.24480104446411133
2.5145797729492188 -4.044842720031738 -0.27169370651245117
4.325225830078125 -4.268702507019043 -0.3113274574279785

1
13.522506713867188 -2.9144277572631836 -0.2784891128540039
11.990612030029297 -2.923795700073242 -0.2795076370239258
10.528823852539062 -2.9943971633911133 -0.2836151123046875
8.972175598144531 -3.0856027603149414 -0.2810683250427246
7.383930206298828 -3.1287660598754883 -0.2783946990966797
6.036319732666016 -3.242526054382324 -0.2865123748779297
4.524814605712891 -3.2976789474487305 -0.29075193405151367
3.0766983032226562 -3.4481382369995117 -0.28520917892456055
3.6599082946777344 -4.825883865356445 -0.28857421875
4.2195281982421875 -6.2419843673706055 -0.28020334243774414
4.657260894775391 -7.6375017166137695 -0.2776155471801758
5.87615966796875 -8.047245025634766 -0.28844308853149414
7.4777679443359375 -7.930128574371338 -0.2933235168457031
8.972877502441406 -7.822462558746338 -0.3045363426208496
10.35885238647461 -7.70925760269165 -0.3270120620727539
11.853729248046875 -7.625800609588623 -0.3409137725830078
13.217113494873047 -7.322348594665527 -0.35797119140625
13.303672790527344 -5.846701622009277 -0.3470492362976074
13.436466217041016 -4.429034233093262 -0.3208169937133789
13.494277954101562 -2.871150016784668 -0.2871360778808594

1
13.35031509399414 6.767417907714844 -0.3691110610961914
13.310321807861328 5.389301300048828 -0.35388755798339844
13.345844268798828 3.9234676361083984 -0.34290218353271484
13.29586410522461 2.5187854766845703 -0.32331228256225586
13.256526947021484 1.0332603454589844 -0.3067803382873535
13.246749877929688 -0.3113670349121094 -0.30950498580932617
13.185234069824219 -1.798604965209961 -0.2847142219543457
13.855239868164062 -2.482013702392578 -0.29404640197753906
15.221321105957031 -2.4201250076293945 -0.2975926399230957
16.770000457763672 -2.332308769226074 -0.29242706298828125
17.991912841796875 -2.086446762084961 -0.3092312812805176
17.872844696044922 -0.640721321105957 -0.30210208892822266
17.830768585205078 0.8161029815673828 -0.30191516876220703
17.702896118164062 2.2431278228759766 -0.2837562561035156
17.60232925415039 3.663606643676758 -0.2704043388366699
17.539852142333984 5.0488128662109375 -0.25565433502197266
17.525779724121094 6.473731994628906 -0.24572992324829102
16.277259826660156 6.761014938354492 -0.2803049087524414
14.78530502319336 6.745964050292969 -0.31674718856811523
13.344032287597656 6.742963790893555 -0.3463568687438965

2
29.81698226928711 -0.9090280532836914 -0.2910304069519043
28.1527099609375 -0.9732627868652344 -0.31304025650024414
26.456195831298828 -1.0868730545043945 -0.3337440490722656
24.711868286132812 -1.2250089645385742 -0.3603391647338867
23.012725830078125 -1.3374662399291992 -0.3667159080505371
21.27692413330078 -1.4475517272949219 -0.37467384338378906
19.607593536376953 -1.5175037384033203 -0.3738241195678711
17.69347381591797 -1.6140708923339844 -0.3556666374206543
16.639301300048828 -0.844818115234375 -0.3722820281982422
15.16458511352539 -0.5582828521728516 -0.36438703536987305
13.54800033569336 -1.1849956512451172 -0.3447685241699219
12.427452087402344 -2.5682764053344727 -0.32335662841796875
12.000690460205078 -4.064827919006348 -0.33679676055908203
11.921253204345703 -5.926037788391113 -0.3634629249572754
12.300582885742188 -7.4712934494018555 -0.3881254196166992
13.29107666015625 -8.075494766235352 -0.3846750259399414
13.936222076416016 -9.66358757019043 -0.38950252532958984
14.003532409667969 -11.458770751953125 -0.3998088836669922
14.080039978027344 -13.15461254119873 -0.398468017578125
14.24715805053711 -14.807595252990723 -0.3737368583679199

2
6.377006530761719 -14.802947044372559 -0.3626384735107422
6.186206817626953 -12.41067886352539 -0.3673534393310547
6.068183898925781 -10.050302505493164 -0.3672037124633789
5.963890075683594 -7.561273574829102 -0.38080787658691406
5.614429473876953 -5.071515083312988 -0.3732905387878418
4.3278961181640625 -3.063582420349121 -0.3311586380004883
1.9266815185546875 -2.7652587890625 -0.3208799362182617
-0.49005126953125 -2.9702701568603516 -0.2858734130859375
-2.9655227661132812 -3.109614372253418 -0.23671436309814453
-5.432697296142578 -3.2889175415039062 -0.19943523406982422
-7.755643844604492 -3.446049690246582 -0.17541885375976562
-10.372367858886719 -3.6474666595458984 -0.1620173454284668
-12.902608871459961 -3.8193750381469727 -0.1673746109008789
-15.25175666809082 -3.9963808059692383 -0.1702265739440918
-17.710725784301758 -4.136640548706055 -0.18492460250854492
-20.190093994140625 -4.310996055603027 -0.1857905387878418
-22.72764778137207 -4.488065719604492 -0.1801471710205078
-25.11911392211914 -4.621978759765625 -0.19787883758544922
-27.451549530029297 -4.781790733337402 -0.18999481201171875
-29.849512100219727 -4.948572158813477 -0.18554115295410156

0
7.876739501953125 14.983558654785156 -0.3282294273376465
7.892974853515625 14.914983749389648 -0.33302736282348633
7.902744293212891 14.807113647460938 -0.3374462127685547
7.930210113525391 14.686515808105469 -0.339874267578125
7.940387725830078 14.54909896850586 -0.3341178894042969
7.940586090087891 14.428461074829102 -0.33841371536254883
7.964778900146484 14.29863166809082 -0.3348274230957031
7.977642059326172 14.140153884887695 -0.32979488372802734
7.991558074951172 14.059135437011719 -0.33049631118774414
7.976402282714844 13.95555305480957 -0.33751535415649414
7.9741668701171875 13.833883285522461 -0.3397970199584961
7.986316680908203 13.704065322875977 -0.3379044532775879
7.981769561767578 13.580083847045898 -0.332275390625
7.996639251708984 13.473556518554688 -0.33290863037109375
8.019245147705078 13.346502304077148 -0.3441753387451172
8.025955200195312 13.199127197265625 -0.3431696891784668
8.047985076904297 13.046422958374023 -0.3496837615966797
8.062915802001953 12.956502914428711 -0.34798765182495117
8.052528381347656 12.911235809326172 -0.353546142578125
8.054023742675781 12.709989547729492 -0.3565225601196289

