1
2.6447181701660156 10.792482376098633 -0.2871212959289551
2.5840415954589844 9.208124160766602 -0.3044571876525879
2.501270294189453 7.527170181274414 -0.30864524841308594
2.3322105407714844 6.020832061767578 -0.3276205062866211
4.1501922607421875 6.248527526855469 -0.35108089447021484
5.7566986083984375 6.34684944152832 -0.3522820472717285
7.173683166503906 6.50828742980957 -0.34832000732421875
8.722023010253906 6.702152252197266 -0.3543429374694824
10.203678131103516 6.803497314453125 -0.36467885971069336
11.9681396484375 7.033514022827148 -0.369476318359375
13.555862426757812 7.1207275390625 -0.352785587310791
13.049446105957031 8.585390090942383 -0.3524179458618164
12.52670669555664 10.087478637695312 -0.34966611862182617
11.984649658203125 11.61917495727539 -0.35327720642089844
10.450794219970703 11.612808227539062 -0.3271608352661133
8.892074584960938 11.400079727172852 -0.3103342056274414
7.447322845458984 11.211404800415039 -0.30635833740234375
5.844676971435547 11.094097137451172 -0.30263280868530273
4.302604675292969 10.886430740356445 -0.2959408760070801
2.6524200439453125 10.703510284423828 -0.2833528518676758

2
3.8675193786621094 14.809268951416016 -0.3921084403991699
4.033721923828125 12.61949348449707 -0.3855719566345215
4.251792907714844 10.413919448852539 -0.3911123275756836
4.385074615478516 8.113449096679688 -0.4199337959289551
3.316844940185547 6.230461120605469 -0.36225414276123047
1.3388080596923828 5.524208068847656 -0.3448362350463867
-1.0754547119140625 5.351421356201172 -0.3103370666503906
-3.374429702758789 5.181364059448242 -0.27040529251098633
-5.461397171020508 4.974369049072266 -0.23221492767333984
-7.562543869018555 4.802846908569336 -0.20625925064086914
-9.856006622314453 4.6330718994140625 -0.19672203063964844
-12.023941040039062 4.446155548095703 -0.18121862411499023
-14.285019874572754 4.255340576171875 -0.17216014862060547
-16.473779678344727 4.080770492553711 -0.153045654296875
-18.644031524658203 3.889280319213867 -0.1402134895324707
-21.085390090942383 3.683259963989258 -0.13220500946044922
-23.362709045410156 3.503957748413086 -0.12357425689697266
-25.543840408325195 3.3160247802734375 -0.10223197937011719
-27.714332580566406 3.1274852752685547 -0.09322977066040039
-29.81829261779785 2.881834030151367 -0.08629941940307617

2
29.848533630371094 7.95367431640625 -0.2662510871887207
28.571334838867188 7.868968963623047 -0.26363182067871094
27.325332641601562 7.799406051635742 -0.264284610748291
25.98739242553711 7.657037734985352 -0.2809414863586426
24.655773162841797 7.570865631103516 -0.28165674209594727
23.335796356201172 7.462774276733398 -0.29306745529174805
21.958030700683594 7.379047393798828 -0.305816650390625
20.784400939941406 7.268522262573242 -0.3069009780883789
19.452468872070312 7.165287017822266 -0.31740283966064453
18.095413208007812 7.07403564453125 -0.32416486740112305
16.891132354736328 6.947290420532227 -0.3354172706604004
15.736183166503906 6.909282684326172 -0.3449258804321289
14.20779037475586 6.889396667480469 -0.3430500030517578
13.128898620605469 7.423147201538086 -0.34763050079345703
12.384109497070312 8.385353088378906 -0.34268999099731445
11.911102294921875 9.726032257080078 -0.3397693634033203
11.840469360351562 10.997304916381836 -0.33838605880737305
11.757625579833984 12.220203399658203 -0.33182859420776367
11.68896484375 13.575136184692383 -0.35016393661499023
11.651546478271484 14.808000564575195 -0.35643720626831055

1
3.930644989013672 -4.147727966308594 -0.28334999084472656
3.6941375732421875 -2.472893714904785 -0.28730297088623047
3.603710174560547 -0.8623180389404297 -0.2972240447998047
3.607524871826172 0.7649784088134766 -0.30423736572265625
3.2791748046875 2.2940292358398438 -0.2964158058166504
3.131439208984375 3.9401988983154297 -0.30344343185424805
3.0209999084472656 5.566379547119141 -0.31546640396118164
2.5163192749023438 6.769920349121094 -0.3043222427368164
0.8007717132568359 6.656803131103516 -0.2782421112060547
-0.7783107757568359 6.581279754638672 -0.2275071144104004
-1.7041378021240234 5.974613189697266 -0.1888422966003418
-1.6072425842285156 4.354227066040039 -0.19795656204223633
-1.3862476348876953 2.6905555725097656 -0.19437885284423828
-1.2776813507080078 1.1701240539550781 -0.1876211166381836
-1.214254379272461 -0.5960597991943359 -0.19519329071044922
-0.9800205230712891 -2.069660186767578 -0.20343351364135742
-1.0079898834228516 -3.6642494201660156 -0.2052769660949707
0.7318210601806641 -3.9446868896484375 -0.24296236038208008
2.2154502868652344 -4.020183563232422 -0.27054738998413086
4.041202545166016 -4.189861297607422 -0.30526065826416016

1
13.201374053955078 -2.6692705154418945 -0.2824416160583496
11.684959411621094 -2.7125558853149414 -0.28278684616088867
10.26531982421875 -2.828120231628418 -0.2855863571166992
8.70583724975586 -2.941650390625 -0.2815976142883301
7.141868591308594 -3.003551483154297 -0.2769451141357422
5.838890075683594 -3.144105911254883 -0.28505706787109375
4.294227600097656 -3.223003387451172 -0.2896409034729004
2.862316131591797 -3.3948707580566406 -0.2847466468811035
3.4951133728027344 -4.776658058166504 -0.2861299514770508
4.084869384765625 -6.1931047439575195 -0.27523279190063477
4.566410064697266 -7.572115898132324 -0.2719717025756836
5.774322509765625 -7.9535675048828125 -0.28599071502685547
7.3777923583984375 -7.797229290008545 -0.2902522087097168
8.84454345703125 -7.67839241027832 -0.30156373977661133
10.240066528320312 -7.544048309326172 -0.32514429092407227
11.730064392089844 -7.403508186340332 -0.33891916275024414
13.04403305053711 -7.103057861328125 -0.3526487350463867
13.056037902832031 -5.606505393981934 -0.3448667526245117
13.182632446289062 -4.187658309936523 -0.31957483291625977
13.118953704833984 -2.643673896789551 -0.29093170166015625

1
12.930171966552734 7.009733200073242 -0.3914361000061035
12.88577651977539 5.611808776855469 -0.37950658798217773
12.926151275634766 4.150165557861328 -0.3613753318786621
12.952766418457031 2.7198562622070312 -0.3440208435058594
12.966796875 1.2836971282958984 -0.32231807708740234
12.948680877685547 -0.0630941390991211 -0.3173336982727051
12.90488052368164 -1.5300540924072266 -0.29546165466308594
13.623695373535156 -2.208057403564453 -0.2990908622741699
14.904861450195312 -2.14166259765625 -0.30666399002075195
16.499897003173828 -2.020914077758789 -0.30203819274902344
17.69097900390625 -1.7184715270996094 -0.3155083656311035
17.61626434326172 -0.32944202423095703 -0.3093428611755371
17.443603515625 1.123697280883789 -0.3135519027709961
17.348190307617188 2.552215576171875 -0.30416154861450195
17.211715698242188 3.9729461669921875 -0.29763221740722656
17.13263702392578 5.314920425415039 -0.2857198715209961
17.094928741455078 6.774837493896484 -0.28245115280151367
15.886341094970703 7.002744674682617 -0.314119815826416
14.39255142211914 7.010524749755859 -0.3440699577331543
12.937225341796875 6.982311248779297 -0.37763166427612305

2
29.805709838867188 -0.3185920715332031 -0.3061800003051758
28.113754272460938 -0.47473716735839844 -0.32332706451416016
26.390472412109375 -0.6067991256713867 -0.34522533416748047
24.61736297607422 -0.7583513259887695 -0.3677330017089844
22.881614685058594 -0.8932170867919922 -0.37774038314819336
21.133094787597656 -1.0331439971923828 -0.3878006935119629
19.440223693847656 -1.1693105697631836 -0.3859395980834961
17.50931167602539 -1.307417869567871 -0.36681032180786133
16.33853530883789 -0.5828952789306641 -0.3791007995605469
14.886905670166016 -0.29416847229003906 -0.37369394302368164
13.218620300292969 -0.8699045181274414 -0.349822998046875
12.11666488647461 -2.391103744506836 -0.32360029220581055
11.781749725341797 -3.8964004516601562 -0.33912181854248047
11.738147735595703 -5.752425193786621 -0.3629136085510254
12.173404693603516 -7.302371025085449 -0.38681745529174805
13.141563415527344 -7.902040481567383 -0.3801078796386719
13.78470230102539 -9.595659255981445 -0.38588523864746094
13.853996276855469 -11.425025939941406 -0.3925361633300781
13.94809341430664 -13.116994857788086 -0.38937902450561523
14.158374786376953 -14.803873062133789 -0.3647794723510742

2
6.356891632080078 -14.801712036132812 -0.35015058517456055
6.155845642089844 -12.416488647460938 -0.3626279830932617
5.9922943115234375 -10.020086288452148 -0.36240053176879883
5.841499328613281 -7.54549503326416 -0.387115478515625
5.43865966796875 -5.083578109741211 -0.37990522384643555
4.195575714111328 -3.053400993347168 -0.3390846252441406
1.7665023803710938 -2.723085403442383 -0.32424449920654297
-0.6448497772216797 -2.9668941497802734 -0.2794318199157715
-3.09112548828125 -3.1583738327026367 -0.22549724578857422
-5.520576477050781 -3.3775882720947266 -0.1829085350036621
-7.895317077636719 -3.583059310913086 -0.15793752670288086
-10.46881103515625 -3.807927131652832 -0.14510154724121094
-12.984813690185547 -4.02696418762207 -0.14687252044677734
-15.303044319152832 -4.259509086608887 -0.13653564453125
-17.74721908569336 -4.453827857971191 -0.14132928848266602
-20.249492645263672 -4.6459245681762695 -0.13802576065063477
-22.76653289794922 -4.853221893310547 -0.134490966796875
-25.09697723388672 -5.025012016296387 -0.14043283462524414
-27.421077728271484 -5.202557563781738 -0.14330101013183594
-29.849254608154297 -5.319878578186035 -0.13793563842773438

0
7.332462310791016 14.983951568603516 -0.3737459182739258
7.336078643798828 14.914054870605469 -0.3777279853820801
7.358448028564453 14.815557479858398 -0.3768148422241211
7.378658294677734 14.687217712402344 -0.3807544708251953
7.393871307373047 14.569347381591797 -0.37317657470703125
7.4088287353515625 14.460981369018555 -0.37569713592529297
7.430564880371094 14.336103439331055 -0.37241077423095703
7.437965393066406 14.201629638671875 -0.3679986000061035
7.46417236328125 14.095687866210938 -0.3670058250427246
7.490406036376953 13.996065139770508 -0.36933469772338867
7.493091583251953 13.885215759277344 -0.3706398010253906
7.491081237792969 13.76547622680664 -0.3692288398742676
7.489063262939453 13.660577774047852 -0.36679744720458984
7.495964050292969 13.554893493652344 -0.36783838272094727
7.4896392822265625 13.451410293579102 -0.3721604347229004
7.5080413818359375 13.296430587768555 -0.37473630905151367
7.546897888183594 13.167163848876953 -0.3826780319213867
7.552192687988281 13.099945068359375 -0.3806929588317871
7.553985595703125 13.072187423706055 -0.389554500579834
7.554149627685547 12.844291687011719 -0.39464235305786133

