1
2.1231727600097656 10.808649063110352 -0.27260589599609375
2.124401092529297 9.222793579101562 -0.2912864685058594
2.0924072265625 7.567060470581055 -0.302121639251709
1.9433612823486328 6.041879653930664 -0.3191671371459961
3.652446746826172 6.281579971313477 -0.3449573516845703
5.397686004638672 6.451507568359375 -0.34500694274902344
6.849025726318359 6.6262664794921875 -0.34183359146118164
8.289375305175781 6.821588516235352 -0.3469076156616211
9.813858032226562 6.981687545776367 -0.3528599739074707
11.556480407714844 7.218500137329102 -0.3581228256225586
13.116992950439453 7.352117538452148 -0.35376596450805664
12.61458969116211 8.744306564331055 -0.3482990264892578
12.029808044433594 10.238700866699219 -0.3466062545776367
11.489116668701172 11.864383697509766 -0.3409743309020996
10.0166015625 11.792205810546875 -0.31189966201782227
8.422584533691406 11.611705780029297 -0.29868555068969727
6.910411834716797 11.3812255859375 -0.2933073043823242
5.343864440917969 11.210092544555664 -0.2913656234741211
3.711109161376953 10.978094100952148 -0.2795228958129883
2.105304718017578 10.731218338012695 -0.2689981460571289

2
3.2913284301757812 14.81222915649414 -0.3695988655090332
3.4668540954589844 12.64181137084961 -0.3693246841430664
3.7308006286621094 10.453239440917969 -0.3834099769592285
4.0081939697265625 8.204998016357422 -0.41415834426879883
3.014019012451172 6.3117523193359375 -0.3520512580871582
0.976348876953125 5.535135269165039 -0.3318819999694824
-1.3827667236328125 5.327762603759766 -0.29264116287231445
-3.6620922088623047 5.1329193115234375 -0.2567305564880371
-5.814657211303711 4.886058807373047 -0.21992206573486328
-7.802482604980469 4.689981460571289 -0.1983499526977539
-10.054414749145508 4.478946685791016 -0.19089412689208984
-12.200569152832031 4.233665466308594 -0.16752147674560547
-14.418807983398438 4.010597229003906 -0.15694808959960938
-16.640506744384766 3.797687530517578 -0.13790178298950195
-18.756755828857422 3.5307998657226562 -0.12382984161376953
-21.17812728881836 3.287017822265625 -0.11709451675415039
-23.426353454589844 3.059478759765625 -0.1028294563293457
-25.61741065979004 2.842538833618164 -0.07851743698120117
-27.742462158203125 2.596506118774414 -0.07521295547485352
-29.82347869873047 2.426219940185547 -0.06331253051757812

2
29.856292724609375 8.5311279296875 -0.2717742919921875
28.562213897705078 8.488529205322266 -0.280731201171875
27.282608032226562 8.376476287841797 -0.28323793411254883
25.960975646972656 8.208412170410156 -0.30289316177368164
24.674327850341797 8.068634033203125 -0.3031148910522461
23.29296875 7.942920684814453 -0.30890560150146484
21.89046859741211 7.8094482421875 -0.3174777030944824
20.74875259399414 7.700178146362305 -0.32613325119018555
19.319015502929688 7.565361022949219 -0.3414297103881836
17.94485092163086 7.454273223876953 -0.34259557723999023
16.728370666503906 7.330808639526367 -0.3494734764099121
15.543472290039062 7.266155242919922 -0.3570871353149414
14.158374786376953 7.147880554199219 -0.34884166717529297
12.905216217041016 7.51325798034668 -0.3509035110473633
12.113883972167969 8.30074691772461 -0.34644079208374023
11.516082763671875 9.648178100585938 -0.34647464752197266
11.353225708007812 10.981460571289062 -0.3439979553222656
11.279232025146484 12.200511932373047 -0.3278622627258301
11.161731719970703 13.567716598510742 -0.3364701271057129
11.06119155883789 14.817733764648438 -0.3405165672302246

1
12.950691223144531 -2.4202404022216797 -0.29277896881103516
11.475887298583984 -2.495591163635254 -0.2925100326538086
10.000534057617188 -2.648371696472168 -0.29567670822143555
8.401412963867188 -2.7883386611938477 -0.29264354705810547
6.859729766845703 -2.8832807540893555 -0.28244495391845703
5.5740966796875 -3.020397186279297 -0.28989553451538086
4.0696868896484375 -3.1603527069091797 -0.29381847381591797
2.6017913818359375 -3.34426212310791 -0.2881951332092285
3.273681640625 -4.703982353210449 -0.28809690475463867
3.9033775329589844 -6.077902793884277 -0.2773127555847168
4.407382965087891 -7.449537754058838 -0.2716851234436035
5.574604034423828 -7.799648761749268 -0.287689208984375
7.168235778808594 -7.630644798278809 -0.2934684753417969
8.66140365600586 -7.507105827331543 -0.30713653564453125
10.04416275024414 -7.347832202911377 -0.3318662643432617
11.550792694091797 -7.195908069610596 -0.34687089920043945
12.866355895996094 -6.866703987121582 -0.3588676452636719
12.882266998291016 -5.384979248046875 -0.3487696647644043
12.954109191894531 -3.9938135147094727 -0.3239297866821289
12.890472412109375 -2.3937110900878906 -0.3064451217651367

2
29.81829833984375 0.23824596405029297 -0.3380565643310547
28.064250946044922 0.08887386322021484 -0.35264062881469727
26.301315307617188 -0.10813426971435547 -0.3642697334289551
24.49245834350586 -0.27480125427246094 -0.38432741165161133
22.70551300048828 -0.4396934509277344 -0.39364004135131836
20.945213317871094 -0.5842323303222656 -0.4016890525817871
19.235157012939453 -0.7432775497436523 -0.4010167121887207
17.26251983642578 -0.9015903472900391 -0.38375329971313477
16.116153717041016 -0.38918018341064453 -0.3940749168395996
14.622058868408203 -0.07779502868652344 -0.383028507232666
12.987369537353516 -0.6452970504760742 -0.36069774627685547
11.792320251464844 -2.1965484619140625 -0.3344407081604004
11.560733795166016 -3.7645492553710938 -0.34981775283813477
11.533260345458984 -5.616508483886719 -0.37424802780151367
12.064834594726562 -7.142593860626221 -0.3988790512084961
13.075695037841797 -7.762448310852051 -0.3914680480957031
13.666812896728516 -9.543964385986328 -0.3995547294616699
13.759540557861328 -11.39576244354248 -0.4091200828552246
13.906692504882812 -13.068327903747559 -0.40957021713256836
14.197559356689453 -14.800021171569824 -0.38546180725097656

1
12.480453491210938 7.230417251586914 -0.395540714263916
12.496086120605469 5.868629455566406 -0.3805966377258301
12.558101654052734 4.406166076660156 -0.36228227615356445
12.615470886230469 2.9586563110351562 -0.34801530838012695
12.603370666503906 1.5263481140136719 -0.33103227615356445
12.659263610839844 0.12472248077392578 -0.32046031951904297
12.662567138671875 -1.2847108840942383 -0.30692195892333984
13.368610382080078 -1.9310998916625977 -0.3046841621398926
14.638919830322266 -1.8448286056518555 -0.31760168075561523
16.233802795410156 -1.692286491394043 -0.3146038055419922
17.401077270507812 -1.3935203552246094 -0.32453393936157227
17.295032501220703 -0.05878734588623047 -0.3173789978027344
17.119792938232422 1.4129371643066406 -0.3170180320739746
16.941761016845703 2.8348731994628906 -0.3119645118713379
16.837451934814453 4.2319488525390625 -0.30316781997680664
16.69287109375 5.634737014770508 -0.2941408157348633
16.60143280029297 7.098213195800781 -0.28963375091552734
15.426971435546875 7.316225051879883 -0.32518768310546875
13.954349517822266 7.259494781494141 -0.3525729179382324
12.499813079833984 7.22722053527832 -0.383084774017334

2
6.4741668701171875 -14.803631782531738 -0.3700747489929199
6.1714630126953125 -12.432083129882812 -0.3820624351501465
5.918460845947266 -10.035021781921387 -0.3774724006652832
5.711605072021484 -7.5599751472473145 -0.392697811126709
5.274803161621094 -5.125572204589844 -0.38573265075683594
4.094570159912109 -3.061680793762207 -0.3430018424987793
1.6649856567382812 -2.687774658203125 -0.32787466049194336
-0.7507743835449219 -2.9805641174316406 -0.2812471389770508
-3.187652587890625 -3.2076940536499023 -0.2250652313232422
-5.59541130065918 -3.46420955657959 -0.18096208572387695
-7.9412384033203125 -3.7114696502685547 -0.15398740768432617
-10.466423034667969 -4.00322151184082 -0.14335155487060547
-13.00063705444336 -4.270135879516602 -0.14227724075317383
-15.35513973236084 -4.516626358032227 -0.13097000122070312
-17.77704429626465 -4.783468246459961 -0.13555431365966797
-20.315025329589844 -5.020347595214844 -0.1303844451904297
-22.772846221923828 -5.2660064697265625 -0.12944841384887695
-25.04230308532715 -5.486337661743164 -0.1340799331665039
-27.44692611694336 -5.702664375305176 -0.1332712173461914
-29.844276428222656 -5.878969192504883 -0.13608074188232422

0
6.799434661865234 14.982877731323242 -0.35281848907470703
6.762104034423828 14.920804977416992 -0.35209226608276367
6.8036346435546875 14.827585220336914 -0.3529233932495117
6.81964111328125 14.705421447753906 -0.35930824279785156
6.832088470458984 14.601160049438477 -0.34882450103759766
6.840843200683594 14.504444122314453 -0.35082435607910156
6.865913391113281 14.388729095458984 -0.34691286087036133
6.870079040527344 14.272768020629883 -0.34371137619018555
6.9117584228515625 14.165966033935547 -0.3451676368713379
6.928581237792969 14.076333999633789 -0.34774112701416016
6.9526519775390625 13.984352111816406 -0.349581241607666
6.9485626220703125 13.863401412963867 -0.34804725646972656
6.9308624267578125 13.772315979003906 -0.3464202880859375
6.92730712890625 13.69039535522461 -0.3454108238220215
6.9200439453125 13.555944442749023 -0.3504176139831543
6.950222015380859 13.444583892822266 -0.35364532470703125
6.982288360595703 13.351707458496094 -0.35523176193237305
6.987800598144531 13.25782585144043 -0.35819482803344727
6.970085144042969 13.211681365966797 -0.370697021484375
6.931640625 12.982198715209961 -0.37903738021850586

1
2.5609169006347656 6.903921127319336 -0.3308134078979492
0.747344970703125 6.69774055480957 -0.2792329788208008
-0.9126052856445312 6.614604949951172 -0.24718618392944336
-2.21063232421875 6.15245246887207 -0.22730207443237305
-1.997457504272461 4.637369155883789 -0.21042299270629883
-1.7841758728027344 2.914224624633789 -0.20333290100097656
-1.5871315002441406 1.592538833618164 -0.2115612030029297
-1.510305404663086 -0.2111196517944336 -0.2064208984375
-1.322265625 -1.7911758422851562 -0.2052745819091797
-1.199197769165039 -3.500316619873047 -0.20681047439575195
0.3748359680175781 -3.987455368041992 -0.2357316017150879
1.9816226959228516 -4.100975036621094 -0.2658233642578125
3.6445541381835938 -4.085184097290039 -0.30065250396728516
3.6976165771484375 -2.7735671997070312 -0.30196237564086914
3.4952545166015625 -1.2128973007202148 -0.3195514678955078
3.2497100830078125 0.37975406646728516 -0.32239532470703125
3.1285781860351562 2.0458927154541016 -0.31476402282714844
2.9312782287597656 3.757497787475586 -0.30089569091796875
2.769878387451172 5.23423957824707 -0.32097339630126953
2.4803924560546875 6.940853118896484 -0.3360257148742676

