1
1.6067085266113281 10.81344985961914 -0.2513003349304199
1.5974769592285156 9.197288513183594 -0.2724018096923828
1.5976066589355469 7.535615921020508 -0.2973494529724121
1.5669708251953125 6.06804084777832 -0.3131399154663086
3.203460693359375 6.317058563232422 -0.33423519134521484
4.889137268066406 6.532867431640625 -0.3322725296020508
6.365482330322266 6.726308822631836 -0.3207111358642578
7.856510162353516 6.942413330078125 -0.3236885070800781
9.40472412109375 7.139413833618164 -0.32569456100463867
11.09060287475586 7.440288543701172 -0.33098649978637695
12.564739227294922 7.608203887939453 -0.3359389305114746
12.108943939208984 9.040273666381836 -0.3228759765625
11.541400909423828 10.521516799926758 -0.31362104415893555
10.88177490234375 12.125883102416992 -0.30368709564208984
9.41314697265625 12.005758285522461 -0.27982091903686523
7.89862060546875 11.782974243164062 -0.2683119773864746
6.303577423095703 11.529077529907227 -0.2681899070739746
4.766151428222656 11.300027847290039 -0.26441526412963867
3.1268844604492188 11.053062438964844 -0.2581443786621094
1.593719482421875 10.742382049560547 -0.25568532943725586

2
2.666210174560547 14.808374404907227 -0.3472261428833008
2.8584327697753906 12.68096923828125 -0.34949588775634766
3.19122314453125 10.50257682800293 -0.3625478744506836
3.502246856689453 8.297651290893555 -0.40522289276123047
2.5389633178710938 6.365016937255859 -0.3397340774536133
0.5995063781738281 5.563518524169922 -0.32850122451782227
-1.6946487426757812 5.300445556640625 -0.2885093688964844
-3.946901321411133 5.0691375732421875 -0.2563343048095703
-6.154695510864258 4.784002304077148 -0.22512197494506836
-8.125469207763672 4.53497314453125 -0.20923137664794922
-10.313884735107422 4.273550033569336 -0.20729780197143555
-12.471763610839844 3.967182159423828 -0.18384313583374023
-14.672019958496094 3.7355880737304688 -0.17229318618774414
-16.861955642700195 3.478422164916992 -0.1571183204650879
-18.98475456237793 3.1845054626464844 -0.1448526382446289
-21.334056854248047 2.8947391510009766 -0.1394648551940918
-23.5170955657959 2.6029052734375 -0.12868404388427734
-25.69040870666504 2.3196239471435547 -0.10891342163085938
-27.78046417236328 2.070772171020508 -0.09814453125
-29.83677101135254 1.7962398529052734 -0.0825495719909668

1
2.0588836669921875 6.8754119873046875 -0.3030891418457031
0.39067649841308594 6.66383171081543 -0.2532839775085449
-1.3134956359863281 6.538431167602539 -0.2046360969543457
-2.564281463623047 6.064607620239258 -0.17872381210327148
-2.373950958251953 4.508098602294922 -0.17591142654418945
-2.2007198333740234 2.900646209716797 -0.17803478240966797
-2.003694534301758 1.3808708190917969 -0.18816184997558594
-1.8688488006591797 -0.31419849395751953 -0.19092988967895508
-1.6544990539550781 -1.8096904754638672 -0.19758129119873047
-1.374074935913086 -3.485322952270508 -0.2143230438232422
0.0002040863037109375 -3.924581527709961 -0.24834108352661133
1.5957183837890625 -4.016566276550293 -0.273773193359375
3.3298988342285156 -4.021309852600098 -0.2998065948486328
3.3423309326171875 -2.746915817260742 -0.30293750762939453
3.0452423095703125 -1.1674270629882812 -0.3053927421569824
2.7897109985351562 0.4603586196899414 -0.31638193130493164
2.733539581298828 2.012165069580078 -0.3060750961303711
2.4656753540039062 3.7424793243408203 -0.2881293296813965
2.293468475341797 5.260663986206055 -0.2922992706298828
2.026439666748047 6.929006576538086 -0.29300928115844727

2
29.86194610595703 9.262432098388672 -0.20410537719726562
28.527538299560547 9.108512878417969 -0.21801376342773438
27.28075408935547 8.968107223510742 -0.22220945358276367
25.924434661865234 8.815359115600586 -0.24188566207885742
24.621761322021484 8.645109176635742 -0.24097299575805664
23.216346740722656 8.478536605834961 -0.2584404945373535
21.878040313720703 8.295772552490234 -0.26787233352661133
20.69591522216797 8.142854690551758 -0.27100372314453125
19.2200927734375 7.953716278076172 -0.2924833297729492
17.921829223632812 7.837930679321289 -0.30075979232788086
16.687347412109375 7.700325012207031 -0.3059577941894531
15.378822326660156 7.549100875854492 -0.3262643814086914
14.035175323486328 7.387704849243164 -0.3207731246948242
12.70428466796875 7.551349639892578 -0.3207826614379883
11.812206268310547 8.269357681274414 -0.326901912689209
11.084487915039062 9.69569206237793 -0.3238215446472168
10.8740234375 10.990190505981445 -0.32031822204589844
10.750965118408203 12.14881706237793 -0.3061943054199219
10.589702606201172 13.548173904418945 -0.31501007080078125
10.424385070800781 14.811580657958984 -0.3123769760131836

1
12.714794158935547 -2.1544418334960938 -0.28327322006225586
11.204978942871094 -2.2566356658935547 -0.28388452529907227
9.757362365722656 -2.440037727355957 -0.2862262725830078
8.146671295166016 -2.631214141845703 -0.28700780868530273
6.660362243652344 -2.757312774658203 -0.2818622589111328
5.319713592529297 -2.9235172271728516 -0.28779077529907227
3.8676605224609375 -3.1118688583374023 -0.2910943031311035
2.357807159423828 -3.3136892318725586 -0.28787708282470703
3.0442466735839844 -4.651045799255371 -0.28565216064453125
3.6947364807128906 -6.016439437866211 -0.2758622169494629
4.269519805908203 -7.4019775390625 -0.27025270462036133
5.3987579345703125 -7.735944747924805 -0.28752803802490234
7.009616851806641 -7.499391078948975 -0.2942037582397461
8.499500274658203 -7.339349269866943 -0.31083011627197266
9.864643096923828 -7.145516395568848 -0.3305492401123047
11.391304016113281 -6.940347671508789 -0.3431272506713867
12.715728759765625 -6.615517616271973 -0.3552088737487793
12.687183380126953 -5.114948272705078 -0.33763599395751953
12.686626434326172 -3.7109851837158203 -0.30907726287841797
12.654056549072266 -2.1123666763305664 -0.29447269439697266

1
12.035911560058594 7.460775375366211 -0.3706364631652832
12.019851684570312 6.053260803222656 -0.34914493560791016
12.171695709228516 4.659748077392578 -0.3404231071472168
12.236457824707031 3.259368896484375 -0.3232865333557129
12.240768432617188 1.8316612243652344 -0.3095278739929199
12.307498931884766 0.3398323059082031 -0.3007340431213379
12.357772827148438 -1.046194076538086 -0.2928495407104492
13.10089111328125 -1.6659717559814453 -0.29680490493774414
14.416019439697266 -1.5401897430419922 -0.3036031723022461
15.920528411865234 -1.4104595184326172 -0.309816837310791
17.101375579833984 -1.0580148696899414 -0.31584644317626953
16.953216552734375 0.2643852233886719 -0.3030719757080078
16.72216796875 1.7273273468017578 -0.30209922790527344
16.597755432128906 3.1578197479248047 -0.28679990768432617
16.46445083618164 4.575935363769531 -0.2730674743652344
16.265655517578125 5.980157852172852 -0.2596158981323242
16.201950073242188 7.384124755859375 -0.24935674667358398
14.941898345947266 7.563875198364258 -0.2861952781677246
13.5206298828125 7.508087158203125 -0.31456470489501953
12.029804229736328 7.465116500854492 -0.3473825454711914

2
29.82202911376953 0.8794765472412109 -0.29888153076171875
28.034523010253906 0.7073965072631836 -0.3208479881286621
26.27435302734375 0.5019931793212891 -0.3392524719238281
24.434913635253906 0.2639007568359375 -0.3560810089111328
22.640220642089844 0.033202171325683594 -0.37173986434936523
20.84510040283203 -0.17471599578857422 -0.3800516128540039
19.04910659790039 -0.3438100814819336 -0.3822293281555176
17.00782012939453 -0.5273513793945312 -0.364260196685791
15.834327697753906 -0.08289718627929688 -0.37479066848754883
14.267776489257812 0.25514793395996094 -0.37393760681152344
12.778724670410156 -0.38936710357666016 -0.3455777168273926
11.549259185791016 -1.954808235168457 -0.3275923728942871
11.318862915039062 -3.6152658462524414 -0.34531068801879883
11.374504089355469 -5.491560935974121 -0.3694286346435547
12.033309936523438 -6.962221145629883 -0.3982419967651367
13.062942504882812 -7.625063419342041 -0.39296674728393555
13.584537506103516 -9.459203720092773 -0.4017305374145508
13.74667739868164 -11.32961654663086 -0.41503334045410156
13.945365905761719 -13.04358196258545 -0.41882944107055664
14.264457702636719 -14.800390243530273 -0.3909635543823242

2
6.566333770751953 -14.806842803955078 -0.3829460144042969
6.183872222900391 -12.453292846679688 -0.39031982421875
5.853584289550781 -10.047983169555664 -0.37791013717651367
5.570514678955078 -7.577121734619141 -0.38988637924194336
5.107341766357422 -5.191899299621582 -0.3841066360473633
3.973876953125 -3.078054428100586 -0.3435549736022949
1.6211872100830078 -2.6464176177978516 -0.3309335708618164
-0.8400154113769531 -2.9529895782470703 -0.2903914451599121
-3.253223419189453 -3.223297119140625 -0.23568296432495117
-5.67376708984375 -3.5464115142822266 -0.19202136993408203
-7.950578689575195 -3.8491430282592773 -0.16440391540527344
-10.47602653503418 -4.196319580078125 -0.15355730056762695
-12.992389678955078 -4.5302276611328125 -0.1622161865234375
-15.39166259765625 -4.807084083557129 -0.15471363067626953
-17.863262176513672 -5.121824264526367 -0.16555452346801758
-20.396947860717773 -5.449311256408691 -0.16257619857788086
-22.794265747070312 -5.717855453491211 -0.1598663330078125
-25.017370223999023 -5.978768348693848 -0.16905736923217773
-27.434364318847656 -6.221457481384277 -0.17081880569458008
-29.83623695373535 -6.514288902282715 -0.1713418960571289

0
6.143585205078125 14.983858108520508 -0.3276505470275879
6.170063018798828 14.930225372314453 -0.31981945037841797
6.160312652587891 14.84349250793457 -0.31534719467163086
6.204944610595703 14.735673904418945 -0.32750844955444336
6.2230377197265625 14.637985229492188 -0.32056283950805664
6.245571136474609 14.53900146484375 -0.3257288932800293
6.281841278076172 14.440973281860352 -0.32506322860717773
6.299522399902344 14.322366714477539 -0.3196744918823242
6.299461364746094 14.210222244262695 -0.32402753829956055
6.316669464111328 14.111968994140625 -0.3253331184387207
6.333473205566406 14.036888122558594 -0.32650041580200195
6.333984375 13.95541000366211 -0.3260021209716797
6.329357147216797 13.880910873413086 -0.32387495040893555
6.336925506591797 13.808691024780273 -0.31972503662109375
6.345436096191406 13.680276870727539 -0.31943750381469727
6.371307373046875 13.558135986328125 -0.32329368591308594
6.396678924560547 13.456157684326172 -0.3260989189147949
6.417091369628906 13.371614456176758 -0.3304309844970703
6.39007568359375 13.287788391113281 -0.34026193618774414
6.374797821044922 13.103458404541016 -0.3524513244628906

