1
1.0152263641357422 10.849407196044922 -0.20512056350708008
1.072103500366211 9.189743041992188 -0.23799705505371094
1.0878429412841797 7.510440826416016 -0.28325653076171875
1.1139183044433594 6.056507110595703 -0.29766273498535156
2.794628143310547 6.364179611206055 -0.3139519691467285
4.30487060546875 6.629301071166992 -0.3118739128112793
5.8874969482421875 6.843837738037109 -0.297454833984375
7.4350738525390625 7.118741989135742 -0.28478097915649414
8.928211212158203 7.375852584838867 -0.2836761474609375
10.569080352783203 7.697719573974609 -0.28675270080566406
12.050823211669922 7.890819549560547 -0.2927579879760742
11.598388671875 9.265546798706055 -0.27782678604125977
10.983234405517578 10.708980560302734 -0.2625870704650879
10.275257110595703 12.268863677978516 -0.24207305908203125
8.78701400756836 12.187726974487305 -0.22167539596557617
7.259181976318359 11.936017990112305 -0.21958541870117188
5.692279815673828 11.631473541259766 -0.21625089645385742
4.168479919433594 11.372211456298828 -0.2163100242614746
2.5592422485351562 11.090461730957031 -0.20731687545776367
1.0377864837646484 10.772201538085938 -0.20180463790893555

2
29.857791900634766 10.005252838134766 -0.14409732818603516
28.56430435180664 9.867898941040039 -0.15952587127685547
27.233600616455078 9.667593002319336 -0.17423725128173828
25.889118194580078 9.478139877319336 -0.20035743713378906
24.4393310546875 9.262374877929688 -0.19416475296020508
23.09775161743164 9.073184967041016 -0.21823596954345703
21.72476577758789 8.846694946289062 -0.23551273345947266
20.448299407958984 8.632820129394531 -0.24065113067626953
19.08501434326172 8.449495315551758 -0.25444746017456055
17.829875946044922 8.281234741210938 -0.2623133659362793
16.690135955810547 8.130027770996094 -0.2673311233520508
15.17580795288086 7.944528579711914 -0.2839040756225586
13.902774810791016 7.744758605957031 -0.28690147399902344
12.431427001953125 7.747274398803711 -0.29161596298217773
11.519783020019531 8.365196228027344 -0.304903507232666
10.657516479492188 9.640817642211914 -0.30228757858276367
10.345962524414062 10.884899139404297 -0.29226255416870117
10.193500518798828 12.131315231323242 -0.2817988395690918
9.972366333007812 13.486124038696289 -0.26862239837646484
9.81036376953125 14.812551498413086 -0.2611708641052246

2
1.9187698364257812 14.812583923339844 -0.294403076171875
2.2053451538085938 12.696420669555664 -0.3121776580810547
2.6695022583007812 10.559579849243164 -0.3282647132873535
2.9900856018066406 8.390167236328125 -0.38225555419921875
2.1565589904785156 6.452899932861328 -0.32631683349609375
0.23732948303222656 5.579792022705078 -0.31662607192993164
-2.005186080932617 5.265951156616211 -0.2748908996582031
-4.202850341796875 5.011743545532227 -0.24709749221801758
-6.443023681640625 4.670324325561523 -0.22263383865356445
-8.372922897338867 4.351345062255859 -0.21124029159545898
-10.56850814819336 4.007303237915039 -0.20745229721069336
-12.649574279785156 3.680696487426758 -0.1897115707397461
-14.812606811523438 3.392850875854492 -0.1813492774963379
-17.06876564025879 3.1003341674804688 -0.1676158905029297
-19.14873695373535 2.766439437866211 -0.15947484970092773
-21.434967041015625 2.404132843017578 -0.16228389739990234
-23.61656951904297 2.111713409423828 -0.1518721580505371
-25.773488998413086 1.8042259216308594 -0.12616682052612305
-27.833608627319336 1.516775131225586 -0.12208986282348633
-29.84351348876953 1.222066879272461 -0.1121068000793457

1
11.534648895263672 7.737466812133789 -0.338714599609375
11.57138442993164 6.361461639404297 -0.31897449493408203
11.756256103515625 4.955144882202148 -0.31210994720458984
11.881973266601562 3.6000194549560547 -0.29984426498413086
11.895946502685547 2.132539749145508 -0.2879667282104492
11.964679718017578 0.6238832473754883 -0.2821812629699707
12.039447784423828 -0.8097343444824219 -0.2744407653808594
12.862972259521484 -1.3596916198730469 -0.2837200164794922
14.15218734741211 -1.198516845703125 -0.2930331230163574
15.665172576904297 -1.0019521713256836 -0.3001747131347656
16.798934936523438 -0.6612634658813477 -0.3066692352294922
16.674449920654297 0.7092103958129883 -0.2888331413269043
16.377056121826172 2.1363525390625 -0.2782926559448242
16.23459243774414 3.5631160736083984 -0.2633085250854492
16.052444458007812 4.934724807739258 -0.24034357070922852
15.80032730102539 6.352027893066406 -0.2275409698486328
15.685203552246094 7.765727996826172 -0.21537208557128906
14.475257873535156 7.902503967285156 -0.2488083839416504
12.980106353759766 7.817140579223633 -0.27876853942871094
11.556404113769531 7.7459259033203125 -0.31182861328125

1
12.41292953491211 -1.8597688674926758 -0.27853965759277344
10.972209930419922 -1.995774269104004 -0.28065061569213867
9.478008270263672 -2.223729133605957 -0.2824711799621582
7.904354095458984 -2.442885398864746 -0.28987693786621094
6.48333740234375 -2.59967041015625 -0.28526973724365234
5.073390960693359 -2.795604705810547 -0.28845882415771484
3.7022171020507812 -3.030575752258301 -0.29044198989868164
2.1220703125 -3.2680606842041016 -0.29042673110961914
2.8531417846679688 -4.596930503845215 -0.2922511100769043
3.5084686279296875 -5.916715621948242 -0.2852654457092285
4.0916595458984375 -7.2897539138793945 -0.28644561767578125
5.234325408935547 -7.590274333953857 -0.29813146591186523
6.821769714355469 -7.3241167068481445 -0.30115842819213867
8.334037780761719 -7.153417587280273 -0.31881237030029297
9.690628051757812 -6.933010101318359 -0.3352513313293457
11.187858581542969 -6.691974639892578 -0.34484243392944336
12.506244659423828 -6.285282135009766 -0.35826921463012695
12.472557067871094 -4.835275650024414 -0.3375101089477539
12.441951751708984 -3.4129581451416016 -0.3070392608642578
12.332500457763672 -1.8429288864135742 -0.29108524322509766

2
29.835620880126953 1.6686382293701172 -0.2672557830810547
28.042240142822266 1.4423294067382812 -0.29015064239501953
26.197635650634766 1.1022300720214844 -0.31017160415649414
24.309871673583984 0.8230800628662109 -0.32387781143188477
22.544830322265625 0.5452432632446289 -0.3523855209350586
20.674591064453125 0.2920064926147461 -0.3658742904663086
18.82398223876953 0.0529022216796875 -0.36384057998657227
16.707469940185547 -0.17459774017333984 -0.3469557762145996
15.48443603515625 0.24511146545410156 -0.3633909225463867
14.044837951660156 0.5814580917358398 -0.36309099197387695
12.418754577636719 -0.05086708068847656 -0.3360471725463867
11.25472640991211 -1.6691389083862305 -0.32129383087158203
11.054924011230469 -3.478771209716797 -0.3456864356994629
11.202529907226562 -5.404603004455566 -0.3710198402404785
11.967948913574219 -6.6884765625 -0.40202856063842773
13.024444580078125 -7.471443176269531 -0.40160274505615234
13.507328033447266 -9.362014770507812 -0.40816688537597656
13.758464813232422 -11.277353286743164 -0.42817115783691406
14.00374984741211 -13.032007217407227 -0.44302988052368164
14.340187072753906 -14.799407005310059 -0.41510915756225586

1
1.6047840118408203 6.897182464599609 -0.2780013084411621
-0.0810394287109375 6.656867980957031 -0.23405075073242188
-1.6686782836914062 6.478551864624023 -0.18837356567382812
-2.9307212829589844 6.009550094604492 -0.1598191261291504
-2.6936264038085938 4.452463150024414 -0.16108417510986328
-2.522960662841797 2.9185733795166016 -0.1675734519958496
-2.2793712615966797 1.3479804992675781 -0.17932510375976562
-2.088672637939453 -0.3605613708496094 -0.18683958053588867
-1.8520145416259766 -1.881744384765625 -0.1997380256652832
-1.4774360656738281 -3.489917755126953 -0.21675395965576172
-0.1905345916748047 -3.9208526611328125 -0.25281763076782227
1.3622760772705078 -3.965496063232422 -0.27342844009399414
3.0502395629882812 -3.927586555480957 -0.3036813735961914
3.093280792236328 -2.641119956970215 -0.3003501892089844
2.7251243591308594 -1.021841049194336 -0.29564952850341797
2.5466346740722656 0.5096826553344727 -0.3039860725402832
2.3796539306640625 2.047332763671875 -0.2968020439147949
2.0862503051757812 3.7634525299072266 -0.27669858932495117
1.8540897369384766 5.298931121826172 -0.2708759307861328
1.589315414428711 6.955198287963867 -0.2594943046569824

0
5.591495513916016 14.986042022705078 -0.2687554359436035
5.603511810302734 14.939336776733398 -0.25538063049316406
5.587005615234375 14.869457244873047 -0.2582058906555176
5.607051849365234 14.777000427246094 -0.2702174186706543
5.604648590087891 14.677061080932617 -0.26047468185424805
5.6279144287109375 14.57447624206543 -0.2641735076904297
5.651424407958984 14.487503051757812 -0.2676730155944824
5.654884338378906 14.400447845458984 -0.26129674911499023
5.6756134033203125 14.284906387329102 -0.267611026763916
5.677703857421875 14.18985366821289 -0.2724795341491699
5.6942138671875 14.109607696533203 -0.27310800552368164
5.717159271240234 14.025428771972656 -0.2703976631164551
5.714389801025391 13.951665878295898 -0.2675457000732422
5.735355377197266 13.881969451904297 -0.2638101577758789
5.729576110839844 13.7823486328125 -0.2646803855895996
5.738716125488281 13.665679931640625 -0.2663569450378418
5.735343933105469 13.560659408569336 -0.2683591842651367
5.754692077636719 13.494619369506836 -0.2680244445800781
5.7365570068359375 13.403797149658203 -0.2771787643432617
5.7695770263671875 13.264190673828125 -0.2915058135986328

2
6.620792388916016 -14.80794906616211 -0.42304277420043945
6.129756927490234 -12.473644256591797 -0.4118313789367676
5.759742736816406 -10.065102577209473 -0.39429569244384766
5.438591003417969 -7.569389820098877 -0.3994326591491699
4.985652923583984 -5.222290992736816 -0.38770437240600586
3.9382171630859375 -3.1176223754882812 -0.35061168670654297
1.5501346588134766 -2.603940963745117 -0.3382840156555176
-0.9381828308105469 -2.9453210830688477 -0.30211877822875977
-3.275379180908203 -3.2722883224487305 -0.25233983993530273
-5.777605056762695 -3.663848876953125 -0.21102380752563477
-7.992771148681641 -4.015677452087402 -0.18275690078735352
-10.530847549438477 -4.405512809753418 -0.17481040954589844
-13.01279067993164 -4.806644439697266 -0.18598699569702148
-15.440374374389648 -5.1451873779296875 -0.1859736442565918
-17.97466468811035 -5.513627052307129 -0.1973896026611328
-20.4464111328125 -5.862041473388672 -0.2015395164489746
-22.781253814697266 -6.201932907104492 -0.20138263702392578
-25.07550048828125 -6.500125885009766 -0.21546411514282227
-27.43976593017578 -6.8512468338012695 -0.2250537872314453
-29.84890365600586 -7.195891857147217 -0.22272729873657227

