1
0.3978862762451172 10.872102737426758 -0.19005775451660156
0.582672119140625 9.194084167480469 -0.22153949737548828
0.6246757507324219 7.508344650268555 -0.2827119827270508
0.7332878112792969 6.065864562988281 -0.29587221145629883
2.3782119750976562 6.413015365600586 -0.31092119216918945
3.9065170288085938 6.729818344116211 -0.3084254264831543
5.410163879394531 6.965549468994141 -0.2964959144592285
6.900245666503906 7.255594253540039 -0.282379150390625
8.466114044189453 7.622880935668945 -0.27770519256591797
10.109146118164062 7.974842071533203 -0.2696652412414551
11.644268035888672 8.18408203125 -0.27461814880371094
11.139724731445312 9.601926803588867 -0.2619938850402832
10.445457458496094 11.029132843017578 -0.2389378547668457
9.687255859375 12.516105651855469 -0.21600914001464844
8.222423553466797 12.354276657104492 -0.19830751419067383
6.6516265869140625 12.089548110961914 -0.19740629196166992
5.131141662597656 11.764307022094727 -0.19792461395263672
3.6000213623046875 11.471332550048828 -0.20037221908569336
1.9680824279785156 11.138956069946289 -0.19257068634033203
0.3919029235839844 10.79928207397461 -0.18313837051391602

2
1.236562728881836 14.812847137451172 -0.28372669219970703
1.6115741729736328 12.76582145690918 -0.30055809020996094
2.113018035888672 10.627983093261719 -0.31534719467163086
2.466033935546875 8.470880508422852 -0.3704862594604492
1.6862449645996094 6.521556854248047 -0.3215909004211426
-0.15647125244140625 5.579217910766602 -0.31572437286376953
-2.3171157836914062 5.234153747558594 -0.27710437774658203
-4.549449920654297 4.915233612060547 -0.24661874771118164
-6.760692596435547 4.534664154052734 -0.22334051132202148
-8.716033935546875 4.147428512573242 -0.21419525146484375
-10.888525009155273 3.740985870361328 -0.20723772048950195
-12.880365371704102 3.397846221923828 -0.19359540939331055
-15.006559371948242 3.0359954833984375 -0.18944644927978516
-17.281944274902344 2.675678253173828 -0.17891454696655273
-19.299640655517578 2.2924251556396484 -0.16814136505126953
-21.55532455444336 1.9011173248291016 -0.16570329666137695
-23.718021392822266 1.5453071594238281 -0.15406513214111328
-25.866252899169922 1.179718017578125 -0.13954544067382812
-27.878028869628906 0.8384065628051758 -0.13141250610351562
-29.844247817993164 0.4578065872192383 -0.12543249130249023

2
29.820423126220703 10.777265548706055 -0.08711385726928711
28.562774658203125 10.550851821899414 -0.11655044555664062
27.29098129272461 10.379718780517578 -0.12501239776611328
25.902240753173828 10.145013809204102 -0.14664220809936523
24.55099105834961 9.944829940795898 -0.13020610809326172
23.319705963134766 9.739519119262695 -0.15761709213256836
21.802017211914062 9.499208450317383 -0.16107892990112305
20.433677673339844 9.283254623413086 -0.16917085647583008
19.131771087646484 9.068206787109375 -0.18047428131103516
17.713115692138672 8.79470443725586 -0.21088504791259766
16.46192169189453 8.595298767089844 -0.2309565544128418
15.129692077636719 8.375579833984375 -0.22859907150268555
13.852611541748047 8.10875129699707 -0.2435903549194336
12.421241760253906 8.001495361328125 -0.2653656005859375
11.075298309326172 8.396778106689453 -0.27723264694213867
10.211982727050781 9.561676025390625 -0.2804694175720215
9.829776763916016 10.780590057373047 -0.2467341423034668
9.641490936279297 12.119823455810547 -0.22287464141845703
9.415557861328125 13.519233703613281 -0.2315082550048828
9.277801513671875 14.802104949951172 -0.22300243377685547

1
11.037765502929688 8.08114242553711 -0.31912755966186523
11.121971130371094 6.655202865600586 -0.30379390716552734
11.354515075683594 5.2155914306640625 -0.30173301696777344
11.45937728881836 3.8753528594970703 -0.289736270904541
11.585647583007812 2.401165008544922 -0.2803788185119629
11.643150329589844 0.8948831558227539 -0.27205848693847656
11.735233306884766 -0.5113325119018555 -0.26395511627197266
12.58297348022461 -1.1346940994262695 -0.27884960174560547
13.909259796142578 -0.8929023742675781 -0.28716325759887695
15.407115936279297 -0.6762447357177734 -0.287813663482666
16.549667358398438 -0.3042573928833008 -0.2932777404785156
16.376789093017578 1.0916271209716797 -0.2686934471130371
16.082801818847656 2.5488224029541016 -0.2597332000732422
15.886062622070312 3.952116012573242 -0.23888540267944336
15.718910217285156 5.379312515258789 -0.21638965606689453
15.333683013916016 6.7569427490234375 -0.20808935165405273
15.234188079833984 8.13890266418457 -0.19566869735717773
13.97249984741211 8.249885559082031 -0.22987031936645508
12.5302734375 8.139118194580078 -0.2586531639099121
11.034717559814453 8.034988403320312 -0.29404354095458984

1
12.177291870117188 -1.5583486557006836 -0.2749342918395996
10.707794189453125 -1.762537956237793 -0.2775397300720215
9.20608139038086 -1.9806833267211914 -0.28098440170288086
7.6445159912109375 -2.223773956298828 -0.28966236114501953
6.219062805175781 -2.442742347717285 -0.28401613235473633
4.816104888916016 -2.648665428161621 -0.28596925735473633
3.4955482482910156 -2.9479150772094727 -0.28657054901123047
1.9269142150878906 -3.240194320678711 -0.28992176055908203
2.6908798217773438 -4.557577133178711 -0.29145383834838867
3.3797645568847656 -5.85025691986084 -0.28441572189331055
3.9912109375 -7.194377422332764 -0.2900824546813965
5.145896911621094 -7.469704627990723 -0.30143070220947266
6.677791595458984 -7.182794094085693 -0.3008880615234375
8.203670501708984 -6.95930290222168 -0.31992149353027344
9.55649185180664 -6.713260650634766 -0.33685731887817383
11.048389434814453 -6.443276405334473 -0.3423795700073242
12.356807708740234 -5.975129127502441 -0.35649824142456055
12.2738037109375 -4.505546569824219 -0.32843732833862305
12.208953857421875 -3.0956029891967773 -0.29982805252075195
12.101638793945312 -1.5879812240600586 -0.2862992286682129

2
29.84543228149414 2.345876693725586 -0.2467212677001953
28.040485382080078 2.1097240447998047 -0.27883243560791016
26.17672348022461 1.7854480743408203 -0.2885117530822754
24.220993041992188 1.446329116821289 -0.30357885360717773
22.379161834716797 1.1216239929199219 -0.32952404022216797
20.480857849121094 0.8233270645141602 -0.3467698097229004
18.63196563720703 0.5315780639648438 -0.3432793617248535
16.443912506103516 0.27646923065185547 -0.3354477882385254
15.240097045898438 0.6089200973510742 -0.34915637969970703
13.738883972167969 0.9338579177856445 -0.35175466537475586
12.182426452636719 0.20115089416503906 -0.32548093795776367
11.010391235351562 -1.3994808197021484 -0.3150491714477539
10.829139709472656 -3.3840789794921875 -0.34233665466308594
10.99008560180664 -5.284070014953613 -0.36658525466918945
11.882221221923828 -6.449894905090332 -0.4000372886657715
12.96664047241211 -7.319355010986328 -0.40017223358154297
13.445693969726562 -9.239143371582031 -0.4070773124694824
13.767623901367188 -11.231045722961426 -0.4251384735107422
14.06143569946289 -13.020054817199707 -0.43979406356811523
14.44107437133789 -14.796945571899414 -0.4140949249267578

0
4.923892974853516 14.98849105834961 -0.2504277229309082
4.955955505371094 14.946533203125 -0.24004173278808594
4.9443817138671875 14.877601623535156 -0.24163198471069336
4.953144073486328 14.796243667602539 -0.25339651107788086
4.964061737060547 14.708324432373047 -0.2456045150756836
4.984577178955078 14.62034797668457 -0.24794769287109375
5.0060272216796875 14.530319213867188 -0.2520608901977539
5.015735626220703 14.439617156982422 -0.24823951721191406
5.0553131103515625 14.34770393371582 -0.2554512023925781
5.080867767333984 14.25136947631836 -0.2624354362487793
5.111248016357422 14.15837287902832 -0.26407670974731445
5.134319305419922 14.09886360168457 -0.2610163688659668
5.119861602783203 14.025140762329102 -0.2557649612426758
5.147258758544922 13.964439392089844 -0.2515597343444824
5.1416168212890625 13.830829620361328 -0.24634170532226562
5.147865295410156 13.746732711791992 -0.2472853660583496
5.152423858642578 13.666881561279297 -0.25124025344848633
5.1624298095703125 13.581432342529297 -0.25354766845703125
5.170814514160156 13.486135482788086 -0.2558588981628418
5.18597412109375 13.386377334594727 -0.27094316482543945

1
1.1587104797363281 6.928337097167969 -0.27406930923461914
-0.5064029693603516 6.649686813354492 -0.23073577880859375
-2.034261703491211 6.42564582824707 -0.18365907669067383
-3.322111129760742 5.892860412597656 -0.15675735473632812
-3.0736045837402344 4.384738922119141 -0.15659189224243164
-2.880413055419922 2.8600234985351562 -0.1620316505432129
-2.601968765258789 1.2702445983886719 -0.1794571876525879
-2.3130149841308594 -0.4016447067260742 -0.18257999420166016
-2.053281784057617 -1.949244499206543 -0.1965470314025879
-1.5975494384765625 -3.495917320251465 -0.21289968490600586
-0.2892646789550781 -3.940673828125 -0.2432408332824707
1.1913509368896484 -3.948270797729492 -0.2653670310974121
2.9207229614257812 -3.8703231811523438 -0.30046749114990234
2.795581817626953 -2.5674047470092773 -0.2937593460083008
2.4618492126464844 -0.9512853622436523 -0.28399181365966797
2.3156661987304688 0.5986509323120117 -0.2884688377380371
2.0888595581054688 2.1316165924072266 -0.2854647636413574
1.7579097747802734 3.8386974334716797 -0.267791748046875
1.4752120971679688 5.357170104980469 -0.26338768005371094
1.1243820190429688 6.971275329589844 -0.25185728073120117

2
6.672466278076172 -14.808465957641602 -0.42104101181030273
6.177635192871094 -12.474662780761719 -0.41110992431640625
5.732887268066406 -10.060728073120117 -0.3942384719848633
5.348884582519531 -7.5564141273498535 -0.40198516845703125
4.8775634765625 -5.248020172119141 -0.39061450958251953
3.8493919372558594 -3.1414413452148438 -0.3575301170349121
1.5022010803222656 -2.559267997741699 -0.3437051773071289
-1.0504531860351562 -2.964588165283203 -0.30565881729125977
-3.3927001953125 -3.3553647994995117 -0.25890159606933594
-5.911417007446289 -3.80751895904541 -0.21450471878051758
-8.121112823486328 -4.220787048339844 -0.18962335586547852
-10.656902313232422 -4.658384323120117 -0.17985010147094727
-13.069501876831055 -5.055387496948242 -0.19462251663208008
-15.492993354797363 -5.514782905578613 -0.19695043563842773
-18.06890106201172 -5.926601409912109 -0.210113525390625
-20.460918426513672 -6.335331916809082 -0.21130847930908203
-22.78521728515625 -6.730987548828125 -0.2220020294189453
-25.10141372680664 -7.136729717254639 -0.23624038696289062
-27.490415573120117 -7.548915386199951 -0.24631452560424805
-29.864004135131836 -7.914216995239258 -0.24338579177856445

