1
-0.148529052734375 10.910804748535156 -0.22204875946044922
0.05771446228027344 9.248064041137695 -0.24341201782226562
0.17910003662109375 7.522960662841797 -0.29671335220336914
0.26225852966308594 6.098274230957031 -0.308316707611084
1.8279685974121094 6.457830429077148 -0.32062339782714844
3.436237335205078 6.848529815673828 -0.32074499130249023
4.848888397216797 7.122688293457031 -0.31238222122192383
6.324268341064453 7.43712043762207 -0.3028731346130371
7.998798370361328 7.871967315673828 -0.3014388084411621
9.615802764892578 8.25250244140625 -0.2894721031188965
11.112930297851562 8.47796630859375 -0.2950892448425293
10.566230773925781 9.874645233154297 -0.28670740127563477
9.887542724609375 11.30204963684082 -0.26908016204833984
9.16110610961914 12.714454650878906 -0.24811935424804688
7.633689880371094 12.544645309448242 -0.2427382469177246
6.135402679443359 12.26373291015625 -0.2369370460510254
4.670093536376953 11.910188674926758 -0.23564767837524414
3.134136199951172 11.584356307983398 -0.23517894744873047
1.4072837829589844 11.231395721435547 -0.2305750846862793
-0.11089706420898438 10.854351043701172 -0.21403074264526367

2
0.6395034790039062 14.816991806030273 -0.31903886795043945
1.0368919372558594 12.782707214355469 -0.32532787322998047
1.5751075744628906 10.681692123413086 -0.34044837951660156
1.9516868591308594 8.534364700317383 -0.3755631446838379
1.2665958404541016 6.628326416015625 -0.3239779472351074
-0.5894355773925781 5.608434677124023 -0.32592153549194336
-2.713390350341797 5.207162857055664 -0.2947850227355957
-4.876426696777344 4.831718444824219 -0.2591361999511719
-7.028923034667969 4.391336441040039 -0.23350811004638672
-8.975194931030273 3.9302806854248047 -0.22046232223510742
-11.162393569946289 3.461719512939453 -0.21392393112182617
-13.020286560058594 3.063211441040039 -0.2006087303161621
-15.229777336120605 2.6490230560302734 -0.1942453384399414
-17.483413696289062 2.238302230834961 -0.18600225448608398
-19.457584381103516 1.8504676818847656 -0.16524839401245117
-21.616466522216797 1.4339370727539062 -0.1569981575012207
-23.711814880371094 0.9944734573364258 -0.15250492095947266
-25.89657974243164 0.5815114974975586 -0.1384444236755371
-27.90440559387207 0.15009117126464844 -0.13078784942626953
-29.851211547851562 -0.22036361694335938 -0.1184086799621582

2
29.809356689453125 11.696542739868164 -0.10573768615722656
28.529712677001953 11.438926696777344 -0.1364755630493164
27.27741241455078 11.184375762939453 -0.14663171768188477
25.906169891357422 10.924598693847656 -0.16597557067871094
24.569961547851562 10.683086395263672 -0.15605878829956055
23.26755142211914 10.442110061645508 -0.1743030548095703
21.762935638427734 10.199602127075195 -0.18412494659423828
20.463134765625 9.935762405395508 -0.1882495880126953
19.115589141845703 9.647558212280273 -0.2015833854675293
17.707714080810547 9.370870590209961 -0.23215866088867188
16.441085815429688 9.130895614624023 -0.24792098999023438
15.090167999267578 8.876052856445312 -0.24500751495361328
13.694225311279297 8.555809020996094 -0.26557159423828125
12.275711059570312 8.38330078125 -0.27321624755859375
10.875343322753906 8.576412200927734 -0.279325008392334
9.944751739501953 9.475194931030273 -0.2918233871459961
9.381736755371094 10.802478790283203 -0.2764425277709961
9.157974243164062 12.061227798461914 -0.2632112503051758
8.87894058227539 13.493278503417969 -0.2629570960998535
8.682464599609375 14.814790725708008 -0.2568325996398926

1
10.529701232910156 8.351922988891602 -0.33745908737182617
10.66744613647461 6.921634674072266 -0.320127010345459
10.886005401611328 5.51310920715332 -0.31506967544555664
11.086456298828125 4.196933746337891 -0.30309486389160156
11.237205505371094 2.688447952270508 -0.2885303497314453
11.338264465332031 1.1825199127197266 -0.27798891067504883
11.464191436767578 -0.21970272064208984 -0.26461362838745117
12.440570831298828 -0.7365236282348633 -0.27885007858276367
13.694831848144531 -0.4858560562133789 -0.2908458709716797
15.170642852783203 -0.21585464477539062 -0.28051280975341797
16.242870330810547 0.1475515365600586 -0.29424190521240234
16.088542938232422 1.6189346313476562 -0.27622365951538086
15.773242950439453 2.9903125762939453 -0.2614116668701172
15.503448486328125 4.365640640258789 -0.2474675178527832
15.279083251953125 5.757184982299805 -0.22589349746704102
14.951984405517578 7.189310073852539 -0.22193384170532227
14.770156860351562 8.557306289672852 -0.22295856475830078
13.452350616455078 8.670202255249023 -0.25681447982788086
11.995002746582031 8.477825164794922 -0.2797884941101074
10.543060302734375 8.332345962524414 -0.3165745735168457

2
29.857101440429688 3.3596458435058594 -0.2374401092529297
27.99163818359375 3.0183372497558594 -0.2622847557067871
26.063915252685547 2.6048660278320312 -0.2815089225769043
24.178016662597656 2.168498992919922 -0.29076290130615234
22.335662841796875 1.7970237731933594 -0.3175339698791504
20.344749450683594 1.3761100769042969 -0.3346085548400879
18.399776458740234 1.0175628662109375 -0.33161115646362305
16.280254364013672 0.7322664260864258 -0.32743358612060547
14.895614624023438 0.9923563003540039 -0.3399481773376465
13.45822525024414 1.3494911193847656 -0.3499569892883301
11.870803833007812 0.5290946960449219 -0.31742238998413086
10.752166748046875 -1.118753433227539 -0.3068084716796875
10.704822540283203 -3.15541934967041 -0.33612680435180664
10.916717529296875 -5.102814674377441 -0.35697364807128906
11.87078857421875 -6.166062355041504 -0.39009952545166016
13.04080581665039 -7.154943466186523 -0.38518619537353516
13.5374755859375 -9.139328002929688 -0.3925023078918457
13.892333984375 -11.158405303955078 -0.40590572357177734
14.233959197998047 -13.007847785949707 -0.40744972229003906
14.631011962890625 -14.795215606689453 -0.38700151443481445

1
11.92116928100586 -1.2089147567749023 -0.269927978515625
10.501998901367188 -1.459909439086914 -0.2723541259765625
8.94363021850586 -1.735030174255371 -0.27791833877563477
7.480499267578125 -2.000181198120117 -0.2863645553588867
6.050361633300781 -2.2855262756347656 -0.2801980972290039
4.659427642822266 -2.537167549133301 -0.28226757049560547
3.2962646484375 -2.8590564727783203 -0.2829718589782715
1.7735519409179688 -3.174065589904785 -0.2879948616027832
2.529438018798828 -4.4668426513671875 -0.2860140800476074
3.2475624084472656 -5.768344879150391 -0.27850770950317383
3.9074859619140625 -7.09816312789917 -0.2803807258605957
5.092067718505859 -7.340616226196289 -0.2941441535949707
6.633243560791016 -7.049971580505371 -0.2947702407836914
8.145549774169922 -6.762020111083984 -0.3119659423828125
9.515533447265625 -6.447352409362793 -0.33350086212158203
10.95062255859375 -6.120075225830078 -0.3367767333984375
12.236644744873047 -5.645166397094727 -0.3475189208984375
12.110458374023438 -4.157079696655273 -0.32003116607666016
12.050762176513672 -2.7538814544677734 -0.2923293113708496
11.898910522460938 -1.2423524856567383 -0.27706050872802734

0
4.238594055175781 14.990350723266602 -0.29747867584228516
4.244575500488281 14.952718734741211 -0.28632354736328125
4.262809753417969 14.891258239746094 -0.2854304313659668
4.281280517578125 14.808568954467773 -0.2942800521850586
4.297515869140625 14.727060317993164 -0.2877922058105469
4.315643310546875 14.652002334594727 -0.288149356842041
4.345863342285156 14.56277084350586 -0.29212093353271484
4.346134185791016 14.488775253295898 -0.28781795501708984
4.3733673095703125 14.401992797851562 -0.29634904861450195
4.398338317871094 14.30662727355957 -0.30159854888916016
4.422649383544922 14.223854064941406 -0.30469608306884766
4.453739166259766 14.176197052001953 -0.30536746978759766
4.4567108154296875 14.114748001098633 -0.30178022384643555
4.468254089355469 14.063528060913086 -0.29981040954589844
4.469169616699219 13.962583541870117 -0.29302215576171875
4.477546691894531 13.879108428955078 -0.29294300079345703
4.478771209716797 13.836494445800781 -0.2975907325744629
4.492855072021484 13.757652282714844 -0.29831981658935547
4.493648529052734 13.656732559204102 -0.3024263381958008
4.520862579345703 13.566019058227539 -0.31635046005249023

2
6.755435943603516 -14.810111045837402 -0.37996816635131836
6.186138153076172 -12.494400978088379 -0.3796405792236328
5.7039031982421875 -10.032541275024414 -0.37474775314331055
5.285926818847656 -7.526148319244385 -0.3901686668395996
4.805030822753906 -5.25546932220459 -0.38289546966552734
3.7172203063964844 -3.1170711517333984 -0.35460567474365234
1.442474365234375 -2.464291572570801 -0.33907175064086914
-1.119974136352539 -2.9640607833862305 -0.30151844024658203
-3.464519500732422 -3.405716896057129 -0.25522804260253906
-6.031494140625 -3.9467906951904297 -0.21052122116088867
-8.249217987060547 -4.443660736083984 -0.18464088439941406
-10.783502578735352 -4.976467132568359 -0.17808246612548828
-13.085039138793945 -5.432464599609375 -0.19304561614990234
-15.556434631347656 -5.923345565795898 -0.1897258758544922
-18.015310287475586 -6.439950942993164 -0.20303916931152344
-20.43712615966797 -6.916706085205078 -0.20797061920166016
-22.78075408935547 -7.352102279663086 -0.2225198745727539
-25.18548583984375 -7.856372356414795 -0.23651695251464844
-27.525936126708984 -8.268768310546875 -0.24549007415771484
-29.860708236694336 -8.71091079711914 -0.23430252075195312

1
0.7091865539550781 6.959318161010742 -0.29023122787475586
-0.9560546875 6.65150260925293 -0.24598979949951172
-2.543609619140625 6.377773284912109 -0.19390010833740234
-3.884767532348633 5.81620979309082 -0.16553306579589844
-3.510774612426758 4.284334182739258 -0.1665329933166504
-3.242856979370117 2.7624473571777344 -0.16739511489868164
-2.9321632385253906 1.1526298522949219 -0.18901729583740234
-2.6023082733154297 -0.4229316711425781 -0.1892528533935547
-2.2583866119384766 -1.9924917221069336 -0.19535207748413086
-1.6963157653808594 -3.5039024353027344 -0.20706415176391602
-0.3998699188232422 -3.9373836517333984 -0.23562288284301758
1.0519905090332031 -3.910581588745117 -0.25583648681640625
2.8163375854492188 -3.8541688919067383 -0.2923545837402344
2.708831787109375 -2.514096260070801 -0.29227256774902344
2.2430076599121094 -0.9273757934570312 -0.28096532821655273
2.0863418579101562 0.6724958419799805 -0.28872013092041016
1.7732295989990234 2.2218551635742188 -0.2895622253417969
1.3795166015625 3.911287307739258 -0.28055524826049805
1.037353515625 5.364046096801758 -0.2749466896057129
0.6269607543945312 6.998819351196289 -0.2689542770385742

