2
-0.130279541015625 14.80860710144043 -0.3455319404602051
0.2914695739746094 12.826408386230469 -0.3516845703125
0.9000930786132812 10.81605339050293 -0.3544917106628418
1.3498306274414062 8.65903091430664 -0.3840947151184082
0.7951717376708984 6.6727294921875 -0.33693599700927734
-1.0133800506591797 5.602060317993164 -0.33644580841064453
-3.1414756774902344 5.145406723022461 -0.3066997528076172
-5.290899276733398 4.713094711303711 -0.27329063415527344
-7.288089752197266 4.256919860839844 -0.24502992630004883
-9.321239471435547 3.6951122283935547 -0.23047780990600586
-11.446561813354492 3.1896934509277344 -0.21454715728759766
-13.319974899291992 2.739299774169922 -0.2076549530029297
-15.456238746643066 2.242269515991211 -0.20331430435180664
-17.707996368408203 1.7959518432617188 -0.19096708297729492
-19.65618133544922 1.3700523376464844 -0.16863250732421875
-21.668724060058594 0.8792705535888672 -0.1531519889831543
-23.810211181640625 0.371612548828125 -0.15800189971923828
-25.905569076538086 -0.14287281036376953 -0.13982248306274414
-27.911460876464844 -0.6852588653564453 -0.13266229629516602
-29.84227180480957 -1.1662359237670898 -0.1219625473022461

2
29.76834487915039 12.945140838623047 -0.15288257598876953
28.514381408691406 12.494958877563477 -0.18003368377685547
27.247943878173828 12.18385124206543 -0.19577693939208984
25.927146911621094 11.826152801513672 -0.21184968948364258
24.46377182006836 11.535764694213867 -0.2133960723876953
23.16887664794922 11.263227462768555 -0.21991491317749023
21.605758666992188 10.915159225463867 -0.22789239883422852
20.364421844482422 10.607963562011719 -0.22257757186889648
19.05084991455078 10.316980361938477 -0.23560428619384766
17.673877716064453 9.983795166015625 -0.25165843963623047
16.459774017333984 9.722410202026367 -0.26625919342041016
15.071338653564453 9.448684692382812 -0.2643275260925293
13.531509399414062 9.055709838867188 -0.2803502082824707
12.187858581542969 8.796192169189453 -0.28685855865478516
10.677742004394531 8.754167556762695 -0.28639793395996094
9.60980224609375 9.454263687133789 -0.29913949966430664
8.768489837646484 10.802972793579102 -0.3040914535522461
8.516002655029297 12.064750671386719 -0.2955508232116699
8.129505157470703 13.507644653320312 -0.2860889434814453
7.916286468505859 14.816917419433594 -0.28266048431396484

1
9.982696533203125 8.64531135559082 -0.3475198745727539
10.186630249023438 7.232444763183594 -0.3382682800292969
10.48586654663086 5.811323165893555 -0.327608585357666
10.685466766357422 4.435932159423828 -0.31885719299316406
10.928478240966797 2.976869583129883 -0.30510759353637695
11.060745239257812 1.4711551666259766 -0.28429603576660156
11.279922485351562 0.099212646484375 -0.27269458770751953
12.199825286865234 -0.38271522521972656 -0.2787141799926758
13.60348892211914 -0.10412883758544922 -0.2947711944580078
14.98624038696289 0.21889877319335938 -0.29231882095336914
16.038551330566406 0.6014995574951172 -0.29767370223999023
15.79086685180664 2.0291099548339844 -0.2886347770690918
15.41909408569336 3.424591064453125 -0.27581787109375
15.089836120605469 4.817609786987305 -0.2646050453186035
14.792476654052734 6.245115280151367 -0.23813199996948242
14.424629211425781 7.6229248046875 -0.23469877243041992
14.209022521972656 8.968050003051758 -0.2442626953125
12.9356689453125 9.036249160766602 -0.27173900604248047
11.430381774902344 8.80340576171875 -0.300412654876709
9.990825653076172 8.632770538330078 -0.3328533172607422

2
29.858646392822266 4.198810577392578 -0.2507510185241699
27.98233413696289 3.816568374633789 -0.2781076431274414
26.059120178222656 3.3703346252441406 -0.2950258255004883
24.125282287597656 2.9201793670654297 -0.30199718475341797
22.21237564086914 2.4843311309814453 -0.32768726348876953
20.19980239868164 1.9813423156738281 -0.3440399169921875
18.270549774169922 1.5823841094970703 -0.334932804107666
16.016128540039062 1.2110252380371094 -0.33305978775024414
14.606002807617188 1.3837566375732422 -0.34078025817871094
13.109142303466797 1.7558784484863281 -0.34905052185058594
11.523918151855469 0.867823600769043 -0.31596946716308594
10.41922378540039 -0.8610868453979492 -0.3020339012145996
10.50820541381836 -2.951845169067383 -0.33129262924194336
10.869026184082031 -4.945196151733398 -0.35011720657348633
11.82040786743164 -5.8292341232299805 -0.3767704963684082
13.090892791748047 -6.9766998291015625 -0.3670330047607422
13.625377655029297 -9.042985916137695 -0.37637805938720703
13.998043060302734 -11.089550018310547 -0.3821239471435547
14.390724182128906 -12.981722831726074 -0.37496232986450195
14.826679229736328 -14.79566478729248 -0.3533744812011719

1
11.622406005859375 -0.8493928909301758 -0.2741060256958008
10.23086166381836 -1.1581535339355469 -0.27532148361206055
8.759956359863281 -1.4622678756713867 -0.27856874465942383
7.216640472412109 -1.8069076538085938 -0.280458927154541
5.783344268798828 -2.106426239013672 -0.2750663757324219
4.441600799560547 -2.4287281036376953 -0.2785191535949707
3.0149269104003906 -2.735780715942383 -0.2814021110534668
1.5697135925292969 -3.110513687133789 -0.28186655044555664
2.362010955810547 -4.420038223266602 -0.27721261978149414
3.1012802124023438 -5.7000732421875 -0.2707099914550781
3.8480491638183594 -7.004158020019531 -0.27099180221557617
5.064075469970703 -7.195732116699219 -0.2842540740966797
6.609226226806641 -6.882392883300781 -0.28437232971191406
8.125831604003906 -6.499676704406738 -0.30295658111572266
9.431808471679688 -6.14990234375 -0.32913923263549805
10.858757019042969 -5.7679901123046875 -0.33063745498657227
12.094959259033203 -5.243622779846191 -0.33876943588256836
11.930206298828125 -3.765923500061035 -0.31008052825927734
11.79519271850586 -2.3152856826782227 -0.2864565849304199
11.590003967285156 -0.8409862518310547 -0.27060413360595703

2
7.038143157958984 -14.811198234558105 -0.33619213104248047
6.349735260009766 -12.497539520263672 -0.34725284576416016
5.758266448974609 -10.002710342407227 -0.35119104385375977
5.2768707275390625 -7.51079797744751 -0.37693357467651367
4.688907623291016 -5.252100944519043 -0.378326416015625
3.556812286376953 -3.1020002365112305 -0.35022830963134766
1.2989368438720703 -2.357616424560547 -0.3337898254394531
-1.1909961700439453 -2.9768409729003906 -0.29828405380249023
-3.5951995849609375 -3.5038070678710938 -0.24652957916259766
-6.130857467651367 -4.107151985168457 -0.20159006118774414
-8.358680725097656 -4.656939506530762 -0.1751084327697754
-10.857196807861328 -5.243756294250488 -0.16576528549194336
-13.113546371459961 -5.80426025390625 -0.17745733261108398
-15.559964179992676 -6.370858192443848 -0.1722397804260254
-17.966144561767578 -6.896360397338867 -0.18228626251220703
-20.356182098388672 -7.453784465789795 -0.18665170669555664
-22.78664779663086 -8.019804000854492 -0.2076101303100586
-25.230138778686523 -8.532833099365234 -0.22184467315673828
-27.508533477783203 -9.060274124145508 -0.2270674705505371
-29.869037628173828 -9.531810760498047 -0.2098832130432129

0
3.5426177978515625 14.99200439453125 -0.3494386672973633
3.521270751953125 14.957199096679688 -0.33618879318237305
3.5342025756835938 14.894798278808594 -0.33042144775390625
3.5414581298828125 14.81573486328125 -0.3361635208129883
3.5560760498046875 14.745832443237305 -0.3284173011779785
3.5849037170410156 14.680009841918945 -0.3301992416381836
3.6207656860351562 14.60340690612793 -0.3278055191040039
3.638397216796875 14.531126022338867 -0.3266000747680664
3.6603050231933594 14.452943801879883 -0.33402204513549805
3.6589698791503906 14.372879028320312 -0.3374347686767578
3.673358917236328 14.294527053833008 -0.3441152572631836
3.693035125732422 14.24935531616211 -0.3486156463623047
3.6968421936035156 14.186965942382812 -0.3478860855102539
3.7252731323242188 14.14913558959961 -0.34617090225219727
3.7399635314941406 14.066692352294922 -0.34090614318847656
3.7545204162597656 13.998119354248047 -0.34047508239746094
3.757823944091797 13.924421310424805 -0.3443140983581543
3.7859840393066406 13.853815078735352 -0.3383326530456543
3.7624130249023438 13.756481170654297 -0.34384965896606445
3.7821273803710938 13.688848495483398 -0.35189294815063477

1
0.2396240234375 6.998588562011719 -0.30617618560791016
-1.4648284912109375 6.627712249755859 -0.25714111328125
-3.020559310913086 6.310264587402344 -0.20544958114624023
-4.363458633422852 5.728822708129883 -0.17319393157958984
-3.9246482849121094 4.158866882324219 -0.17143487930297852
-3.6388397216796875 2.673116683959961 -0.17679643630981445
-3.3330116271972656 1.0755958557128906 -0.19134902954101562
-2.973665237426758 -0.4961814880371094 -0.19324254989624023
-2.5608177185058594 -2.048837661743164 -0.1971750259399414
-2.0493392944335938 -3.5731449127197266 -0.2001032829284668
-0.618133544921875 -3.954629898071289 -0.22802066802978516
0.7798652648925781 -3.8643360137939453 -0.2473616600036621
2.534931182861328 -3.7593917846679688 -0.28256940841674805
2.4430618286132812 -2.4350099563598633 -0.28592443466186523
1.9739189147949219 -0.868809700012207 -0.28148651123046875
1.8119964599609375 0.7730340957641602 -0.29047679901123047
1.3511009216308594 2.2746524810791016 -0.2953224182128906
0.9316749572753906 3.9417152404785156 -0.2913999557495117
0.5116691589355469 5.355712890625 -0.2846250534057617
0.16286659240722656 7.010250091552734 -0.2862586975097656

1
-0.7865123748779297 10.824193954467773 -0.2696809768676758
-0.6088905334472656 9.248527526855469 -0.27081298828125
-0.45556640625 7.560182571411133 -0.313814640045166
-0.23796844482421875 6.198381423950195 -0.33278942108154297
1.3452281951904297 6.560798645019531 -0.3296828269958496
2.800617218017578 6.922491073608398 -0.3317704200744629
4.359397888183594 7.247997283935547 -0.3289790153503418
5.863887786865234 7.604524612426758 -0.326204776763916
7.2889404296875 8.044523239135742 -0.321561336517334
8.982135772705078 8.461860656738281 -0.31107282638549805
10.55667495727539 8.773176193237305 -0.3156609535217285
9.847908020019531 10.176464080810547 -0.3122739791870117
9.115489959716797 11.610204696655273 -0.29589176177978516
8.339164733886719 12.960498809814453 -0.2898235321044922
6.917472839355469 12.753009796142578 -0.2801952362060547
5.476600646972656 12.430952072143555 -0.2714962959289551
4.041965484619141 12.034019470214844 -0.2715458869934082
2.5019073486328125 11.630081176757812 -0.26279544830322266
0.7456035614013672 11.236608505249023 -0.26331615447998047
-0.7282638549804688 10.795360565185547 -0.24311447143554688

