1
8.525455474853516 -5.013513565063477 -0.3006720542907715
8.596630096435547 -3.3281164169311523 -0.28728437423706055
8.649295806884766 -1.7329540252685547 -0.2799396514892578
8.817806243896484 -0.06321334838867188 -0.27822160720825195
8.892314910888672 1.523324966430664 -0.2693028450012207
8.918327331542969 3.1348304748535156 -0.26392030715942383
9.061439514160156 4.725334167480469 -0.2549886703491211
8.840301513671875 6.056585311889648 -0.24661731719970703
7.184009552001953 6.174358367919922 -0.22834062576293945
5.458118438720703 6.295324325561523 -0.19777870178222656
4.465602874755859 5.8796539306640625 -0.18239498138427734
4.339237213134766 4.194253921508789 -0.1815171241760254
4.290569305419922 2.644145965576172 -0.1888432502746582
4.167743682861328 1.0333099365234375 -0.19879436492919922
4.088279724121094 -0.6219320297241211 -0.20372772216796875
3.9387474060058594 -2.1707115173339844 -0.21663522720336914
3.8517112731933594 -3.7749147415161133 -0.23101472854614258
5.256629943847656 -4.3064117431640625 -0.2442154884338379
6.897190093994141 -4.640871047973633 -0.27809762954711914
8.474456787109375 -4.977402687072754 -0.2911834716796875

2
29.83077621459961 3.5020580291748047 -0.05138969421386719
28.81240463256836 3.5915565490722656 -0.05672264099121094
27.680606842041016 3.6699867248535156 -0.07515907287597656
26.561614990234375 3.7509803771972656 -0.08655118942260742
25.471920013427734 3.830554962158203 -0.0954904556274414
24.30801773071289 3.9199161529541016 -0.1121368408203125
23.220260620117188 3.991382598876953 -0.12185096740722656
22.08767318725586 4.090023040771484 -0.14898443222045898
21.131038665771484 4.210865020751953 -0.1631941795349121
20.055591583251953 4.464618682861328 -0.18300151824951172
19.15835952758789 5.156772613525391 -0.1879434585571289
18.61487579345703 6.078544616699219 -0.18586111068725586
18.48162841796875 7.166753768920898 -0.17744207382202148
18.560028076171875 8.32175064086914 -0.1721663475036621
18.65616226196289 9.401447296142578 -0.16533994674682617
18.787399291992188 10.539731979370117 -0.16111469268798828
18.901470184326172 11.638071060180664 -0.1566157341003418
18.947681427001953 12.661256790161133 -0.14969205856323242
19.009849548339844 13.795270919799805 -0.15189075469970703
19.066436767578125 14.807689666748047 -0.15068578720092773

1
17.841434478759766 -4.793364524841309 -0.2128152847290039
16.392791748046875 -4.689790725708008 -0.21944475173950195
14.918346405029297 -4.548428535461426 -0.22919702529907227
13.314701080322266 -4.454778671264648 -0.2467784881591797
11.895816802978516 -4.361950874328613 -0.2508540153503418
10.396533966064453 -4.226047515869141 -0.2739243507385254
8.927497863769531 -4.116847991943359 -0.27933454513549805
7.582237243652344 -4.0889129638671875 -0.2906031608581543
7.832096099853516 -5.552791595458984 -0.2918877601623535
8.123359680175781 -6.936075210571289 -0.28324365615844727
8.445255279541016 -8.45458984375 -0.28733015060424805
9.53670883178711 -8.943964004516602 -0.2937450408935547
11.136577606201172 -9.047582626342773 -0.30196189880371094
12.564193725585938 -9.142816543579102 -0.31436967849731445
14.028434753417969 -9.275371551513672 -0.30792999267578125
15.455024719238281 -9.370262145996094 -0.3038325309753418
16.94025421142578 -9.187887191772461 -0.29458093643188477
17.22427749633789 -7.704853057861328 -0.2814178466796875
17.55899429321289 -6.307614326477051 -0.24891138076782227
17.856956481933594 -4.796438217163086 -0.22119474411010742

1
9.305866241455078 9.946449279785156 -0.1675548553466797
9.013286590576172 8.427766799926758 -0.20325136184692383
8.718486785888672 6.788198471069336 -0.26090240478515625
8.465679168701172 5.365095138549805 -0.2842397689819336
10.057567596435547 5.2147216796875 -0.280825138092041
11.760303497314453 5.16645622253418 -0.27237701416015625
13.243988037109375 5.102113723754883 -0.2607765197753906
14.784248352050781 4.994346618652344 -0.23930931091308594
16.469417572021484 4.895177841186523 -0.23663997650146484
18.065391540527344 4.761003494262695 -0.21563005447387695
19.68051528930664 4.674564361572266 -0.193145751953125
19.31679916381836 6.218935012817383 -0.18802404403686523
19.020862579345703 7.72743034362793 -0.16535663604736328
18.718528747558594 9.274049758911133 -0.1448974609375
17.3306884765625 9.609502792358398 -0.15164470672607422
15.73907470703125 9.641275405883789 -0.16464996337890625
14.159343719482422 9.711847305297852 -0.16005229949951172
12.589591979980469 9.785369873046875 -0.1647958755493164
11.038375854492188 9.866800308227539 -0.1687617301940918
9.30615234375 9.916816711425781 -0.16878366470336914

2
11.192283630371094 14.80793571472168 -0.22106456756591797
11.012935638427734 12.23774528503418 -0.23345708847045898
10.791912078857422 9.653621673583984 -0.27610158920288086
10.720069885253906 7.085687637329102 -0.34067249298095703
8.990955352783203 5.237613677978516 -0.3155937194824219
6.404541015625 5.123329162597656 -0.28975534439086914
3.6755447387695312 5.365030288696289 -0.27168798446655273
1.1342124938964844 5.544048309326172 -0.24997425079345703
-1.374176025390625 5.700111389160156 -0.26157474517822266
-4.066961288452148 5.932640075683594 -0.24940204620361328
-6.500497817993164 6.113161087036133 -0.2634868621826172
-9.102279663085938 6.31329345703125 -0.2749953269958496
-11.863004684448242 6.512104034423828 -0.28418493270874023
-14.481039047241211 6.687314987182617 -0.2974209785461426
-17.086637496948242 6.848272323608398 -0.30082082748413086
-19.68151092529297 7.018915176391602 -0.3067808151245117
-22.29017448425293 7.218975067138672 -0.3221702575683594
-24.819644927978516 7.370525360107422 -0.3391757011413574
-27.406126022338867 7.540904998779297 -0.3299674987792969
-29.82948112487793 7.707954406738281 -0.333615779876709

1
18.940502166748047 4.716709136962891 -0.2540149688720703
18.75676727294922 3.258939743041992 -0.23548555374145508
18.490589141845703 1.876352310180664 -0.23273515701293945
18.264610290527344 0.4642601013183594 -0.21660375595092773
18.086467742919922 -0.9906911849975586 -0.21173572540283203
17.89311981201172 -2.4047164916992188 -0.1987013816833496
17.693618774414062 -3.7964420318603516 -0.19262409210205078
18.29037094116211 -4.523093223571777 -0.20737695693969727
19.76763916015625 -4.641411781311035 -0.20996522903442383
21.192710876464844 -4.778046607971191 -0.20969343185424805
22.547809600830078 -4.687496185302734 -0.1961045265197754
22.54644775390625 -3.2068090438842773 -0.18346595764160156
22.61937713623047 -1.822983741760254 -0.1622471809387207
22.666675567626953 -0.42275142669677734 -0.1456003189086914
22.82073211669922 1.0375690460205078 -0.11975288391113281
22.856842041015625 2.3779067993164062 -0.10985517501831055
22.988849639892578 3.809354782104492 -0.08978128433227539
21.761524200439453 4.209356307983398 -0.14249134063720703
20.364505767822266 4.493906021118164 -0.1908426284790039
18.874317169189453 4.732500076293945 -0.23397493362426758

2
9.127399444580078 -14.792466163635254 -0.4192337989807129
9.413375854492188 -12.175735473632812 -0.41205787658691406
9.572795867919922 -9.723573684692383 -0.39786481857299805
9.787528991699219 -7.070342063903809 -0.40987348556518555
9.302837371826172 -4.437747955322266 -0.35994720458984375
6.963962554931641 -3.213024139404297 -0.3469429016113281
4.2962188720703125 -3.072720527648926 -0.3196134567260742
1.5593223571777344 -2.899245262145996 -0.28237247467041016
-1.0312252044677734 -2.7031612396240234 -0.24907302856445312
-3.5672168731689453 -2.5292587280273438 -0.24194765090942383
-6.274087905883789 -2.3288745880126953 -0.2605280876159668
-8.980718612670898 -2.1413211822509766 -0.28941869735717773
-11.559215545654297 -1.960275650024414 -0.31585121154785156
-14.286630630493164 -1.804306983947754 -0.32936859130859375
-16.930904388427734 -1.5697546005249023 -0.36390161514282227
-19.526575088500977 -1.3900442123413086 -0.3903789520263672
-22.23513412475586 -1.1902036666870117 -0.40845489501953125
-24.80588722229004 -0.9948358535766602 -0.42989063262939453
-27.243623733520508 -0.8300952911376953 -0.46227598190307617
-29.84086036682129 -0.6168613433837891 -0.5017557144165039

2
29.848556518554688 -4.775848388671875 -0.19054651260375977
28.518245697021484 -4.694957733154297 -0.2084970474243164
27.079029083251953 -4.604137420654297 -0.21886396408081055
25.658641815185547 -4.47084903717041 -0.23497581481933594
24.354412078857422 -4.383148193359375 -0.2422046661376953
22.880840301513672 -4.275678634643555 -0.25481414794921875
21.537105560302734 -4.141142845153809 -0.25896263122558594
20.874813079833984 -3.3536453247070312 -0.2796311378479004
19.936824798583984 -2.7237815856933594 -0.29479265213012695
18.550006866455078 -2.948695182800293 -0.27884578704833984
17.170242309570312 -3.912090301513672 -0.2665243148803711
16.44873046875 -4.981276512145996 -0.27554988861083984
16.07288360595703 -6.210578918457031 -0.29733705520629883
15.763587951660156 -7.734246253967285 -0.3246936798095703
15.80987548828125 -9.062251091003418 -0.3437228202819824
16.646610260009766 -9.666746139526367 -0.3447246551513672
17.220947265625 -10.610466003417969 -0.3485856056213379
17.29433822631836 -12.070283889770508 -0.37097740173339844
17.161888122558594 -13.452817916870117 -0.3826727867126465
17.026580810546875 -14.804487228393555 -0.3929939270019531

0
14.826541900634766 14.974977493286133 -0.19669008255004883
14.776069641113281 14.86091423034668 -0.19042110443115234
14.798065185546875 14.68447494506836 -0.19713926315307617
14.784564971923828 14.472650527954102 -0.2008967399597168
14.758583068847656 14.22614860534668 -0.19440174102783203
14.766292572021484 14.03571891784668 -0.19508981704711914
14.708847045898438 13.85400390625 -0.19786977767944336
14.696449279785156 13.670904159545898 -0.19603824615478516
14.664924621582031 13.466934204101562 -0.20406770706176758
14.661781311035156 13.254650115966797 -0.20913457870483398
14.645973205566406 13.024892807006836 -0.21080541610717773
14.662883758544922 12.821460723876953 -0.20273780822753906
14.657478332519531 12.68317985534668 -0.19883346557617188
14.652183532714844 12.485601425170898 -0.2046647071838379
14.642684936523438 12.332925796508789 -0.2052316665649414
14.619998931884766 12.087602615356445 -0.20017051696777344
14.633529663085938 11.861045837402344 -0.20278501510620117
14.597126007080078 11.704402923583984 -0.20984649658203125
14.551483154296875 11.475317001342773 -0.21937036514282227
14.61368179321289 11.31298828125 -0.21866941452026367

