2
29.649330139160156 14.240594863891602 -0.1807537078857422
28.59748077392578 13.840690612792969 -0.21743249893188477
27.30401611328125 13.324348449707031 -0.23322296142578125
25.98702621459961 12.901264190673828 -0.25144290924072266
24.405105590820312 12.504287719726562 -0.2493724822998047
23.186767578125 12.206001281738281 -0.25408220291137695
21.559219360351562 11.852441787719727 -0.2641458511352539
20.3636474609375 11.485528945922852 -0.25881099700927734
19.038345336914062 11.11454963684082 -0.26788806915283203
17.628170013427734 10.705253601074219 -0.2789778709411621
16.4378662109375 10.384868621826172 -0.29724836349487305
14.944320678710938 10.000068664550781 -0.29879283905029297
13.363746643066406 9.620859146118164 -0.31005239486694336
12.012184143066406 9.291738510131836 -0.31159019470214844
10.425521850585938 9.116260528564453 -0.3177661895751953
9.200481414794922 9.53842544555664 -0.32299327850341797
8.244918823242188 10.746797561645508 -0.33526039123535156
7.797294616699219 12.098823547363281 -0.3262643814086914
7.396038055419922 13.491460800170898 -0.3190884590148926
7.118507385253906 14.822580337524414 -0.316312313079834

2
-0.8759822845458984 14.816560745239258 -0.37705421447753906
-0.360504150390625 12.861370086669922 -0.3688664436340332
0.2519416809082031 10.955049514770508 -0.3725290298461914
0.7640285491943359 8.724538803100586 -0.40193843841552734
0.2962017059326172 6.730066299438477 -0.3574347496032715
-1.4851722717285156 5.588779449462891 -0.34564971923828125
-3.5927066802978516 5.072420120239258 -0.3125600814819336
-5.627851486206055 4.559453964233398 -0.28093481063842773
-7.584995269775391 4.043294906616211 -0.252805233001709
-9.636392593383789 3.4144859313964844 -0.2308039665222168
-11.739036560058594 2.8272151947021484 -0.21145296096801758
-13.591796875 2.3029956817626953 -0.2022075653076172
-15.675655364990234 1.7680416107177734 -0.19391298294067383
-17.910680770874023 1.2290019989013672 -0.1853342056274414
-19.734394073486328 0.7457466125488281 -0.16477441787719727
-21.73809051513672 0.13785266876220703 -0.1509394645690918
-23.902057647705078 -0.36681461334228516 -0.14850711822509766
-25.911096572875977 -0.8884677886962891 -0.13275861740112305
-27.91440200805664 -1.4082679748535156 -0.12573814392089844
-29.825559616088867 -1.906477928161621 -0.1214756965637207

1
9.291522979736328 8.927145004272461 -0.36719512939453125
9.60495376586914 7.555118560791016 -0.3589463233947754
9.950057983398438 6.109100341796875 -0.3449869155883789
10.270389556884766 4.697895050048828 -0.3397254943847656
10.541419982910156 3.3295650482177734 -0.3200984001159668
10.76620864868164 1.8445301055908203 -0.2951793670654297
10.964401245117188 0.3994617462158203 -0.2800278663635254
11.872989654541016 -0.013540267944335938 -0.2884964942932129
13.275859832763672 0.3620281219482422 -0.3024253845214844
14.718875885009766 0.728825569152832 -0.3061528205871582
15.822235107421875 1.1588459014892578 -0.3026275634765625
15.45657730102539 2.6544055938720703 -0.2955470085144043
15.008209228515625 3.959806442260742 -0.2866377830505371
14.577259063720703 5.369255065917969 -0.2760939598083496
14.25341796875 6.723583221435547 -0.254091739654541
13.870758056640625 8.118942260742188 -0.2544999122619629
13.556041717529297 9.493816375732422 -0.2596120834350586
12.209442138671875 9.367256164550781 -0.2907123565673828
10.779457092285156 9.15914535522461 -0.32395410537719727
9.297042846679688 8.918214797973633 -0.3484177589416504

1
7.499599456787109 13.383193969726562 -0.3312530517578125
6.134727478027344 13.019201278686523 -0.3152904510498047
4.4570159912109375 12.533390045166016 -0.29928159713745117
2.858173370361328 12.002069473266602 -0.2980356216430664
1.3669719696044922 11.590055465698242 -0.27956104278564453
-0.008588790893554688 11.32274055480957 -0.27748823165893555
-1.3088951110839844 10.415191650390625 -0.2893195152282715
-1.2012214660644531 9.040464401245117 -0.30649328231811523
-0.9110279083251953 7.450067520141602 -0.3235054016113281
-0.42383766174316406 6.278162002563477 -0.34036874771118164
1.1692676544189453 6.654962539672852 -0.3477802276611328
2.5968093872070312 7.001422882080078 -0.3395810127258301
4.146976470947266 7.528583526611328 -0.33326244354248047
5.6870880126953125 7.918037414550781 -0.34804201126098633
7.0522918701171875 8.419208526611328 -0.3493342399597168
8.667556762695312 8.854331970214844 -0.3524785041809082
9.951942443847656 9.305150985717773 -0.3512735366821289
9.198810577392578 10.616338729858398 -0.3550281524658203
8.241371154785156 12.108068466186523 -0.3411860466003418
7.481319427490234 13.301671981811523 -0.33385419845581055

2
29.862152099609375 5.287374496459961 -0.26337146759033203
27.940292358398438 4.824901580810547 -0.2917804718017578
25.98654556274414 4.343442916870117 -0.31029272079467773
24.044837951660156 3.7927169799804688 -0.31322288513183594
22.122509002685547 3.187410354614258 -0.338289737701416
20.066028594970703 2.5909042358398438 -0.35727739334106445
18.010120391845703 2.1008453369140625 -0.34485721588134766
15.815616607666016 1.6662158966064453 -0.3423900604248047
14.232471466064453 1.7406063079833984 -0.3431243896484375
12.909332275390625 2.1095504760742188 -0.35416603088378906
11.221248626708984 1.1632499694824219 -0.31779956817626953
10.209808349609375 -0.6305646896362305 -0.30185508728027344
10.30780029296875 -2.712456703186035 -0.3303518295288086
10.830341339111328 -4.805009841918945 -0.34806394577026367
11.79867172241211 -5.592410087585449 -0.3708071708679199
13.13956069946289 -6.855499267578125 -0.35996580123901367
13.746265411376953 -8.986194610595703 -0.3665924072265625
14.197624206542969 -11.029046058654785 -0.36617231369018555
14.708744049072266 -12.943422317504883 -0.36113643646240234
15.167583465576172 -14.79921817779541 -0.335115909576416

1
11.372642517089844 -0.48703861236572266 -0.27985525131225586
9.98956298828125 -0.8185214996337891 -0.27781057357788086
8.503456115722656 -1.2287311553955078 -0.2806062698364258
7.024471282958984 -1.5930376052856445 -0.27639007568359375
5.596469879150391 -1.9570960998535156 -0.27196693420410156
4.279048919677734 -2.3180532455444336 -0.2760348320007324
2.7559814453125 -2.6373558044433594 -0.27913808822631836
1.3909111022949219 -3.092489242553711 -0.27922916412353516
2.2089080810546875 -4.34620475769043 -0.2737240791320801
3.0164718627929688 -5.648990631103516 -0.2671632766723633
3.8201065063476562 -6.9007062911987305 -0.2650785446166992
5.067195892333984 -7.047425270080566 -0.28157663345336914
6.600231170654297 -6.705227851867676 -0.28008079528808594
8.095367431640625 -6.265231132507324 -0.299929141998291
9.374095916748047 -5.910439491271973 -0.3270072937011719
10.793281555175781 -5.509568214416504 -0.32796525955200195
12.012493133544922 -4.967344284057617 -0.3381171226501465
11.759490966796875 -3.435762405395508 -0.30452680587768555
11.577377319335938 -1.9475440979003906 -0.2852354049682617
11.33914566040039 -0.48637866973876953 -0.269498348236084

2
7.1565093994140625 -14.808392524719238 -0.319582462310791
6.461780548095703 -12.50111198425293 -0.3342413902282715
5.821826934814453 -10.00257682800293 -0.3456606864929199
5.281780242919922 -7.5603485107421875 -0.3728199005126953
4.627044677734375 -5.250088691711426 -0.37941408157348633
3.4443016052246094 -3.161184310913086 -0.3518848419189453
1.149984359741211 -2.2806262969970703 -0.33783960342407227
-1.2601642608642578 -2.998903274536133 -0.2985363006591797
-3.7247886657714844 -3.620626449584961 -0.2403583526611328
-6.1597137451171875 -4.317455291748047 -0.18991518020629883
-8.47932243347168 -4.963138580322266 -0.16985607147216797
-10.87129020690918 -5.601613998413086 -0.15321779251098633
-13.13714599609375 -6.229038238525391 -0.1602802276611328
-15.579025268554688 -6.890905380249023 -0.15514469146728516
-17.99521827697754 -7.508485794067383 -0.1634821891784668
-20.310087203979492 -8.139291763305664 -0.16916608810424805
-22.79296875 -8.76866340637207 -0.1774888038635254
-25.209814071655273 -9.404462814331055 -0.18218660354614258
-27.55217170715332 -10.066905975341797 -0.1827225685119629
-29.874675750732422 -10.615633010864258 -0.17424774169921875

0
2.7841148376464844 14.993890762329102 -0.38989686965942383
2.7976608276367188 14.963563919067383 -0.36976194381713867
2.8215255737304688 14.897682189941406 -0.36200571060180664
2.8496627807617188 14.82371711730957 -0.36354637145996094
2.8525466918945312 14.756818771362305 -0.3577842712402344
2.870410919189453 14.697477340698242 -0.3615999221801758
2.8920364379882812 14.62271499633789 -0.3593783378601074
2.913776397705078 14.564910888671875 -0.3532876968383789
2.9353179931640625 14.49582290649414 -0.3560147285461426
2.9571075439453125 14.417789459228516 -0.3558955192565918
2.9763717651367188 14.345333099365234 -0.3628973960876465
3.0026931762695312 14.276069641113281 -0.37183094024658203
3.0041847229003906 14.232051849365234 -0.3693227767944336
3.0301895141601562 14.184022903442383 -0.3729515075683594
3.0345497131347656 14.128561019897461 -0.36820507049560547
3.0408248901367188 14.056259155273438 -0.3683199882507324
3.0615692138671875 13.997514724731445 -0.37387609481811523
3.0933685302734375 13.94035530090332 -0.36246585845947266
3.0828323364257812 13.823038101196289 -0.3692808151245117
3.102771759033203 13.770320892333984 -0.373382568359375

1
-0.26155662536621094 6.986747741699219 -0.3194899559020996
-1.9590911865234375 6.566648483276367 -0.27011919021606445
-3.5111312866210938 6.213220596313477 -0.21894025802612305
-4.822210311889648 5.63035774230957 -0.18056201934814453
-4.362581253051758 4.016172409057617 -0.17902183532714844
-4.033424377441406 2.5283851623535156 -0.18208932876586914
-3.654939651489258 0.9539918899536133 -0.19283819198608398
-3.2971267700195312 -0.5859222412109375 -0.19151830673217773
-2.733356475830078 -2.107748031616211 -0.19481325149536133
-2.320077896118164 -3.6620044708251953 -0.19634294509887695
-0.9040908813476562 -3.9816722869873047 -0.22011375427246094
0.5798358917236328 -3.8410396575927734 -0.24133014678955078
2.339313507080078 -3.7256898880004883 -0.2754645347595215
2.161273956298828 -2.331724166870117 -0.28370189666748047
1.729055404663086 -0.8330059051513672 -0.28357887268066406
1.4379329681396484 0.8535079956054688 -0.29084348678588867
0.9022121429443359 2.256031036376953 -0.3032217025756836
0.438262939453125 3.9400272369384766 -0.2980360984802246
0.029754638671875 5.381467819213867 -0.2937321662902832
-0.3315010070800781 7.006523132324219 -0.30322694778442383

