1
6.8396453857421875 13.678997039794922 -0.32593870162963867
5.303684234619141 13.176183700561523 -0.3130941390991211
3.7178382873535156 12.63006591796875 -0.2988700866699219
2.194629669189453 12.127939224243164 -0.2882857322692871
0.8143939971923828 11.654653549194336 -0.28303956985473633
-0.6374588012695312 11.269416809082031 -0.2757282257080078
-1.8936882019042969 10.443058013916016 -0.27976560592651367
-1.7845172882080078 8.981096267700195 -0.29995250701904297
-1.4587898254394531 7.417564392089844 -0.31159210205078125
-0.8774127960205078 6.275638580322266 -0.3353762626647949
0.6870574951171875 6.69227409362793 -0.3411726951599121
2.0984954833984375 7.1338043212890625 -0.3391733169555664
3.5324935913085938 7.649711608886719 -0.3276691436767578
5.210975646972656 8.118335723876953 -0.3321108818054199
6.530315399169922 8.606107711791992 -0.3355593681335449
8.144611358642578 9.088970184326172 -0.3448152542114258
9.467060089111328 9.627861022949219 -0.3501243591308594
8.56253433227539 10.92900276184082 -0.3573122024536133
7.621013641357422 12.311071395874023 -0.3399229049682617
6.809806823730469 13.587677001953125 -0.3344101905822754

2
-1.6788005828857422 14.813224792480469 -0.37779712677001953
-1.1266403198242188 12.931676864624023 -0.356381893157959
-0.46164894104003906 11.01290512084961 -0.36330270767211914
0.17003822326660156 8.636802673339844 -0.398622989654541
-0.2599906921386719 6.698598861694336 -0.35079145431518555
-2.0644569396972656 5.43547248840332 -0.33937501907348633
-3.9864654541015625 4.8964080810546875 -0.30779027938842773
-5.966421127319336 4.325529098510742 -0.2746896743774414
-7.989763259887695 3.7318267822265625 -0.24706315994262695
-9.991510391235352 3.026195526123047 -0.22779083251953125
-11.978523254394531 2.4359989166259766 -0.2061910629272461
-13.940736770629883 1.8384208679199219 -0.20147132873535156
-15.832393646240234 1.232757568359375 -0.18735074996948242
-17.964588165283203 0.6213932037353516 -0.17389154434204102
-19.693510055541992 0.051802635192871094 -0.15694808959960938
-21.76325225830078 -0.5259437561035156 -0.13701486587524414
-23.952512741088867 -1.1275081634521484 -0.1441802978515625
-26.038633346557617 -1.7039403915405273 -0.12431669235229492
-27.93272590637207 -2.402255058288574 -0.1190938949584961
-29.789100646972656 -2.934689521789551 -0.1259918212890625

2
27.899341583251953 14.792963027954102 -0.18564414978027344
26.756664276123047 14.342863082885742 -0.22359418869018555
25.690643310546875 13.923318862915039 -0.2347879409790039
24.480754852294922 13.45697021484375 -0.24457740783691406
23.024795532226562 13.061622619628906 -0.24140691757202148
21.755088806152344 12.69704818725586 -0.25736379623413086
20.568660736083984 12.390304565429688 -0.2701120376586914
19.092647552490234 11.961795806884766 -0.2704906463623047
17.792301177978516 11.577495574951172 -0.287813663482666
16.457489013671875 11.15748405456543 -0.29721689224243164
15.211318969726562 10.787246704101562 -0.31063318252563477
13.833003997802734 10.359136581420898 -0.31436586380004883
12.423114776611328 9.929525375366211 -0.3219590187072754
11.150623321533203 9.624853134155273 -0.3192625045776367
9.795543670654297 9.46670913696289 -0.3293323516845703
8.565238952636719 9.887149810791016 -0.3315906524658203
7.631847381591797 10.960777282714844 -0.3466949462890625
7.162242889404297 12.238973617553711 -0.3307037353515625
6.788047790527344 13.551191329956055 -0.32222461700439453
6.498279571533203 14.81528091430664 -0.311429500579834

1
8.791057586669922 9.21860122680664 -0.37254905700683594
9.041919708251953 7.844165802001953 -0.360903263092041
9.44485092163086 6.434835433959961 -0.3566131591796875
9.794647216796875 5.034721374511719 -0.34537553787231445
10.175487518310547 3.6083431243896484 -0.32463598251342773
10.429401397705078 2.147459030151367 -0.3067512512207031
10.598026275634766 0.7887554168701172 -0.2817420959472656
11.597034454345703 0.4372730255126953 -0.28877973556518555
12.945045471191406 0.8301506042480469 -0.3110365867614746
14.394096374511719 1.2751941680908203 -0.31345081329345703
15.418956756591797 1.7364578247070312 -0.30979061126708984
15.011287689208984 3.264059066772461 -0.30185699462890625
14.476787567138672 4.610330581665039 -0.2944779396057129
14.009124755859375 5.9664764404296875 -0.28243207931518555
13.659526824951172 7.214479446411133 -0.25940847396850586
13.280181884765625 8.672111511230469 -0.26267290115356445
12.831890106201172 9.914798736572266 -0.27408504486083984
11.58249282836914 9.752466201782227 -0.2906765937805176
10.081398010253906 9.490074157714844 -0.33075904846191406
8.742446899414062 9.205877304077148 -0.3498673439025879

2
29.877410888671875 6.450628280639648 -0.28329944610595703
27.907169342041016 5.879476547241211 -0.3019843101501465
25.996742248535156 5.243112564086914 -0.3212890625
23.959270477294922 4.645975112915039 -0.3213973045349121
22.000469207763672 4.047542572021484 -0.34755897521972656
19.918487548828125 3.3619041442871094 -0.36512231826782227
17.852951049804688 2.757600784301758 -0.3569607734680176
15.585395812988281 2.247465133666992 -0.350400447845459
13.826038360595703 2.222015380859375 -0.3477959632873535
12.427730560302734 2.547819137573242 -0.36096906661987305
10.843025207519531 1.6012420654296875 -0.3213210105895996
9.914031982421875 -0.3157215118408203 -0.30643224716186523
10.016239166259766 -2.5161008834838867 -0.33358287811279297
10.733104705810547 -4.6211347579956055 -0.35528564453125
11.670120239257812 -5.261919975280762 -0.37685155868530273
13.17471694946289 -6.673443794250488 -0.36534547805786133
13.821300506591797 -8.824162483215332 -0.372067928314209
14.396186828613281 -10.908771514892578 -0.37320756912231445
14.996875762939453 -12.881635665893555 -0.3727245330810547
15.65106201171875 -14.802674293518066 -0.3410506248474121

1
10.992904663085938 -0.1027231216430664 -0.28070974349975586
9.657291412353516 -0.5746126174926758 -0.2812008857727051
8.235546112060547 -0.9534568786621094 -0.280519962310791
6.778423309326172 -1.3502578735351562 -0.2734251022338867
5.378120422363281 -1.7550296783447266 -0.27109766006469727
3.999706268310547 -2.2115345001220703 -0.2775154113769531
2.486492156982422 -2.5203113555908203 -0.28305816650390625
1.162240982055664 -3.045520782470703 -0.2829470634460449
2.101886749267578 -4.301285743713379 -0.2732272148132324
2.945709228515625 -5.554227828979492 -0.27117156982421875
3.747589111328125 -6.72398567199707 -0.270291805267334
5.038898468017578 -6.830704689025879 -0.2853240966796875
6.509021759033203 -6.417407035827637 -0.2858891487121582
7.934307098388672 -5.905721664428711 -0.3024430274963379
9.192710876464844 -5.511478424072266 -0.32667112350463867
10.618515014648438 -5.062259674072266 -0.33139562606811523
11.79952621459961 -4.464071273803711 -0.34014415740966797
11.481544494628906 -3.0102272033691406 -0.29962635040283203
11.257976531982422 -1.5770835876464844 -0.28826332092285156
10.925540924072266 -0.13888835906982422 -0.26732778549194336

2
7.404285430908203 -14.807703971862793 -0.3367342948913574
6.647514343261719 -12.533496856689453 -0.34012317657470703
5.910366058349609 -10.028524398803711 -0.3496713638305664
5.2636260986328125 -7.5846147537231445 -0.3779473304748535
4.533256530761719 -5.222476005554199 -0.38735389709472656
3.389354705810547 -3.1787500381469727 -0.3601536750793457
1.0886917114257812 -2.216017723083496 -0.3433985710144043
-1.2863388061523438 -2.9974308013916016 -0.3063035011291504
-3.836233139038086 -3.73490047454834 -0.24477624893188477
-6.196681976318359 -4.51479434967041 -0.18805599212646484
-8.56965446472168 -5.272289276123047 -0.16504669189453125
-10.90866470336914 -5.9576616287231445 -0.15325212478637695
-13.315441131591797 -6.700534820556641 -0.15619707107543945
-15.7175931930542 -7.424045085906982 -0.15317296981811523
-18.071395874023438 -8.152524948120117 -0.16175127029418945
-20.427743911743164 -8.857948303222656 -0.15559101104736328
-22.940906524658203 -9.607412338256836 -0.16711711883544922
-25.23957633972168 -10.308975219726562 -0.15912675857543945
-27.45754051208496 -10.967056274414062 -0.18203067779541016
-29.870405197143555 -11.603188514709473 -0.16945505142211914

0
2.0565452575683594 14.994709014892578 -0.3699784278869629
2.070232391357422 14.965692520141602 -0.35219526290893555
2.0775413513183594 14.908956527709961 -0.34182071685791016
2.0873641967773438 14.84677505493164 -0.3449516296386719
2.0888214111328125 14.783668518066406 -0.33853960037231445
2.1107177734375 14.718698501586914 -0.34319543838500977
2.1305313110351562 14.670469284057617 -0.34652280807495117
2.1541404724121094 14.610376358032227 -0.3404245376586914
2.172779083251953 14.555776596069336 -0.34080028533935547
2.190338134765625 14.489974975585938 -0.34027099609375
2.2081832885742188 14.440240859985352 -0.3458714485168457
2.2296829223632812 14.378349304199219 -0.35150623321533203
2.2366981506347656 14.31033706665039 -0.3467106819152832
2.266498565673828 14.247634887695312 -0.3503251075744629
2.2773475646972656 14.181814193725586 -0.34967470169067383
2.3007774353027344 14.084806442260742 -0.3482503890991211
2.3017578125 14.036792755126953 -0.35721683502197266
2.329181671142578 13.984729766845703 -0.34695863723754883
2.3310394287109375 13.876413345336914 -0.354733943939209
2.3721542358398438 13.811576843261719 -0.35722780227661133

1
-0.8031883239746094 6.928638458251953 -0.30956506729125977
-2.455974578857422 6.484807968139648 -0.2641115188598633
-4.0481719970703125 6.059562683105469 -0.2141423225402832
-5.326629638671875 5.436969757080078 -0.1719350814819336
-4.834859848022461 3.8736934661865234 -0.1753096580505371
-4.362733840942383 2.34222412109375 -0.17666149139404297
-3.9213714599609375 0.8057155609130859 -0.1889348030090332
-3.5185508728027344 -0.7006092071533203 -0.18735885620117188
-2.8846435546875 -2.1509933471679688 -0.1908092498779297
-2.465768814086914 -3.757462501525879 -0.19745349884033203
-1.051870346069336 -4.00247859954834 -0.21983718872070312
0.47507286071777344 -3.8209609985351562 -0.24218130111694336
2.1946144104003906 -3.659285545349121 -0.2775387763977051
2.0072898864746094 -2.2619876861572266 -0.2902402877807617
1.5841636657714844 -0.7805194854736328 -0.28690147399902344
1.1506290435791016 0.8583869934082031 -0.2866249084472656
0.5575065612792969 2.246440887451172 -0.29886913299560547
0.0180206298828125 3.869962692260742 -0.2902679443359375
-0.41887664794921875 5.378265380859375 -0.2896842956542969
-0.8473262786865234 6.985414505004883 -0.3005094528198242

