1
6.033672332763672 13.928680419921875 -0.29571104049682617
4.497230529785156 13.371156692504883 -0.2800722122192383
2.945873260498047 12.759786605834961 -0.2723722457885742
1.4505844116210938 12.201416015625 -0.26406002044677734
-0.01294708251953125 11.649829864501953 -0.2624373435974121
-1.3775444030761719 11.142770767211914 -0.2513594627380371
-2.6114959716796875 10.28438949584961 -0.26627683639526367
-2.3058738708496094 8.742128372192383 -0.2869882583618164
-1.9738273620605469 7.40867805480957 -0.29749155044555664
-1.391387939453125 6.213703155517578 -0.32300758361816406
0.21606063842773438 6.67243766784668 -0.32773351669311523
1.5534782409667969 7.195713043212891 -0.32701873779296875
2.9232940673828125 7.746889114379883 -0.3135337829589844
4.630584716796875 8.29092025756836 -0.3105463981628418
5.933856964111328 8.817560195922852 -0.3016676902770996
7.409172058105469 9.33653450012207 -0.31398439407348633
8.792545318603516 9.981372833251953 -0.3133726119995117
7.658119201660156 11.322656631469727 -0.31730222702026367
6.867973327636719 12.64341926574707 -0.30049848556518555
6.014453887939453 13.811147689819336 -0.29288673400878906

2
24.605056762695312 14.807403564453125 -0.17357110977172852
23.776569366455078 14.392765045166016 -0.1993408203125
22.631694793701172 13.967931747436523 -0.21193981170654297
21.673927307128906 13.631889343261719 -0.22091150283813477
20.478443145751953 13.22964096069336 -0.22347450256347656
19.21335220336914 12.838829040527344 -0.22856855392456055
17.91378402709961 12.432811737060547 -0.24124813079833984
16.531810760498047 12.01028060913086 -0.2556328773498535
15.386253356933594 11.635568618774414 -0.26766347885131836
14.58563232421875 11.311798095703125 -0.2730398178100586
13.603656768798828 10.997945785522461 -0.2873096466064453
12.312843322753906 10.549993515014648 -0.2987556457519531
11.143962860107422 10.062662124633789 -0.31113624572753906
9.97873306274414 9.820785522460938 -0.30814027786254883
8.676712036132812 9.847002029418945 -0.3206644058227539
7.6287994384765625 10.324132919311523 -0.3175387382507324
6.860721588134766 11.297372817993164 -0.3268609046936035
6.356529235839844 12.504667282104492 -0.3083796501159668
6.025077819824219 13.659832000732422 -0.296783447265625
5.642971038818359 14.798864364624023 -0.2910146713256836

2
-2.713756561279297 14.80434799194336 -0.3385310173034668
-1.8867053985595703 12.826757431030273 -0.36326074600219727
-1.2379264831542969 10.878467559814453 -0.3670339584350586
-0.5678024291992188 9.066070556640625 -0.38424158096313477
-0.6130008697509766 6.949527740478516 -0.3540973663330078
-2.0816116333007812 5.5249176025390625 -0.3340325355529785
-4.258819580078125 4.798374176025391 -0.298464298248291
-6.395286560058594 4.123374938964844 -0.25977420806884766
-8.249532699584961 3.5265159606933594 -0.24435663223266602
-9.981054306030273 2.7858753204345703 -0.22202301025390625
-12.027017593383789 2.056661605834961 -0.20386075973510742
-14.104036331176758 1.4119434356689453 -0.19747543334960938
-15.758871078491211 0.7884588241577148 -0.1898670196533203
-17.745105743408203 0.12978649139404297 -0.1689128875732422
-19.669178009033203 -0.4826946258544922 -0.15850830078125
-21.761375427246094 -1.1098556518554688 -0.15301179885864258
-23.899822235107422 -1.7971067428588867 -0.13983440399169922
-25.860286712646484 -2.5232582092285156 -0.1288466453552246
-27.85399627685547 -3.2602224349975586 -0.10582590103149414
-29.901514053344727 -3.861872673034668 -0.05865764617919922

2
29.884906768798828 7.634166717529297 -0.27608680725097656
27.861576080322266 6.983547210693359 -0.29857540130615234
25.940948486328125 6.315866470336914 -0.3177638053894043
23.91766357421875 5.657989501953125 -0.31931638717651367
21.914085388183594 5.0173492431640625 -0.3496522903442383
19.819114685058594 4.326108932495117 -0.36952829360961914
17.68828582763672 3.6208324432373047 -0.3668074607849121
15.461830139160156 2.858287811279297 -0.3551664352416992
13.457771301269531 2.6926498413085938 -0.34900856018066406
12.205276489257812 3.0746307373046875 -0.36130619049072266
10.52315902709961 1.9956226348876953 -0.32454538345336914
9.691535949707031 -0.0663290023803711 -0.3130817413330078
9.900070190429688 -2.325139045715332 -0.3441600799560547
10.735687255859375 -4.400005340576172 -0.36887693405151367
11.7147216796875 -4.9985246658325195 -0.39297056198120117
13.206581115722656 -6.560420989990234 -0.38396358489990234
13.93198013305664 -8.72407341003418 -0.3901247978210449
14.602046966552734 -10.800546646118164 -0.39160871505737305
15.321632385253906 -12.850780487060547 -0.39584827423095703
16.042198181152344 -14.794962882995605 -0.36719274520874023

1
8.155410766601562 9.490488052368164 -0.35603857040405273
8.471355438232422 8.081851959228516 -0.3482518196105957
8.882217407226562 6.6627655029296875 -0.33942747116088867
9.262580871582031 5.274015426635742 -0.3353118896484375
9.670639038085938 3.891569137573242 -0.3101644515991211
9.992664337158203 2.4534149169921875 -0.30658864974975586
10.356815338134766 1.1273727416992188 -0.2878408432006836
11.279670715332031 0.7883176803588867 -0.28710031509399414
12.508865356445312 1.2244834899902344 -0.30490732192993164
13.963825225830078 1.7036075592041016 -0.31822729110717773
14.728706359863281 2.2044734954833984 -0.3104243278503418
14.498607635498047 3.7212066650390625 -0.31273841857910156
13.889110565185547 5.083551406860352 -0.29250144958496094
13.474720001220703 6.375556945800781 -0.27063465118408203
13.01443099975586 7.711091995239258 -0.24558353424072266
12.589000701904297 9.168506622314453 -0.24249839782714844
12.089771270751953 10.363624572753906 -0.24919891357421875
10.773181915283203 10.149557113647461 -0.26499509811401367
9.412673950195312 9.813940048217773 -0.3044309616088867
8.088790893554688 9.514791488647461 -0.32550811767578125

1
10.695110321044922 0.22723007202148438 -0.2840461730957031
9.393730163574219 -0.24472999572753906 -0.2860574722290039
7.9882049560546875 -0.6775264739990234 -0.2822098731994629
6.561859130859375 -1.1027412414550781 -0.27482080459594727
5.113193511962891 -1.5168418884277344 -0.2721428871154785
3.6905593872070312 -2.0474939346313477 -0.28196239471435547
2.2388534545898438 -2.457777976989746 -0.2823982238769531
0.9687538146972656 -2.979672431945801 -0.28433752059936523
1.9578514099121094 -4.176905632019043 -0.2760329246520996
2.8426895141601562 -5.413949966430664 -0.27692461013793945
3.6793785095214844 -6.5617475509643555 -0.2742457389831543
4.9770965576171875 -6.624037742614746 -0.2916712760925293
6.42010498046875 -6.201132774353027 -0.29172277450561523
7.865100860595703 -5.673758506774902 -0.30324697494506836
9.128902435302734 -5.212689399719238 -0.3308544158935547
10.543739318847656 -4.736795425415039 -0.3387417793273926
11.705947875976562 -4.079864501953125 -0.34621334075927734
11.398212432861328 -2.6152782440185547 -0.30923891067504883
11.108116149902344 -1.1568489074707031 -0.2942967414855957
10.681877136230469 0.21679401397705078 -0.270937442779541

2
7.822120666503906 -14.801599502563477 -0.37372589111328125
6.970485687255859 -12.515626907348633 -0.3665895462036133
6.094669342041016 -10.077848434448242 -0.365689754486084
5.312252044677734 -7.6261067390441895 -0.38791847229003906
4.472953796386719 -5.233175277709961 -0.39578819274902344
3.3064613342285156 -3.146127700805664 -0.36217355728149414
1.0095577239990234 -2.154417037963867 -0.3442955017089844
-1.3015384674072266 -2.9749698638916016 -0.3120265007019043
-3.765575408935547 -3.8073501586914062 -0.24976015090942383
-6.195526123046875 -4.695435523986816 -0.19802236557006836
-8.553716659545898 -5.522972106933594 -0.16962718963623047
-10.860963821411133 -6.295930862426758 -0.1598067283630371
-13.306547164916992 -7.154330253601074 -0.16120529174804688
-15.74997329711914 -7.975358963012695 -0.16328907012939453
-18.062164306640625 -8.749147415161133 -0.17751693725585938
-20.406646728515625 -9.502748489379883 -0.1687006950378418
-22.871782302856445 -10.374635696411133 -0.18135690689086914
-25.312374114990234 -11.231800079345703 -0.1874237060546875
-27.481731414794922 -12.002557754516602 -0.20171403884887695
-29.863840103149414 -12.744256973266602 -0.17707204818725586

0
1.2034568786621094 14.995071411132812 -0.3280329704284668
1.192892074584961 14.972755432128906 -0.31612491607666016
1.225637435913086 14.921958923339844 -0.31314849853515625
1.2393836975097656 14.859392166137695 -0.3134469985961914
1.2494087219238281 14.808296203613281 -0.3136434555053711
1.2735729217529297 14.739030838012695 -0.31765222549438477
1.3017196655273438 14.680259704589844 -0.3232579231262207
1.3269214630126953 14.619998931884766 -0.3176383972167969
1.3555984497070312 14.561450958251953 -0.3167428970336914
1.3614387512207031 14.503999710083008 -0.3184351921081543
1.3745460510253906 14.463985443115234 -0.32389163970947266
1.397216796875 14.397218704223633 -0.3204479217529297
1.3993053436279297 14.343820571899414 -0.3174142837524414
1.4421672821044922 14.266679763793945 -0.32152652740478516
1.4569149017333984 14.207626342773438 -0.3170933723449707
1.492116928100586 14.13359260559082 -0.31858158111572266
1.4957027435302734 14.098003387451172 -0.3284597396850586
1.521341323852539 14.04697036743164 -0.31986474990844727
1.539083480834961 13.918235778808594 -0.32895851135253906
1.5882682800292969 13.872114181518555 -0.3302583694458008

1
-1.3979110717773438 6.872262954711914 -0.2969703674316406
-2.9759254455566406 6.364110946655273 -0.2527589797973633
-4.512054443359375 5.923656463623047 -0.20745468139648438
-5.78632926940918 5.2540130615234375 -0.16623687744140625
-5.269588470458984 3.673635482788086 -0.17303037643432617
-4.699483871459961 2.2018699645996094 -0.17741727828979492
-4.196199417114258 0.6350698471069336 -0.19025707244873047
-3.700328826904297 -0.8207235336303711 -0.18844985961914062
-3.059549331665039 -2.265780448913574 -0.19443321228027344
-2.6308326721191406 -3.849933624267578 -0.2019181251525879
-1.1714897155761719 -4.027819633483887 -0.22617673873901367
0.3616790771484375 -3.7841873168945312 -0.24689865112304688
2.077960968017578 -3.576833724975586 -0.2805957794189453
1.8830680847167969 -2.1937026977539062 -0.29664134979248047
1.374074935913086 -0.7216787338256836 -0.2900567054748535
0.9151153564453125 0.8350391387939453 -0.2848796844482422
0.2307300567626953 2.287656784057617 -0.2924027442932129
-0.3468894958496094 3.841531753540039 -0.28253936767578125
-0.8224754333496094 5.328926086425781 -0.2863335609436035
-1.390768051147461 6.935701370239258 -0.2938985824584961

