1
5.296150207519531 14.004819869995117 -0.2439560890197754
3.6351547241210938 13.380992889404297 -0.23086786270141602
2.1224021911621094 12.836822509765625 -0.2272486686706543
0.6677055358886719 12.237508773803711 -0.22077178955078125
-0.7058181762695312 11.573841094970703 -0.2261519432067871
-2.109403610229492 10.999919891357422 -0.2095952033996582
-3.353607177734375 10.163545608520508 -0.22257614135742188
-2.933015823364258 8.557147979736328 -0.2510662078857422
-2.580812454223633 7.171220779418945 -0.2706761360168457
-1.961557388305664 6.089315414428711 -0.30028390884399414
-0.39194297790527344 6.6759796142578125 -0.2995414733886719
1.0469093322753906 7.27064323425293 -0.3006253242492676
2.451984405517578 7.887331008911133 -0.29302453994750977
4.046478271484375 8.46879768371582 -0.28780364990234375
5.369621276855469 9.052806854248047 -0.27943849563598633
6.7313995361328125 9.61407470703125 -0.286318302154541
8.064708709716797 10.268226623535156 -0.2817373275756836
7.008525848388672 11.542205810546875 -0.2713479995727539
6.215507507324219 12.87010383605957 -0.256134033203125
5.214756011962891 14.056709289550781 -0.2570805549621582

2
21.700225830078125 14.792083740234375 -0.1663341522216797
20.906124114990234 14.444595336914062 -0.18511390686035156
19.91103744506836 14.100980758666992 -0.19677162170410156
18.656532287597656 13.731599807739258 -0.19436883926391602
17.579849243164062 13.330253601074219 -0.1985793113708496
16.693103790283203 12.994985580444336 -0.2043442726135254
15.595588684082031 12.584699630737305 -0.2109370231628418
14.529190063476562 12.127298355102539 -0.22560739517211914
13.627361297607422 11.818666458129883 -0.24206161499023438
12.811508178710938 11.483896255493164 -0.25129127502441406
11.703338623046875 11.055179595947266 -0.25784873962402344
10.648914337158203 10.656888961791992 -0.2639584541320801
9.727058410644531 10.275033950805664 -0.267789363861084
8.532951354980469 10.052850723266602 -0.2701139450073242
7.409046173095703 10.26413345336914 -0.26007604598999023
6.656635284423828 10.832052230834961 -0.25069189071655273
5.9867401123046875 11.80760383605957 -0.24636554718017578
5.542713165283203 12.863658905029297 -0.23945999145507812
5.215534210205078 13.854040145874023 -0.23791980743408203
4.9213714599609375 14.812763214111328 -0.22500133514404297

2
29.872814178466797 8.922422409057617 -0.26009321212768555
27.863750457763672 8.252140045166016 -0.28375720977783203
25.890850067138672 7.511240005493164 -0.30940866470336914
23.80268096923828 6.596452713012695 -0.31255102157592773
21.81812286376953 5.818027496337891 -0.3438405990600586
19.728927612304688 4.981481552124023 -0.3646078109741211
17.663360595703125 4.26031494140625 -0.3658561706542969
15.369293212890625 3.5073013305664062 -0.3620333671569824
13.28738784790039 3.201519012451172 -0.35823774337768555
11.879741668701172 3.5107860565185547 -0.3617691993713379
10.23699951171875 2.3696670532226562 -0.32947206497192383
9.391979217529297 0.20743656158447266 -0.3237895965576172
9.706741333007812 -2.1316442489624023 -0.3573474884033203
10.702598571777344 -4.093949317932129 -0.38302087783813477
11.738285064697266 -4.638934135437012 -0.41017866134643555
13.256980895996094 -6.417527198791504 -0.4051327705383301
14.095111846923828 -8.62713623046875 -0.4155545234680176
14.841732025146484 -10.701985359191895 -0.42018604278564453
15.642559051513672 -12.820833206176758 -0.4251561164855957
16.483997344970703 -14.790797233581543 -0.40503692626953125

2
-3.4309825897216797 14.80508041381836 -0.2994527816772461
-2.683835983276367 12.81633186340332 -0.32531309127807617
-1.97576904296875 10.948352813720703 -0.3276801109313965
-1.1701698303222656 9.01508903503418 -0.3605508804321289
-1.25 6.878999710083008 -0.33425283432006836
-2.495542526245117 5.488010406494141 -0.3125004768371582
-4.547946929931641 4.670436859130859 -0.2815680503845215
-6.691093444824219 3.943359375 -0.2449493408203125
-8.485483169555664 3.2929039001464844 -0.22759294509887695
-10.310892105102539 2.4315128326416016 -0.2082223892211914
-12.263679504394531 1.6703300476074219 -0.19077825546264648
-14.264551162719727 0.9773902893066406 -0.18378353118896484
-15.940155982971191 0.15935516357421875 -0.17612504959106445
-17.910747528076172 -0.49297332763671875 -0.16199731826782227
-19.784290313720703 -1.1809492111206055 -0.1518993377685547
-21.934139251708984 -1.9100427627563477 -0.14519357681274414
-23.943588256835938 -2.8888111114501953 -0.13449907302856445
-25.901655197143555 -3.604166030883789 -0.11542844772338867
-27.91879653930664 -4.398515701293945 -0.10401058197021484
-29.89063262939453 -4.971667289733887 -0.0753793716430664

2
8.10745620727539 -14.792304992675781 -0.42302846908569336
7.1894378662109375 -12.55067253112793 -0.39847373962402344
6.264923095703125 -10.159034729003906 -0.3922104835510254
5.362037658691406 -7.7772297859191895 -0.40766096115112305
4.4583587646484375 -5.316795349121094 -0.4050936698913574
3.2983360290527344 -3.1021766662597656 -0.37110233306884766
1.0437335968017578 -2.1005640029907227 -0.35325050354003906
-1.2743968963623047 -2.901639938354492 -0.3180046081542969
-3.7629833221435547 -3.884476661682129 -0.2591743469238281
-6.259037017822266 -4.900449752807617 -0.21132373809814453
-8.57063102722168 -5.805620193481445 -0.1811351776123047
-10.942861557006836 -6.699069976806641 -0.17225933074951172
-13.256900787353516 -7.63551664352417 -0.1801152229309082
-15.869441986083984 -8.660879135131836 -0.1839761734008789
-18.000694274902344 -9.479202270507812 -0.20148277282714844
-20.405336380004883 -10.404327392578125 -0.20223140716552734
-22.863985061645508 -11.327337265014648 -0.22017717361450195
-25.264507293701172 -12.302574157714844 -0.22716045379638672
-27.400009155273438 -13.09517765045166 -0.2277240753173828
-29.832569122314453 -13.962173461914062 -0.25451183319091797

1
10.429931640625 0.6200923919677734 -0.283297061920166
9.083206176757812 0.08759212493896484 -0.2868185043334961
7.681144714355469 -0.3722381591796875 -0.2826824188232422
6.331302642822266 -0.8600091934204102 -0.2779841423034668
4.822208404541016 -1.2794780731201172 -0.27600526809692383
3.341716766357422 -1.899703025817871 -0.28419923782348633
2.0259628295898438 -2.4066410064697266 -0.282867431640625
0.7587928771972656 -2.9193296432495117 -0.2883892059326172
1.741058349609375 -4.089188575744629 -0.2825169563293457
2.712066650390625 -5.301812171936035 -0.2839474678039551
3.590038299560547 -6.463344573974609 -0.2819223403930664
4.863140106201172 -6.4647016525268555 -0.30245256423950195
6.273395538330078 -6.002796173095703 -0.3015413284301758
7.7112884521484375 -5.417430877685547 -0.3082771301269531
9.015071868896484 -4.854429244995117 -0.3376288414001465
10.39156723022461 -4.321442604064941 -0.347381591796875
11.541877746582031 -3.6230039596557617 -0.3504204750061035
11.204021453857422 -2.2515859603881836 -0.318575382232666
10.88199234008789 -0.7602682113647461 -0.2995452880859375
10.389751434326172 0.6213874816894531 -0.27715158462524414

0
0.33956336975097656 14.99407958984375 -0.26395177841186523
0.3661041259765625 14.968965530395508 -0.25919008255004883
0.4110298156738281 14.925668716430664 -0.26190662384033203
0.4305438995361328 14.854425430297852 -0.26306581497192383
0.4225902557373047 14.80543327331543 -0.2643871307373047
0.4412384033203125 14.740562438964844 -0.26946353912353516
0.46820640563964844 14.675359725952148 -0.2787208557128906
0.4976787567138672 14.611648559570312 -0.28296613693237305
0.5229587554931641 14.550590515136719 -0.28191661834716797
0.5416641235351562 14.494546890258789 -0.2826237678527832
0.545440673828125 14.46217155456543 -0.2839322090148926
0.5795783996582031 14.388055801391602 -0.27889585494995117
0.6031208038330078 14.352054595947266 -0.27281665802001953
0.6524448394775391 14.263229370117188 -0.2756490707397461
0.6420879364013672 14.204208374023438 -0.27524662017822266
0.6693935394287109 14.140735626220703 -0.276031494140625
0.683258056640625 14.088504791259766 -0.2838563919067383
0.7188034057617188 14.043828964233398 -0.27980470657348633
0.7374649047851562 13.91728401184082 -0.28209543228149414
0.7830905914306641 13.91761589050293 -0.2873983383178711

1
7.348644256591797 9.820686340332031 -0.32620763778686523
7.856056213378906 8.395206451416016 -0.3258090019226074
8.327789306640625 7.073650360107422 -0.3106250762939453
8.669647216796875 5.618040084838867 -0.31626224517822266
9.05538558959961 4.333593368530273 -0.2895956039428711
9.404499053955078 2.9668731689453125 -0.2984333038330078
9.920684814453125 1.52777099609375 -0.29038476943969727
10.586986541748047 1.143167495727539 -0.2847871780395508
11.897357940673828 1.6456928253173828 -0.2971377372741699
13.402347564697266 2.117420196533203 -0.30831384658813477
14.065792083740234 2.584064483642578 -0.3096909523010254
14.085399627685547 4.009815216064453 -0.31339263916015625
13.39227294921875 5.485881805419922 -0.2975497245788574
12.966075897216797 6.763084411621094 -0.2773714065551758
12.506786346435547 8.157878875732422 -0.23706865310668945
11.840858459472656 9.698986053466797 -0.21300268173217773
11.477577209472656 10.762006759643555 -0.22089815139770508
10.216331481933594 10.56143569946289 -0.2349085807800293
8.689239501953125 10.178218841552734 -0.2700042724609375
7.416229248046875 9.861248016357422 -0.3024177551269531

1
-2.0146522521972656 6.808933258056641 -0.26273250579833984
-3.5270309448242188 6.259883880615234 -0.22098445892333984
-5.13365364074707 5.715549468994141 -0.18198347091674805
-6.340053558349609 5.026121139526367 -0.15003013610839844
-5.756196975708008 3.49176025390625 -0.16324424743652344
-5.217594146728516 2.008817672729492 -0.17101669311523438
-4.5710601806640625 0.5213966369628906 -0.1802682876586914
-3.9499053955078125 -0.9017238616943359 -0.1813807487487793
-3.27691650390625 -2.448126792907715 -0.19256305694580078
-2.8689651489257812 -3.994387626647949 -0.20479440689086914
-1.3220634460449219 -4.097508430480957 -0.23389291763305664
0.1746978759765625 -3.781421661376953 -0.25427865982055664
1.9009246826171875 -3.4777450561523438 -0.29250240325927734
1.7010993957519531 -2.113157272338867 -0.29938268661499023
1.1353225708007812 -0.6506128311157227 -0.29363393783569336
0.5949382781982422 0.8166990280151367 -0.27722835540771484
-0.12229537963867188 2.3467350006103516 -0.2743511199951172
-0.8011074066162109 3.828594207763672 -0.26032066345214844
-1.3353710174560547 5.324350357055664 -0.2648634910583496
-2.0037994384765625 6.870843887329102 -0.26983070373535156

