1
4.324649810791016 14.211421966552734 -0.2237997055053711
2.777820587158203 13.515409469604492 -0.21113014221191406
1.3089599609375 12.976951599121094 -0.2042527198791504
-0.11407279968261719 12.281883239746094 -0.1997971534729004
-1.4140815734863281 11.591943740844727 -0.20889663696289062
-2.870189666748047 10.917245864868164 -0.19299983978271484
-4.045940399169922 10.135108947753906 -0.2054123878479004
-3.5986270904541016 8.58734130859375 -0.23535442352294922
-3.138059616088867 7.092853546142578 -0.2619328498840332
-2.455486297607422 5.9719390869140625 -0.29579639434814453
-0.9093875885009766 6.728923797607422 -0.28942346572875977
0.45803260803222656 7.340484619140625 -0.2892274856567383
1.9107513427734375 7.987218856811523 -0.2821207046508789
3.4608917236328125 8.56805419921875 -0.27334070205688477
4.686073303222656 9.20895004272461 -0.27129554748535156
6.1184844970703125 9.848251342773438 -0.27221202850341797
7.262992858886719 10.618274688720703 -0.27095651626586914
6.223308563232422 11.921031951904297 -0.2484269142150879
5.391162872314453 13.045646667480469 -0.23500919342041016
4.35260009765625 14.260526657104492 -0.2325725555419922

2
18.861175537109375 14.787582397460938 -0.14240694046020508
17.873748779296875 14.449304580688477 -0.1566329002380371
16.964881896972656 14.147966384887695 -0.16657590866088867
16.21712875366211 13.747486114501953 -0.16718578338623047
15.241573333740234 13.344907760620117 -0.1704392433166504
14.419414520263672 13.007278442382812 -0.1735062599182129
13.47848892211914 12.620416641235352 -0.18110227584838867
12.625835418701172 12.201688766479492 -0.1940469741821289
11.773380279541016 11.90892219543457 -0.21726179122924805
10.938724517822266 11.541889190673828 -0.23631811141967773
9.898666381835938 11.023832321166992 -0.23667192459106445
9.184005737304688 10.744710922241211 -0.24201679229736328
8.27963638305664 10.411111831665039 -0.2541675567626953
7.3894195556640625 10.3643798828125 -0.26122474670410156
6.40936279296875 10.70956039428711 -0.2604179382324219
5.791934967041016 11.311849594116211 -0.24762868881225586
5.200351715087891 12.196767807006836 -0.24050092697143555
4.719329833984375 13.053131103515625 -0.23171567916870117
4.3890838623046875 13.9320068359375 -0.2228984832763672
4.107269287109375 14.80424690246582 -0.2131490707397461

2
29.881656646728516 10.452503204345703 -0.21541976928710938
27.930801391601562 9.699907302856445 -0.24429035186767578
25.86368179321289 8.872810363769531 -0.26839590072631836
23.639842987060547 7.887123107910156 -0.2811861038208008
21.617542266845703 6.967973709106445 -0.3208303451538086
19.395450592041016 6.03013801574707 -0.3393840789794922
17.449951171875 5.225885391235352 -0.3471245765686035
15.155731201171875 4.281085968017578 -0.3444385528564453
13.027305603027344 3.853586196899414 -0.3459024429321289
11.573711395263672 4.042110443115234 -0.354766845703125
9.785694122314453 2.7605228424072266 -0.32741212844848633
8.9998779296875 0.5369138717651367 -0.3257746696472168
9.546760559082031 -1.9502677917480469 -0.36208343505859375
10.730838775634766 -3.8026323318481445 -0.38785696029663086
11.906234741210938 -4.3245038986206055 -0.41826438903808594
13.372425079345703 -6.25070858001709 -0.41558408737182617
14.315387725830078 -8.56036376953125 -0.4253849983215332
15.23486328125 -10.641605377197266 -0.431427001953125
16.15045166015625 -12.863895416259766 -0.42952871322631836
17.18497085571289 -14.804583549499512 -0.42795276641845703

2
-4.360355377197266 14.806110382080078 -0.2948150634765625
-3.517667770385742 12.866863250732422 -0.312319278717041
-2.8029346466064453 11.066690444946289 -0.31316280364990234
-1.9516048431396484 9.19074821472168 -0.3563075065612793
-1.8059120178222656 6.934101104736328 -0.3303360939025879
-2.8425979614257812 5.479732513427734 -0.3001065254211426
-4.93620491027832 4.457090377807617 -0.2737102508544922
-6.83099365234375 3.7586441040039062 -0.2391529083251953
-8.635536193847656 3.039773941040039 -0.22590970993041992
-10.503717422485352 2.058347702026367 -0.2044353485107422
-12.509614944458008 1.22515869140625 -0.18903017044067383
-14.372432708740234 0.4947242736816406 -0.180755615234375
-16.05196762084961 -0.3956871032714844 -0.17646026611328125
-17.996355056762695 -1.173379898071289 -0.16559982299804688
-19.89803123474121 -1.9557371139526367 -0.15151453018188477
-22.056217193603516 -2.879359245300293 -0.15261459350585938
-23.961105346679688 -3.6830310821533203 -0.14673805236816406
-25.892742156982422 -4.4915571212768555 -0.13942384719848633
-27.95493507385254 -5.406533241271973 -0.12679195404052734
-29.893550872802734 -6.164742469787598 -0.09038305282592773

1
10.100067138671875 1.0505256652832031 -0.2777237892150879
8.73843002319336 0.4793663024902344 -0.28137683868408203
7.331333160400391 -0.07919120788574219 -0.2800908088684082
6.048164367675781 -0.6491918563842773 -0.28070592880249023
4.487464904785156 -1.1378211975097656 -0.2786746025085449
3.0793190002441406 -1.7647323608398438 -0.2880387306213379
1.750213623046875 -2.3779754638671875 -0.2833852767944336
0.5494346618652344 -2.9032106399536133 -0.28768062591552734
1.5706157684326172 -4.045235633850098 -0.2847299575805664
2.6745948791503906 -5.258642196655273 -0.28407907485961914
3.5611915588378906 -6.358641624450684 -0.2802553176879883
4.838626861572266 -6.316949844360352 -0.30271434783935547
6.235939025878906 -5.756268501281738 -0.30207252502441406
7.624095916748047 -5.179259300231934 -0.30753040313720703
8.953239440917969 -4.540626525878906 -0.3341083526611328
10.258949279785156 -3.8941116333007812 -0.34580326080322266
11.319969177246094 -3.172661781311035 -0.34562063217163086
10.957626342773438 -1.7639970779418945 -0.31673336029052734
10.55184555053711 -0.3618125915527344 -0.29193830490112305
10.057857513427734 1.0706558227539062 -0.27561330795288086

2
8.592079162597656 -14.793232917785645 -0.4430351257324219
7.528911590576172 -12.574953079223633 -0.4148554801940918
6.556037902832031 -10.410985946655273 -0.4085688591003418
5.590629577636719 -8.022939682006836 -0.42363548278808594
4.558452606201172 -5.626823425292969 -0.4150996208190918
3.356243133544922 -3.2031383514404297 -0.3828868865966797
1.1621875762939453 -2.0484399795532227 -0.36442089080810547
-1.1362018585205078 -2.759195327758789 -0.32330894470214844
-3.5907115936279297 -3.894181251525879 -0.27318334579467773
-6.020256042480469 -4.9850921630859375 -0.22337007522583008
-8.235092163085938 -5.964372634887695 -0.19345474243164062
-10.663541793823242 -7.002579689025879 -0.19194746017456055
-12.939783096313477 -8.002790451049805 -0.19498395919799805
-15.664117813110352 -9.16588020324707 -0.20145320892333984
-17.509220123291016 -9.911529541015625 -0.21564722061157227
-19.948787689208984 -10.94896125793457 -0.2115612030029297
-22.290119171142578 -11.970199584960938 -0.23580551147460938
-24.67499542236328 -13.010921478271484 -0.24854707717895508
-26.622182846069336 -13.82402229309082 -0.2497081756591797
-29.61408233642578 -14.768173217773438 -0.24837875366210938

1
-2.6471633911132812 6.689781188964844 -0.24365758895874023
-4.125165939331055 6.052524566650391 -0.2064676284790039
-5.642683029174805 5.461277008056641 -0.17435312271118164
-6.800014495849609 4.677389144897461 -0.1430530548095703
-6.1442108154296875 3.2335166931152344 -0.16068220138549805
-5.5181121826171875 1.8287315368652344 -0.17267513275146484
-4.845233917236328 0.34351444244384766 -0.18027687072753906
-4.159767150878906 -1.0798883438110352 -0.17803716659545898
-3.452524185180664 -2.6059703826904297 -0.1940135955810547
-3.0079879760742188 -4.117748260498047 -0.20749711990356445
-1.4650096893310547 -4.1794891357421875 -0.24101829528808594
0.009616851806640625 -3.794308662414551 -0.25716638565063477
1.7921562194824219 -3.4490842819213867 -0.29163026809692383
1.572153091430664 -2.0548410415649414 -0.29785823822021484
0.8792285919189453 -0.5747165679931641 -0.2937288284301758
0.27648162841796875 0.8075599670410156 -0.27793121337890625
-0.48886871337890625 2.3626022338867188 -0.27215003967285156
-1.2221393585205078 3.785551071166992 -0.2574944496154785
-1.8857345581054688 5.254249572753906 -0.25880956649780273
-2.590841293334961 6.724498748779297 -0.26375579833984375

0
-0.5042743682861328 14.994586944580078 -0.2548494338989258
-0.5155124664306641 14.972169876098633 -0.25316476821899414
-0.46644020080566406 14.930994033813477 -0.2537360191345215
-0.4534015655517578 14.862358093261719 -0.25395631790161133
-0.44419288635253906 14.805171966552734 -0.2512855529785156
-0.4261608123779297 14.73843002319336 -0.26004934310913086
-0.3736305236816406 14.673175811767578 -0.2688775062561035
-0.35636138916015625 14.615407943725586 -0.2730536460876465
-0.3399009704589844 14.550128936767578 -0.2704024314880371
-0.32251548767089844 14.494194030761719 -0.269686222076416
-0.31072235107421875 14.467905044555664 -0.27109479904174805
-0.26520347595214844 14.401559829711914 -0.2628364562988281
-0.23291397094726562 14.347816467285156 -0.264862060546875
-0.20379257202148438 14.276126861572266 -0.265042781829834
-0.21210098266601562 14.213062286376953 -0.26534271240234375
-0.19146728515625 14.151317596435547 -0.26453065872192383
-0.18042564392089844 14.10763168334961 -0.2687191963195801
-0.1387195587158203 14.063444137573242 -0.26616430282592773
-0.11047744750976562 13.959341049194336 -0.26830196380615234
-0.0631866455078125 13.96428108215332 -0.27551746368408203

1
10.633739471435547 11.43067741394043 -0.2033390998840332
9.060657501220703 10.964773178100586 -0.22547292709350586
7.945610046386719 10.602462768554688 -0.28734922409057617
6.809242248535156 9.936328887939453 -0.30795717239379883
7.0651397705078125 8.693321228027344 -0.30258607864379883
7.712627410888672 7.302803039550781 -0.2886390686035156
8.124786376953125 6.066335678100586 -0.2718195915222168
8.660575866699219 4.941167831420898 -0.27063465118408203
9.171897888183594 3.4617252349853516 -0.2875509262084961
9.935501098632812 2.012514114379883 -0.26868581771850586
11.079681396484375 1.9354095458984375 -0.28760528564453125
12.314289093017578 2.3585128784179688 -0.2992057800292969
13.466793060302734 2.8250961303710938 -0.3005833625793457
13.796394348144531 3.659757614135742 -0.27756166458129883
13.320281982421875 4.967449188232422 -0.2705531120300293
12.79531478881836 6.3396759033203125 -0.2664632797241211
12.387081146240234 7.689117431640625 -0.23440837860107422
11.818199157714844 8.794378280639648 -0.21624040603637695
11.193778991699219 10.020696640014648 -0.21494102478027344
10.750957489013672 11.430662155151367 -0.2122802734375

