1
3.4049224853515625 14.373706817626953 -0.22536993026733398
1.903860092163086 13.626625061035156 -0.21952104568481445
0.5512008666992188 13.047121047973633 -0.2065873146057129
-0.9335918426513672 12.226011276245117 -0.2076401710510254
-2.1382007598876953 11.525615692138672 -0.20178461074829102
-3.624666213989258 10.753877639770508 -0.18789148330688477
-4.794097900390625 9.960668563842773 -0.2038273811340332
-4.2451629638671875 8.399017333984375 -0.23065471649169922
-3.6466445922851562 6.944208145141602 -0.27233314514160156
-3.055988311767578 5.7808380126953125 -0.29857444763183594
-1.5763416290283203 6.591487884521484 -0.2899751663208008
-0.11693000793457031 7.329378128051758 -0.2923898696899414
1.2951774597167969 7.966468811035156 -0.28243398666381836
2.736125946044922 8.633371353149414 -0.27271604537963867
4.014659881591797 9.326995849609375 -0.27327537536621094
5.47900390625 10.052982330322266 -0.2742738723754883
6.563739776611328 10.853019714355469 -0.2670106887817383
5.450477600097656 12.109859466552734 -0.23979425430297852
4.492835998535156 13.224372863769531 -0.22939443588256836
3.409923553466797 14.394412994384766 -0.23086309432983398

1
9.745773315429688 1.4967002868652344 -0.26639461517333984
8.435375213623047 0.8343029022216797 -0.27428436279296875
7.038261413574219 0.19551658630371094 -0.27199840545654297
5.692264556884766 -0.42378807067871094 -0.2754487991333008
4.1776580810546875 -1.0331602096557617 -0.2711348533630371
2.6936798095703125 -1.577493667602539 -0.2838172912597656
1.5367851257324219 -2.291292190551758 -0.28307199478149414
0.3543987274169922 -2.86495304107666 -0.2856874465942383
1.4135856628417969 -3.993061065673828 -0.2837867736816406
2.6032180786132812 -5.186710357666016 -0.28376054763793945
3.5085487365722656 -6.180778503417969 -0.2740602493286133
4.8223114013671875 -6.153566360473633 -0.2908821105957031
6.118965148925781 -5.510414123535156 -0.29471874237060547
7.525310516357422 -4.880329132080078 -0.2998051643371582
8.82281494140625 -4.19249153137207 -0.32350587844848633
10.088790893554688 -3.4960594177246094 -0.33609580993652344
11.13064193725586 -2.808744430541992 -0.3361978530883789
10.735504150390625 -1.3964080810546875 -0.3068513870239258
10.275718688964844 0.07452201843261719 -0.27764368057250977
9.77572250366211 1.5010490417480469 -0.26555585861206055

2
16.149463653564453 14.789461135864258 -0.1520237922668457
15.389274597167969 14.45343017578125 -0.16013288497924805
14.836360931396484 14.138206481933594 -0.16547441482543945
14.019290924072266 13.761133193969727 -0.16884231567382812
13.232521057128906 13.40589714050293 -0.1754913330078125
12.452838897705078 13.046483993530273 -0.17684507369995117
11.6419677734375 12.677103042602539 -0.19289875030517578
10.777034759521484 12.283426284790039 -0.20207929611206055
10.051033020019531 11.922063827514648 -0.22563982009887695
9.23647689819336 11.513656616210938 -0.2345108985900879
8.50223159790039 11.08865737915039 -0.2387089729309082
7.855110168457031 10.814481735229492 -0.24136924743652344
6.85870361328125 10.640186309814453 -0.24955415725708008
6.1667633056640625 10.767135620117188 -0.2511420249938965
5.3823699951171875 11.162147521972656 -0.25742340087890625
4.762836456298828 11.827478408813477 -0.2512516975402832
4.2982025146484375 12.465766906738281 -0.24812936782836914
3.799041748046875 13.219919204711914 -0.23166608810424805
3.493541717529297 14.015302658081055 -0.223175048828125
3.2773399353027344 14.80150032043457 -0.21387910842895508

1
9.887748718261719 11.93574333190918 -0.18013620376586914
8.449607849121094 11.353715896606445 -0.2110304832458496
7.111961364746094 10.86471939086914 -0.2644767761230469
6.141365051269531 10.115839004516602 -0.28870058059692383
6.575626373291016 8.89714241027832 -0.29474973678588867
7.18914794921875 7.567373275756836 -0.2984762191772461
7.640140533447266 6.376047134399414 -0.2714052200317383
8.189140319824219 5.070638656616211 -0.26239776611328125
8.66634750366211 3.645456314086914 -0.27087926864624023
9.353145599365234 2.286771774291992 -0.2646331787109375
10.298324584960938 2.2131423950195312 -0.26604509353637695
11.585163116455078 2.753877639770508 -0.27600717544555664
12.813922882080078 3.3322315216064453 -0.2790684700012207
13.349262237548828 4.156888961791992 -0.2712388038635254
13.105148315429688 5.404048919677734 -0.27010583877563477
12.276092529296875 6.796682357788086 -0.25157642364501953
11.742267608642578 7.973932266235352 -0.23148727416992188
11.11318588256836 9.166305541992188 -0.20728397369384766
10.556785583496094 10.46099853515625 -0.2039022445678711
9.901729583740234 11.92916488647461 -0.2007122039794922

2
29.890846252441406 12.089805603027344 -0.1631760597229004
28.047264099121094 11.156618118286133 -0.1957559585571289
25.874542236328125 10.14278793334961 -0.2240767478942871
23.593399047851562 9.1451416015625 -0.2382669448852539
21.50127410888672 8.142463684082031 -0.2917823791503906
19.27682876586914 7.066337585449219 -0.3168172836303711
17.395889282226562 6.12647819519043 -0.320096492767334
15.1014404296875 5.146162033081055 -0.3188362121582031
12.974842071533203 4.507345199584961 -0.3250460624694824
11.362762451171875 4.548423767089844 -0.3393559455871582
9.382232666015625 3.1170825958251953 -0.3158531188964844
8.607624053955078 0.7900657653808594 -0.3135561943054199
9.364803314208984 -1.769606590270996 -0.3539152145385742
10.611656188964844 -3.493602752685547 -0.3784160614013672
11.868785858154297 -4.0286865234375 -0.4074978828430176
13.492862701416016 -6.156883239746094 -0.40002870559692383
14.61819839477539 -8.471488952636719 -0.39958667755126953
15.601032257080078 -10.559812545776367 -0.40070629119873047
16.614940643310547 -12.779946327209473 -0.39702844619750977
17.615966796875 -14.803033828735352 -0.399507999420166

2
8.969337463378906 -14.79043197631836 -0.4115171432495117
8.066558837890625 -12.703943252563477 -0.4023866653442383
6.943367004394531 -10.580971717834473 -0.4122657775878906
5.894077301025391 -8.385845184326172 -0.4048342704772949
4.904781341552734 -6.322141647338867 -0.41153717041015625
3.7893524169921875 -4.072261810302734 -0.41379451751708984
2.1809349060058594 -2.4940195083618164 -0.37500762939453125
-0.04741859436035156 -2.344027519226074 -0.33825254440307617
-2.2909812927246094 -3.3894052505493164 -0.31482601165771484
-4.697774887084961 -4.599027633666992 -0.2745938301086426
-6.654356002807617 -5.568467140197754 -0.24672412872314453
-8.806011199951172 -6.63906192779541 -0.21895456314086914
-10.853662490844727 -7.63054084777832 -0.21010875701904297
-13.076200485229492 -8.684490203857422 -0.21882390975952148
-15.13623046875 -9.664990425109863 -0.23048734664916992
-17.459972381591797 -10.7803955078125 -0.2440958023071289
-19.848390579223633 -11.920672416687012 -0.2595553398132324
-21.445430755615234 -12.76036262512207 -0.2661299705505371
-23.597240447998047 -13.798990249633789 -0.28800439834594727
-25.87804412841797 -14.839045524597168 -0.31046056747436523

2
-5.345722198486328 14.809938430786133 -0.30454397201538086
-4.483789443969727 12.962692260742188 -0.31459474563598633
-3.628978729248047 11.182710647583008 -0.3197193145751953
-2.69122314453125 9.295127868652344 -0.3598213195800781
-2.2882347106933594 7.005195617675781 -0.3357515335083008
-3.231485366821289 5.4293060302734375 -0.30492115020751953
-5.303230285644531 4.246772766113281 -0.2835521697998047
-7.120935440063477 3.546529769897461 -0.2509589195251465
-8.936803817749023 2.7157726287841797 -0.24121952056884766
-10.753194808959961 1.6862773895263672 -0.22253751754760742
-12.729850769042969 0.8206806182861328 -0.22048425674438477
-14.486485481262207 -0.027715682983398438 -0.20943546295166016
-16.292133331298828 -1.0051193237304688 -0.21105623245239258
-18.250873565673828 -1.8944482803344727 -0.1992330551147461
-20.1788330078125 -2.8205461502075195 -0.19993305206298828
-22.215667724609375 -3.7768325805664062 -0.20024776458740234
-24.16632652282715 -4.680933952331543 -0.19893836975097656
-26.062335968017578 -5.715781211853027 -0.1874680519104004
-28.02629280090332 -6.54808235168457 -0.1837930679321289
-29.872278213500977 -7.429724216461182 -0.1645503044128418

1
-3.2389755249023438 6.533910751342773 -0.2484579086303711
-4.623044967651367 5.871053695678711 -0.21306371688842773
-6.102479934692383 5.226177215576172 -0.17899703979492188
-7.384580612182617 4.351892471313477 -0.15175342559814453
-6.498369216918945 2.9199790954589844 -0.16792964935302734
-5.835895538330078 1.5606441497802734 -0.17902326583862305
-5.092231750488281 0.05636787414550781 -0.18514442443847656
-4.432012557983398 -1.3456897735595703 -0.186676025390625
-3.673358917236328 -2.798548698425293 -0.20230960845947266
-3.14862060546875 -4.283049583435059 -0.21141672134399414
-1.6111793518066406 -4.2719268798828125 -0.24805927276611328
-0.18047523498535156 -3.823049545288086 -0.2588043212890625
1.5677471160888672 -3.402216911315918 -0.28751468658447266
1.2999629974365234 -2.0078697204589844 -0.2915215492248535
0.5760631561279297 -0.5571632385253906 -0.28453826904296875
-0.0890350341796875 0.8433542251586914 -0.27935218811035156
-0.8489532470703125 2.33837890625 -0.26980113983154297
-1.6308116912841797 3.6905345916748047 -0.2608757019042969
-2.3025283813476562 5.156961441040039 -0.2638401985168457
-3.1527862548828125 6.602930068969727 -0.27605247497558594

0
-1.4623374938964844 14.995521545410156 -0.2738528251647949
-1.444234848022461 14.97269058227539 -0.25748586654663086
-1.4302501678466797 14.933780670166016 -0.2609219551086426
-1.4051780700683594 14.863283157348633 -0.2643461227416992
-1.3912506103515625 14.800519943237305 -0.2596321105957031
-1.3824214935302734 14.732942581176758 -0.2725696563720703
-1.3378753662109375 14.66635513305664 -0.2811241149902344
-1.3085899353027344 14.610689163208008 -0.28034400939941406
-1.2999725341796875 14.555967330932617 -0.27463340759277344
-1.279510498046875 14.478189468383789 -0.2755880355834961
-1.260702133178711 14.442283630371094 -0.27771520614624023
-1.2153892517089844 14.372459411621094 -0.2716226577758789
-1.1854591369628906 14.305194854736328 -0.2695798873901367
-1.1641654968261719 14.26054573059082 -0.2686448097229004
-1.1426849365234375 14.186466217041016 -0.2722053527832031
-1.1036796569824219 14.094301223754883 -0.2740960121154785
-1.0953178405761719 14.053173065185547 -0.27995777130126953
-1.0409584045410156 14.00309944152832 -0.2731156349182129
-0.9999923706054688 13.910308837890625 -0.2730841636657715
-0.9221057891845703 13.85963249206543 -0.28470420837402344

