1
9.465747833251953 1.8674144744873047 -0.2489333152770996
8.127761840820312 1.1865711212158203 -0.26064014434814453
6.820030212402344 0.46584033966064453 -0.2611513137817383
5.371685028076172 -0.18613815307617188 -0.2664799690246582
3.8641319274902344 -0.9023275375366211 -0.26777172088623047
2.4866905212402344 -1.486276626586914 -0.2792668342590332
1.235250473022461 -2.2502212524414062 -0.28291988372802734
0.22550582885742188 -2.886434555053711 -0.2814960479736328
1.2658805847167969 -3.927194595336914 -0.2815976142883301
2.5253944396972656 -5.0505218505859375 -0.28270816802978516
3.5261688232421875 -6.067607879638672 -0.2686347961425781
4.806438446044922 -6.00302791595459 -0.27994632720947266
6.042179107666016 -5.28041934967041 -0.2885136604309082
7.394561767578125 -4.57609748840332 -0.29380226135253906
8.673648834228516 -3.8357925415039062 -0.3103351593017578
9.929977416992188 -3.0751266479492188 -0.3240804672241211
11.047698974609375 -2.3380470275878906 -0.3270401954650879
10.559165954589844 -1.0049009323120117 -0.2986335754394531
10.011837005615234 0.42943382263183594 -0.2648153305053711
9.468143463134766 1.870981216430664 -0.2483510971069336

2
14.100692749023438 14.806034088134766 -0.13511037826538086
13.515682220458984 14.45672607421875 -0.14223146438598633
12.847305297851562 14.134773254394531 -0.15334177017211914
12.119140625 13.76620864868164 -0.16674375534057617
11.371269226074219 13.380159378051758 -0.17156028747558594
10.72817611694336 13.037088394165039 -0.18381166458129883
9.900272369384766 12.588829040527344 -0.20413970947265625
9.287940979003906 12.281238555908203 -0.2181835174560547
8.743152618408203 11.956932067871094 -0.23088836669921875
8.061302185058594 11.547115325927734 -0.23818397521972656
7.345134735107422 11.143680572509766 -0.2517690658569336
6.759517669677734 11.036748886108398 -0.25547027587890625
5.820472717285156 11.012332916259766 -0.25339651107788086
5.215423583984375 11.156574249267578 -0.2559013366699219
4.434986114501953 11.579975128173828 -0.2692108154296875
3.844085693359375 12.212905883789062 -0.25448131561279297
3.4650306701660156 12.780670166015625 -0.2559986114501953
3.0294647216796875 13.429510116577148 -0.23774433135986328
2.7329139709472656 14.146903991699219 -0.2294917106628418
2.4704742431640625 14.802865982055664 -0.22228097915649414

1
8.966667175292969 12.166500091552734 -0.16751623153686523
7.5212249755859375 11.560287475585938 -0.20259904861450195
6.441032409667969 11.12497329711914 -0.26113224029541016
5.542804718017578 10.402658462524414 -0.28700685501098633
5.965030670166016 9.189470291137695 -0.28645801544189453
6.639667510986328 7.826353073120117 -0.28829002380371094
7.105022430419922 6.609561920166016 -0.2698526382446289
7.778629302978516 5.3611602783203125 -0.2602715492248535
8.314868927001953 3.858917236328125 -0.26381635665893555
9.040321350097656 2.6477699279785156 -0.2539653778076172
9.94308090209961 2.5850162506103516 -0.2602262496948242
11.162799835205078 3.180572509765625 -0.2566642761230469
12.34976577758789 3.8237037658691406 -0.2575540542602539
13.07027816772461 4.651756286621094 -0.2632884979248047
12.628158569335938 5.932582855224609 -0.2614445686340332
11.758926391601562 7.203212738037109 -0.23468685150146484
11.095035552978516 8.40842056274414 -0.22426605224609375
10.404373168945312 9.558164596557617 -0.20293807983398438
9.73758316040039 10.828557968139648 -0.19954299926757812
9.056427001953125 12.262121200561523 -0.18503522872924805

2
9.502323150634766 -14.796792030334473 -0.40462541580200195
8.490287780761719 -12.792328834533691 -0.39701271057128906
7.403289794921875 -10.794523239135742 -0.40062475204467773
6.292926788330078 -8.717184066772461 -0.3986659049987793
5.228965759277344 -6.758919715881348 -0.3999009132385254
4.182956695556641 -4.746491432189941 -0.4115619659423828
2.7840423583984375 -2.8920183181762695 -0.3835334777832031
0.6229991912841797 -2.2118873596191406 -0.35129642486572266
-1.4435482025146484 -2.9237823486328125 -0.32773494720458984
-3.707094192504883 -4.249085426330566 -0.2948460578918457
-5.573709487915039 -5.224994659423828 -0.26003408432006836
-7.525152206420898 -6.2432403564453125 -0.2348952293395996
-9.708372116088867 -7.426005840301514 -0.21304988861083984
-11.693489074707031 -8.428791999816895 -0.21849679946899414
-13.62228012084961 -9.456453323364258 -0.23141241073608398
-15.992559432983398 -10.65785026550293 -0.2454051971435547
-17.940250396728516 -11.751958847045898 -0.26137685775756836
-19.745586395263672 -12.715888977050781 -0.2888069152832031
-21.701324462890625 -13.817678451538086 -0.30716705322265625
-23.763315200805664 -14.858599662780762 -0.29968976974487305

2
29.85437774658203 13.912385940551758 -0.10735273361206055
28.149272918701172 12.744791030883789 -0.13402175903320312
25.892589569091797 11.524221420288086 -0.17598390579223633
23.718158721923828 10.401128768920898 -0.18511390686035156
21.41061782836914 9.22808837890625 -0.23923778533935547
19.022045135498047 8.000320434570312 -0.28319215774536133
17.149944305419922 6.976163864135742 -0.2856025695800781
14.669193267822266 5.6893463134765625 -0.2852611541748047
12.436019897460938 4.916532516479492 -0.3012809753417969
11.051410675048828 4.849040985107422 -0.32417821884155273
8.875938415527344 3.39190673828125 -0.3024306297302246
8.352935791015625 0.6542339324951172 -0.3048586845397949
9.289512634277344 -1.6795129776000977 -0.345212459564209
10.718315124511719 -3.139657974243164 -0.36568546295166016
12.214515686035156 -3.815690040588379 -0.39559507369995117
13.814197540283203 -6.145859718322754 -0.3831000328063965
15.021114349365234 -8.341485977172852 -0.37598323822021484
16.084651947021484 -10.525596618652344 -0.3818516731262207
17.21881103515625 -12.731505393981934 -0.36159181594848633
18.40488052368164 -14.801629066467285 -0.362062931060791

2
-6.269018173217773 14.803234100341797 -0.32268762588500977
-5.381710052490234 13.017255783081055 -0.32367897033691406
-4.414304733276367 11.310285568237305 -0.32825708389282227
-3.4584503173828125 9.48750114440918 -0.3630247116088867
-2.758787155151367 7.200389862060547 -0.3543243408203125
-3.5802249908447266 5.463994979858398 -0.32505083084106445
-5.537317276000977 4.207942962646484 -0.30397844314575195
-7.198173522949219 3.419078826904297 -0.27450990676879883
-9.157159805297852 2.442066192626953 -0.26003360748291016
-10.965625762939453 1.3283519744873047 -0.25342416763305664
-12.945365905761719 0.4212360382080078 -0.253354549407959
-14.685736656188965 -0.4931821823120117 -0.24311351776123047
-16.50241470336914 -1.5804939270019531 -0.23935842514038086
-18.440380096435547 -2.6102590560913086 -0.23819828033447266
-20.368330001831055 -3.6378965377807617 -0.23921871185302734
-22.411048889160156 -4.603093147277832 -0.25016260147094727
-24.158952713012695 -5.668865203857422 -0.2533087730407715
-26.069591522216797 -6.557271957397461 -0.24602508544921875
-28.069795608520508 -7.586601734161377 -0.2444601058959961
-29.860620498657227 -8.579309463500977 -0.22661733627319336

0
-2.441556930541992 14.994791030883789 -0.29129934310913086
-2.4082183837890625 14.970727920532227 -0.27991247177124023
-2.3660621643066406 14.9237060546875 -0.27951622009277344
-2.3283538818359375 14.840536117553711 -0.28655433654785156
-2.3002166748046875 14.773983001708984 -0.27121496200561523
-2.2750320434570312 14.711055755615234 -0.27851438522338867
-2.2237319946289062 14.646343231201172 -0.2828655242919922
-2.1787490844726562 14.564300537109375 -0.2854647636413574
-2.169330596923828 14.517065048217773 -0.2784404754638672
-2.135934829711914 14.428123474121094 -0.2778463363647461
-2.114126205444336 14.408185958862305 -0.28100061416625977
-2.0694351196289062 14.325939178466797 -0.28052473068237305
-2.0301132202148438 14.264266967773438 -0.27440500259399414
-2.0201892852783203 14.233375549316406 -0.27413082122802734
-1.9924449920654297 14.165760040283203 -0.2764139175415039
-1.9573173522949219 14.09139633178711 -0.27689409255981445
-1.9264469146728516 14.024063110351562 -0.2813987731933594
-1.8798103332519531 13.962722778320312 -0.27875614166259766
-1.8300800323486328 13.871614456176758 -0.2860288619995117
-1.7480449676513672 13.785423278808594 -0.29183244705200195

1
-3.698659896850586 6.44550895690918 -0.2623319625854492
-5.179819107055664 5.682306289672852 -0.22727441787719727
-6.664295196533203 5.000156402587891 -0.19148015975952148
-7.897987365722656 4.143196105957031 -0.16838741302490234
-6.96759033203125 2.695669174194336 -0.18086004257202148
-6.218780517578125 1.360198974609375 -0.1911015510559082
-5.421892166137695 -0.12947654724121094 -0.19321966171264648
-4.698905944824219 -1.5235376358032227 -0.19834566116333008
-3.8505706787109375 -2.938650131225586 -0.21001100540161133
-3.2787246704101562 -4.412991523742676 -0.21488046646118164
-1.709646224975586 -4.372946739196777 -0.2532773017883301
-0.31790924072265625 -3.875581741333008 -0.26085805892944336
1.3335723876953125 -3.3952407836914062 -0.2858552932739258
1.0398788452148438 -2.003480911254883 -0.28536415100097656
0.36981964111328125 -0.5721797943115234 -0.28542375564575195
-0.44550323486328125 0.7592382431030273 -0.2828812599182129
-1.3243904113769531 2.2645492553710938 -0.2769341468811035
-2.128957748413086 3.6275901794433594 -0.2729825973510742
-2.8614368438720703 5.058616638183594 -0.27986812591552734
-3.682985305786133 6.468873977661133 -0.29241037368774414

1
2.542461395263672 14.539525985717773 -0.23383092880249023
0.9649696350097656 13.824411392211914 -0.2252802848815918
-0.1567821502685547 13.007198333740234 -0.21223974227905273
-1.6070308685302734 12.209453582763672 -0.21886014938354492
-2.8271121978759766 11.481090545654297 -0.20136165618896484
-4.280080795288086 10.644054412841797 -0.1918487548828125
-5.470088958740234 9.733036041259766 -0.2084503173828125
-4.899787902832031 8.27547836303711 -0.23724699020385742
-4.269950866699219 6.745086669921875 -0.28710317611694336
-3.6300506591796875 5.627046585083008 -0.3066859245300293
-2.190776824951172 6.463499069213867 -0.2979164123535156
-0.6565990447998047 7.331214904785156 -0.3007378578186035
0.6249504089355469 7.986780166625977 -0.29208803176879883
2.1044044494628906 8.778570175170898 -0.28082752227783203
3.3983993530273438 9.544118881225586 -0.27478885650634766
4.858951568603516 10.372032165527344 -0.2714500427246094
5.906974792480469 11.220132827758789 -0.2599797248840332
4.745403289794922 12.316564559936523 -0.23423337936401367
3.6624679565429688 13.421876907348633 -0.21962976455688477
2.5991439819335938 14.526386260986328 -0.23187494277954102

