1
9.01126480102539 2.2596397399902344 -0.23375892639160156
7.682117462158203 1.4750614166259766 -0.24691247940063477
6.520301818847656 0.661829948425293 -0.24193429946899414
5.1234588623046875 0.03590202331542969 -0.25058507919311523
3.5868911743164062 -0.7938470840454102 -0.26204347610473633
2.3409271240234375 -1.3874235153198242 -0.2718477249145508
0.9061031341552734 -2.208113670349121 -0.2785830497741699
0.05840110778808594 -2.8698511123657227 -0.27453136444091797
1.2145824432373047 -3.914717674255371 -0.27100086212158203
2.4198989868164062 -4.976353645324707 -0.2763028144836426
3.4549179077148438 -5.9125261306762695 -0.25856876373291016
4.73419189453125 -5.799215316772461 -0.26537656784057617
5.941867828369141 -5.018909454345703 -0.27333784103393555
7.271392822265625 -4.22138786315918 -0.2788047790527344
8.575992584228516 -3.4550647735595703 -0.2882404327392578
9.754283905029297 -2.7219667434692383 -0.3052639961242676
10.894149780273438 -1.8644628524780273 -0.3089628219604492
10.246410369873047 -0.6107873916625977 -0.2792649269104004
9.607734680175781 0.7965984344482422 -0.24711847305297852
9.040775299072266 2.2532119750976562 -0.23088455200195312

2
12.344596862792969 14.806371688842773 -0.1546158790588379
11.755298614501953 14.445877075195312 -0.1563553810119629
11.244033813476562 14.171030044555664 -0.17168188095092773
10.495368957519531 13.774982452392578 -0.17914533615112305
9.86810302734375 13.430437088012695 -0.18664836883544922
9.212921142578125 13.065326690673828 -0.20574045181274414
8.447795867919922 12.61260986328125 -0.23299026489257812
7.910011291503906 12.317850112915039 -0.2456798553466797
7.260051727294922 11.928104400634766 -0.26521778106689453
6.740467071533203 11.580486297607422 -0.2629890441894531
6.049652099609375 11.21965217590332 -0.27845001220703125
5.398563385009766 11.15882682800293 -0.2802443504333496
4.662895202636719 11.254289627075195 -0.28528738021850586
3.9861068725585938 11.454854965209961 -0.2875490188598633
3.4093246459960938 11.803556442260742 -0.2926044464111328
2.883777618408203 12.374773025512695 -0.28255271911621094
2.5170669555664062 12.960372924804688 -0.27560997009277344
2.1400833129882812 13.55952262878418 -0.2682013511657715
1.8193359375 14.190713882446289 -0.26689767837524414
1.5168933868408203 14.798593521118164 -0.2608323097229004

2
9.942481994628906 -14.802088737487793 -0.33951282501220703
8.851646423339844 -12.900418281555176 -0.3266477584838867
7.792560577392578 -11.013874053955078 -0.3418769836425781
6.6089019775390625 -9.069680213928223 -0.34663820266723633
5.540180206298828 -7.189264297485352 -0.35303688049316406
4.487342834472656 -5.274117469787598 -0.37820863723754883
3.2641754150390625 -3.3585100173950195 -0.3764653205871582
1.2479629516601562 -2.1785078048706055 -0.3522171974182129
-0.5431499481201172 -2.4309253692626953 -0.3256187438964844
-2.6597213745117188 -3.7142534255981445 -0.301666259765625
-4.608697891235352 -4.8503007888793945 -0.2592344284057617
-6.415355682373047 -5.878162384033203 -0.2324972152709961
-8.456592559814453 -7.096831798553467 -0.20293951034545898
-10.192207336425781 -8.128421783447266 -0.20688772201538086
-12.17115592956543 -9.287195205688477 -0.21269989013671875
-14.071246147155762 -10.415996551513672 -0.22449922561645508
-15.968297958374023 -11.518742561340332 -0.2541923522949219
-17.706850051879883 -12.586907386779785 -0.27144908905029297
-19.65664291381836 -13.72138500213623 -0.28252124786376953
-21.598995208740234 -14.838035583496094 -0.2905445098876953

1
8.214286804199219 12.517629623413086 -0.1858968734741211
6.823509216308594 11.880369186401367 -0.22072887420654297
5.576503753662109 11.305889129638672 -0.27651357650756836
4.791896820068359 10.52859878540039 -0.30666160583496094
5.337551116943359 9.299665451049805 -0.29772424697875977
5.978046417236328 8.065862655639648 -0.30112266540527344
6.585666656494141 6.785137176513672 -0.2760281562805176
7.205059051513672 5.705076217651367 -0.2660708427429199
7.799980163574219 4.202617645263672 -0.2559647560119629
8.553611755371094 2.9378662109375 -0.24777555465698242
9.431930541992188 3.0069618225097656 -0.24695825576782227
10.696479797363281 3.667156219482422 -0.2506246566772461
11.88010025024414 4.316804885864258 -0.2559823989868164
12.633186340332031 5.202136993408203 -0.26468563079833984
11.955375671386719 6.471832275390625 -0.2553572654724121
11.18062973022461 7.609411239624023 -0.2315211296081543
10.478199005126953 8.829034805297852 -0.2309856414794922
9.797954559326172 10.032281875610352 -0.2155447006225586
9.0594482421875 11.26473617553711 -0.2041764259338379
8.404666900634766 12.603416442871094 -0.19638967514038086

1
1.6628990173339844 14.606536865234375 -0.28195810317993164
0.2576751708984375 13.790548324584961 -0.2707843780517578
-1.093790054321289 12.993986129760742 -0.2618708610534668
-2.520538330078125 12.093849182128906 -0.27420520782470703
-3.7290267944335938 11.248506546020508 -0.2718501091003418
-5.084745407104492 10.442893981933594 -0.26406002044677734
-6.085794448852539 9.508525848388672 -0.263185977935791
-5.468870162963867 8.060369491577148 -0.2947402000427246
-4.830326080322266 6.491350173950195 -0.32169294357299805
-4.178304672241211 5.452610015869141 -0.337857723236084
-2.7432861328125 6.359949111938477 -0.32773828506469727
-1.2876434326171875 7.232645034790039 -0.32124757766723633
0.011890411376953125 8.059938430786133 -0.31433773040771484
1.171041488647461 8.754520416259766 -0.3000016212463379
2.606658935546875 9.611515045166016 -0.2777109146118164
4.249881744384766 10.440658569335938 -0.2761826515197754
5.28875732421875 11.424346923828125 -0.2620983123779297
3.938495635986328 12.395772933959961 -0.25899219512939453
2.795391082763672 13.458906173706055 -0.2666196823120117
1.6545581817626953 14.595373153686523 -0.2811765670776367

2
-7.3951873779296875 14.809555053710938 -0.36716127395629883
-6.436576843261719 13.05392837524414 -0.35297393798828125
-5.389186859130859 11.37139892578125 -0.3561081886291504
-4.38420295715332 9.602554321289062 -0.38319969177246094
-3.3336639404296875 7.343250274658203 -0.3837294578552246
-3.981658935546875 5.499345779418945 -0.3505516052246094
-5.789758682250977 4.062381744384766 -0.32410526275634766
-7.379167556762695 3.206663131713867 -0.29677629470825195
-9.410175323486328 2.081836700439453 -0.2849268913269043
-11.20350456237793 0.9035558700561523 -0.2764897346496582
-13.131050109863281 -0.09043502807617188 -0.2749791145324707
-14.906522750854492 -1.1116256713867188 -0.2631564140319824
-16.665634155273438 -2.3203248977661133 -0.2613358497619629
-18.698562622070312 -3.422703742980957 -0.256497859954834
-20.533477783203125 -4.402408599853516 -0.2547473907470703
-22.647449493408203 -5.784917831420898 -0.2702150344848633
-24.338499069213867 -6.676197052001953 -0.27337121963500977
-26.159284591674805 -7.876502513885498 -0.2645549774169922
-28.011886596679688 -8.90917682647705 -0.2788734436035156
-29.87830924987793 -9.919876098632812 -0.2651219367980957

1
-4.2477874755859375 6.282989501953125 -0.29361486434936523
-5.657543182373047 5.496147155761719 -0.25470447540283203
-7.081621170043945 4.692073822021484 -0.21909236907958984
-8.365303039550781 3.7909908294677734 -0.19085168838500977
-7.3793182373046875 2.365823745727539 -0.20068931579589844
-6.579813003540039 1.045318603515625 -0.2055506706237793
-5.719448089599609 -0.3490743637084961 -0.20468473434448242
-4.929607391357422 -1.727884292602539 -0.20735883712768555
-4.047609329223633 -3.0965261459350586 -0.20703601837158203
-3.370412826538086 -4.507841110229492 -0.2056870460510254
-1.8334522247314453 -4.447405815124512 -0.24447202682495117
-0.43543052673339844 -3.863677978515625 -0.25378990173339844
1.2304611206054688 -3.28879451751709 -0.2764625549316406
0.7738323211669922 -1.9552087783813477 -0.27767038345336914
-0.0076732635498046875 -0.5517559051513672 -0.28795289993286133
-0.7944660186767578 0.7350883483886719 -0.28675222396850586
-1.7178974151611328 2.1866626739501953 -0.2898406982421875
-2.5841331481933594 3.514007568359375 -0.2913808822631836
-3.3880081176757812 4.8963165283203125 -0.30659961700439453
-4.324699401855469 6.331886291503906 -0.32049989700317383

2
28.33368682861328 14.82391357421875 -0.11605548858642578
26.577415466308594 13.645784378051758 -0.12011575698852539
24.886425018310547 12.607725143432617 -0.1556248664855957
22.7669677734375 11.359676361083984 -0.17090606689453125
20.378570556640625 10.015329360961914 -0.21874237060546875
18.013568878173828 8.627164840698242 -0.2658047676086426
16.059986114501953 7.425006866455078 -0.27341461181640625
13.613204956054688 6.062990188598633 -0.2797074317932129
11.002899169921875 5.2955322265625 -0.30669355392456055
9.846641540527344 5.192638397216797 -0.3281846046447754
8.168556213378906 3.404712677001953 -0.28961658477783203
8.158679962158203 0.3194923400878906 -0.3063054084777832
9.452442169189453 -1.7487916946411133 -0.3230290412902832
10.964218139648438 -2.7562999725341797 -0.3348855972290039
12.631488800048828 -3.8112945556640625 -0.34166717529296875
14.228424072265625 -6.409232139587402 -0.3204469680786133
15.589569091796875 -8.672189712524414 -0.30808448791503906
16.721065521240234 -10.67055892944336 -0.3021678924560547
17.833900451660156 -12.705432891845703 -0.2852492332458496
19.185134887695312 -14.818340301513672 -0.269930362701416

0
-3.379373550415039 14.99504280090332 -0.3282313346862793
-3.3415870666503906 14.972827911376953 -0.31911325454711914
-3.3699283599853516 14.924192428588867 -0.31414270401000977
-3.3212509155273438 14.82107162475586 -0.323941707611084
-3.2866954803466797 14.745450973510742 -0.30345582962036133
-3.263782501220703 14.693197250366211 -0.30489683151245117
-3.2129135131835938 14.635189056396484 -0.30098819732666016
-3.1872901916503906 14.575231552124023 -0.30165672302246094
-3.147663116455078 14.505668640136719 -0.29973268508911133
-3.1294517517089844 14.411819458007812 -0.29468441009521484
-3.0943756103515625 14.391901016235352 -0.2944002151489258
-3.057893753051758 14.33262825012207 -0.2964320182800293
-3.020357131958008 14.268617630004883 -0.29544639587402344
-2.9886016845703125 14.210140228271484 -0.29984092712402344
-2.964590072631836 14.150617599487305 -0.3034787178039551
-2.909198760986328 14.051641464233398 -0.30929136276245117
-2.8892860412597656 13.979373931884766 -0.3074932098388672
-2.817686080932617 13.889259338378906 -0.3189091682434082
-2.7514495849609375 13.813596725463867 -0.32795143127441406
-2.7231616973876953 13.730487823486328 -0.32395410537719727

