1
0.7765178680419922 14.595605850219727 -0.3064761161804199
-0.6224174499511719 13.747711181640625 -0.2956576347351074
-1.9527530670166016 12.82618522644043 -0.28430652618408203
-3.2623538970947266 11.91256332397461 -0.29103517532348633
-4.557973861694336 11.072214126586914 -0.2862434387207031
-5.869379043579102 10.196643829345703 -0.28653621673583984
-6.721075057983398 9.220157623291016 -0.2773103713989258
-6.051183700561523 7.754329681396484 -0.31186676025390625
-5.311639785766602 6.32396125793457 -0.3358330726623535
-4.587087631225586 5.285467147827148 -0.34908628463745117
-3.178071975708008 6.214504241943359 -0.34467458724975586
-1.8719825744628906 7.136899948120117 -0.3397960662841797
-0.6771373748779297 7.973289489746094 -0.3326268196105957
0.5280055999755859 8.866157531738281 -0.31804704666137695
1.9365119934082031 9.715627670288086 -0.302462100982666
3.4643821716308594 10.63902473449707 -0.3053293228149414
4.419795989990234 11.67512321472168 -0.29998016357421875
3.052520751953125 12.559415817260742 -0.2899947166442871
1.940938949584961 13.576478958129883 -0.2971043586730957
0.8003673553466797 14.58051872253418 -0.2944178581237793

1
8.605010986328125 2.6349353790283203 -0.2276606559753418
7.416084289550781 1.7874374389648438 -0.24658823013305664
6.174751281738281 0.942347526550293 -0.24477481842041016
4.8634796142578125 0.3193778991699219 -0.24910640716552734
3.3520050048828125 -0.5938482284545898 -0.259979248046875
2.1607818603515625 -1.299154281616211 -0.27022314071655273
0.6063232421875 -2.1751480102539062 -0.2773733139038086
-0.10867118835449219 -2.908867835998535 -0.2713913917541504
1.01873779296875 -3.8332014083862305 -0.26290130615234375
2.342662811279297 -4.901726722717285 -0.27178001403808594
3.4081192016601562 -5.743494033813477 -0.24979686737060547
4.642215728759766 -5.599905967712402 -0.24626588821411133
5.823070526123047 -4.779687881469727 -0.2633519172668457
7.135982513427734 -3.9558286666870117 -0.26833438873291016
8.482913970947266 -3.124932289123535 -0.2730579376220703
9.663387298583984 -2.345834732055664 -0.2928299903869629
10.670356750488281 -1.4089975357055664 -0.30328798294067383
10.005790710449219 -0.1414470672607422 -0.27433204650878906
9.278400421142578 1.1911773681640625 -0.24689054489135742
8.662315368652344 2.672361373901367 -0.22753286361694336

1
7.373134613037109 12.871086120605469 -0.20409440994262695
6.069789886474609 12.184120178222656 -0.24211883544921875
4.711265563964844 11.572261810302734 -0.30441808700561523
3.936084747314453 10.78175163269043 -0.33158397674560547
4.573066711425781 9.481565475463867 -0.3204035758972168
5.31103515625 8.246894836425781 -0.31658124923706055
6.006084442138672 7.033670425415039 -0.28911352157592773
6.7142791748046875 5.929515838623047 -0.28420495986938477
7.282539367675781 4.577192306518555 -0.26523685455322266
8.068656921386719 3.2932167053222656 -0.2486896514892578
9.00857925415039 3.3683624267578125 -0.24172353744506836
10.27423095703125 4.059486389160156 -0.2525792121887207
11.519638061523438 4.810031890869141 -0.2585163116455078
12.013805389404297 5.723178863525391 -0.27071094512939453
11.299995422363281 6.9658355712890625 -0.2567148208618164
10.522327423095703 8.09683609008789 -0.23737573623657227
9.76104736328125 9.23232650756836 -0.23437070846557617
9.088935852050781 10.395391464233398 -0.22464704513549805
8.232952117919922 11.571477890014648 -0.21309995651245117
7.54461669921875 12.884084701538086 -0.20206356048583984

2
10.503913879394531 14.801992416381836 -0.20653486251831055
9.996726989746094 14.44984245300293 -0.19734477996826172
9.414226531982422 14.143545150756836 -0.2128300666809082
8.744754791259766 13.76620101928711 -0.22198152542114258
8.289901733398438 13.386423110961914 -0.2272624969482422
7.817775726318359 13.04545783996582 -0.24218273162841797
7.183490753173828 12.630075454711914 -0.2708930969238281
6.7336578369140625 12.337947845458984 -0.2828330993652344
6.137218475341797 11.952417373657227 -0.2899169921875
5.558982849121094 11.624246597290039 -0.28914690017700195
4.859992980957031 11.397253036499023 -0.29766845703125
4.178035736083984 11.390457153320312 -0.30365800857543945
3.5011749267578125 11.481182098388672 -0.31351804733276367
2.9735069274902344 11.70553970336914 -0.30698204040527344
2.4246177673339844 12.064144134521484 -0.31104326248168945
1.9679756164550781 12.570335388183594 -0.3083682060241699
1.6368236541748047 13.15617561340332 -0.29593706130981445
1.300302505493164 13.718303680419922 -0.2885622978210449
0.9744358062744141 14.23491096496582 -0.2874584197998047
0.6225166320800781 14.797359466552734 -0.29195213317871094

2
10.69207763671875 -14.80892562866211 -0.2986726760864258
9.497352600097656 -13.037348747253418 -0.2931947708129883
8.32607650756836 -11.224710464477539 -0.3021078109741211
7.148197174072266 -9.398826599121094 -0.314849853515625
5.978515625 -7.594345569610596 -0.3255586624145508
4.851982116699219 -5.778132438659668 -0.3513355255126953
3.714855194091797 -4.020843505859375 -0.3708767890930176
2.11083984375 -2.4988231658935547 -0.35463476181030273
0.36268043518066406 -2.1060256958007812 -0.330172061920166
-1.7365779876708984 -3.0532941818237305 -0.3143749237060547
-3.852907180786133 -4.45014762878418 -0.2687211036682129
-5.452337265014648 -5.4516496658325195 -0.2381443977355957
-7.26624870300293 -6.668859481811523 -0.21046972274780273
-8.993715286254883 -7.781938076019287 -0.20104598999023438
-10.727790832519531 -8.889402389526367 -0.2032766342163086
-12.564666748046875 -10.09329605102539 -0.21017122268676758
-14.4468994140625 -11.313416481018066 -0.23400163650512695
-16.246448516845703 -12.5130615234375 -0.25119781494140625
-18.192546844482422 -13.718738555908203 -0.2599215507507324
-19.909347534179688 -14.85396957397461 -0.2506394386291504

2
-8.576847076416016 14.825119018554688 -0.383695125579834
-7.477668762207031 13.10031509399414 -0.36965417861938477
-6.293102264404297 11.397794723510742 -0.3716287612915039
-5.142812728881836 9.690670013427734 -0.40105199813842773
-3.934774398803711 7.56971549987793 -0.4018373489379883
-4.304540634155273 5.534759521484375 -0.3727102279663086
-6.007549285888672 3.9464988708496094 -0.3394012451171875
-7.620037078857422 2.943449020385742 -0.3112363815307617
-9.52354621887207 1.7730388641357422 -0.2965559959411621
-11.34956169128418 0.5177125930786133 -0.28449201583862305
-13.164241790771484 -0.5569982528686523 -0.2819027900695801
-15.027361869812012 -1.7163066864013672 -0.2688021659851074
-16.826717376708984 -3.009859085083008 -0.26532506942749023
-18.831256866455078 -4.13802433013916 -0.2604646682739258
-20.658920288085938 -5.358804702758789 -0.26769113540649414
-22.618745803833008 -6.607388496398926 -0.26992082595825195
-24.395801544189453 -7.77849006652832 -0.27602624893188477
-26.3679141998291 -8.859909057617188 -0.26796817779541016
-28.11778450012207 -10.099560737609863 -0.28789854049682617
-29.84386444091797 -11.56031608581543 -0.270658016204834

1
-4.710090637207031 6.123041152954102 -0.3087916374206543
-6.201953887939453 5.215587615966797 -0.27116870880126953
-7.581256866455078 4.359140396118164 -0.2334914207458496
-8.728309631347656 3.4189929962158203 -0.20130634307861328
-7.774007797241211 2.061594009399414 -0.20651578903198242
-6.949352264404297 0.7428379058837891 -0.2095041275024414
-6.054767608642578 -0.5949058532714844 -0.20960617065429688
-5.230205535888672 -1.9704761505126953 -0.20839881896972656
-4.291358947753906 -3.2754077911376953 -0.20217037200927734
-3.514345169067383 -4.67315673828125 -0.19726800918579102
-2.0513648986816406 -4.605973243713379 -0.23561906814575195
-0.5713119506835938 -3.9246177673339844 -0.25020313262939453
1.0686702728271484 -3.26192569732666 -0.27170658111572266
0.5301074981689453 -1.977783203125 -0.27375268936157227
-0.4050788879394531 -0.6040372848510742 -0.28983306884765625
-1.1765689849853516 0.6273612976074219 -0.28905153274536133
-2.1268138885498047 2.035755157470703 -0.29535770416259766
-3.0158023834228516 3.391223907470703 -0.30168628692626953
-3.885265350341797 4.731719970703125 -0.3180689811706543
-4.805686950683594 6.1366119384765625 -0.3341064453125

0
-4.5426483154296875 14.99570083618164 -0.37688779830932617
-4.473323822021484 14.969226837158203 -0.3745737075805664
-4.465793609619141 14.928421020507812 -0.3736100196838379
-4.387691497802734 14.841079711914062 -0.3665809631347656
-4.339042663574219 14.766754150390625 -0.3646879196166992
-4.297224044799805 14.683147430419922 -0.3741135597229004
-4.278841018676758 14.605831146240234 -0.36544322967529297
-4.249195098876953 14.540103912353516 -0.3530693054199219
-4.195121765136719 14.43459701538086 -0.3487086296081543
-4.158832550048828 14.360908508300781 -0.34560632705688477
-4.0677642822265625 14.23011589050293 -0.3453645706176758
-4.049470901489258 14.178844451904297 -0.3514413833618164
-4.005195617675781 14.101024627685547 -0.36623334884643555
-3.948751449584961 14.053153991699219 -0.37254905700683594
-3.8996219635009766 13.96525764465332 -0.3705153465270996
-3.8364830017089844 13.88150405883789 -0.3646273612976074
-3.7940750122070312 13.804912567138672 -0.36586523056030273
-3.7282238006591797 13.69572639465332 -0.36321258544921875
-3.722166061401367 13.650592803955078 -0.35680389404296875
-3.6809234619140625 13.595653533935547 -0.34771251678466797

2
25.466590881347656 14.796106338500977 -0.13275766372680664
24.06561279296875 13.763849258422852 -0.15997648239135742
22.313262939453125 12.749309539794922 -0.18816614151000977
20.18958282470703 11.353612899780273 -0.19086647033691406
17.96712875366211 9.88068962097168 -0.2257857322692871
16.128284454345703 8.607913970947266 -0.269716739654541
13.9508056640625 7.155242919921875 -0.29287052154541016
11.624462127685547 6.032497406005859 -0.29108428955078125
9.498615264892578 5.598657608032227 -0.3191032409667969
8.52103042602539 5.124380111694336 -0.3309817314147949
7.596492767333984 2.3096847534179688 -0.27864503860473633
8.327232360839844 -0.5611200332641602 -0.312014102935791
9.92388916015625 -1.9339284896850586 -0.31419992446899414
11.457862854003906 -2.5893964767456055 -0.319150447845459
13.22055435180664 -4.22216796875 -0.31508445739746094
14.927204132080078 -6.932797431945801 -0.2982172966003418
16.24411392211914 -8.947005271911621 -0.2795848846435547
17.495487213134766 -10.789894104003906 -0.2687358856201172
18.695484161376953 -12.854242324829102 -0.24178361892700195
19.73202896118164 -14.820313453674316 -0.22369003295898438

