1
-0.2180614471435547 14.583364486694336 -0.31417131423950195
-1.6104774475097656 13.63859748840332 -0.30590009689331055
-2.9492416381835938 12.706899642944336 -0.29242944717407227
-4.153116226196289 11.800304412841797 -0.29629087448120117
-5.328985214233398 10.887836456298828 -0.29422807693481445
-6.558906555175781 9.984098434448242 -0.2876925468444824
-7.49571418762207 8.905336380004883 -0.2806682586669922
-6.733232498168945 7.3966064453125 -0.3195219039916992
-5.9261932373046875 6.0008392333984375 -0.3379535675048828
-5.119638442993164 5.078784942626953 -0.3513312339782715
-3.8159923553466797 6.117603302001953 -0.35271120071411133
-2.6186180114746094 7.027093887329102 -0.34913063049316406
-1.3605480194091797 7.928682327270508 -0.341827392578125
-0.09208297729492188 8.947261810302734 -0.33164501190185547
1.251607894897461 9.789852142333984 -0.3199901580810547
2.686634063720703 10.735305786132812 -0.32319068908691406
3.5138282775878906 11.746337890625 -0.3129081726074219
2.1788406372070312 12.634891510009766 -0.30873918533325195
0.9802017211914062 13.653701782226562 -0.31003332138061523
-0.2571887969970703 14.5938720703125 -0.3088369369506836

1
6.573249816894531 13.144628524780273 -0.2273120880126953
5.173255920410156 12.481973648071289 -0.26628589630126953
3.9337310791015625 11.77703857421875 -0.3233222961425781
3.2755699157714844 10.958471298217773 -0.3458075523376465
3.8080101013183594 9.719732284545898 -0.3338618278503418
4.569683074951172 8.530305862426758 -0.32744598388671875
5.354469299316406 7.378305435180664 -0.301513671875
6.153175354003906 6.225515365600586 -0.29007577896118164
6.833366394042969 4.837057113647461 -0.2684049606323242
7.5247039794921875 3.5568065643310547 -0.2475271224975586
8.58237075805664 3.7374000549316406 -0.24333572387695312
9.782970428466797 4.508771896362305 -0.25389528274536133
10.97891616821289 5.303703308105469 -0.2630176544189453
11.428157806396484 6.225927352905273 -0.27263498306274414
10.592548370361328 7.501924514770508 -0.25919580459594727
9.857795715332031 8.561990737915039 -0.2444615364074707
8.930923461914062 9.681150436401367 -0.2405261993408203
8.221900939941406 10.808237075805664 -0.24808979034423828
7.453769683837891 11.938346862792969 -0.23118877410888672
6.704498291015625 13.181507110595703 -0.2152390480041504

2
8.842353820800781 14.79837417602539 -0.23861932754516602
8.471004486083984 14.413305282592773 -0.23317241668701172
7.936008453369141 14.07432746887207 -0.2559828758239746
7.361980438232422 13.691328048706055 -0.2681546211242676
7.008182525634766 13.378000259399414 -0.26052093505859375
6.3585968017578125 12.984712600708008 -0.26926755905151367
5.843589782714844 12.61773681640625 -0.28159046173095703
5.305110931396484 12.305301666259766 -0.29805421829223633
4.813465118408203 11.963491439819336 -0.29511213302612305
4.265754699707031 11.717906951904297 -0.2919912338256836
3.6513938903808594 11.528757095336914 -0.30512094497680664
2.989582061767578 11.490194320678711 -0.3249545097351074
2.4036827087402344 11.676353454589844 -0.3387165069580078
1.8655986785888672 11.976461410522461 -0.32885313034057617
1.4633560180664062 12.267877578735352 -0.3241138458251953
1.109344482421875 12.742197036743164 -0.32509326934814453
0.7072486877441406 13.261707305908203 -0.31415843963623047
0.33921051025390625 13.792333602905273 -0.3075270652770996
-0.023710250854492188 14.309968948364258 -0.2983126640319824
-0.454498291015625 14.794822692871094 -0.29421472549438477

2
-9.819055557250977 14.833539962768555 -0.39521026611328125
-8.666511535644531 13.155473709106445 -0.3933219909667969
-7.429725646972656 11.372425079345703 -0.3869915008544922
-6.109857559204102 9.684965133666992 -0.4108157157897949
-4.809732437133789 7.769809722900391 -0.4132661819458008
-4.779184341430664 5.630912780761719 -0.39014530181884766
-6.281505584716797 3.8667659759521484 -0.3483438491821289
-7.947431564331055 2.607381820678711 -0.3129405975341797
-9.624847412109375 1.5009384155273438 -0.2975912094116211
-11.566387176513672 0.06992149353027344 -0.275331974029541
-13.351388931274414 -1.1099681854248047 -0.27327394485473633
-15.178491592407227 -2.458611488342285 -0.2510361671447754
-16.94805908203125 -3.744874954223633 -0.2486095428466797
-18.976177215576172 -5.066095352172852 -0.24068832397460938
-20.656494140625 -6.3964128494262695 -0.2401285171508789
-22.661651611328125 -7.784217834472656 -0.23531436920166016
-24.339645385742188 -9.075294494628906 -0.2462310791015625
-26.317323684692383 -10.39542007446289 -0.222198486328125
-28.202877044677734 -11.723623275756836 -0.23659038543701172
-29.83219337463379 -13.085298538208008 -0.23559093475341797

2
11.331405639648438 -14.79908561706543 -0.3141288757324219
10.13943862915039 -13.136049270629883 -0.29895496368408203
8.90755844116211 -11.506133079528809 -0.30265188217163086
7.645503997802734 -9.678010940551758 -0.3160252571105957
6.4931488037109375 -8.044132232666016 -0.32077980041503906
5.288948059082031 -6.358126640319824 -0.3455648422241211
4.132785797119141 -4.669309616088867 -0.3677482604980469
2.729785919189453 -2.8924331665039062 -0.3659496307373047
1.0203132629394531 -2.025991439819336 -0.33794355392456055
-1.001495361328125 -2.5862627029418945 -0.3175845146179199
-3.1541519165039062 -4.00128173828125 -0.2760448455810547
-4.63932991027832 -5.070512771606445 -0.25245189666748047
-6.191808700561523 -6.219962120056152 -0.22243261337280273
-7.923072814941406 -7.418957233428955 -0.208038330078125
-9.583892822265625 -8.564712524414062 -0.18761920928955078
-11.347591400146484 -9.88920783996582 -0.19383907318115234
-13.242446899414062 -11.157180786132812 -0.20972299575805664
-14.86951732635498 -12.39480209350586 -0.2245311737060547
-16.645402908325195 -13.65388298034668 -0.22884559631347656
-18.42709732055664 -14.8137788772583 -0.23709487915039062

1
-5.343669891357422 5.855125427246094 -0.31870508193969727
-6.7217864990234375 4.8936004638671875 -0.2770075798034668
-8.034597396850586 4.0210723876953125 -0.2401261329650879
-9.167102813720703 3.044729232788086 -0.20119667053222656
-8.173641204833984 1.6925792694091797 -0.20465660095214844
-7.287265777587891 0.43877506256103516 -0.20937776565551758
-6.296171188354492 -0.9414968490600586 -0.2065591812133789
-5.3917694091796875 -2.2221450805664062 -0.2039656639099121
-4.4518585205078125 -3.4592151641845703 -0.1955275535583496
-3.6234130859375 -4.828184127807617 -0.18988275527954102
-2.184467315673828 -4.710993766784668 -0.22465276718139648
-0.7474784851074219 -3.9455108642578125 -0.24742984771728516
0.8678512573242188 -3.1795454025268555 -0.26831769943237305
0.3210277557373047 -1.959848403930664 -0.27408695220947266
-0.6812038421630859 -0.6595020294189453 -0.2897319793701172
-1.5413761138916016 0.574162483215332 -0.2928128242492676
-2.476785659790039 1.89849853515625 -0.30022096633911133
-3.4763450622558594 3.2521190643310547 -0.306856632232666
-4.421833038330078 4.523401260375977 -0.320556640625
-5.421970367431641 5.870939254760742 -0.3397378921508789

0
-5.560708999633789 14.99510383605957 -0.37321043014526367
-5.51310920715332 14.972606658935547 -0.3712177276611328
-5.494176864624023 14.932998657226562 -0.3720555305480957
-5.42216682434082 14.830997467041016 -0.37032270431518555
-5.374887466430664 14.744291305541992 -0.36846351623535156
-5.314687728881836 14.648481369018555 -0.3760032653808594
-5.294681549072266 14.56171989440918 -0.3672919273376465
-5.237920761108398 14.465084075927734 -0.3509984016418457
-5.175907135009766 14.370920181274414 -0.35492515563964844
-5.1219024658203125 14.278263092041016 -0.3538551330566406
-5.040456771850586 14.165140151977539 -0.35234498977661133
-5.013736724853516 14.100364685058594 -0.3558363914489746
-4.961397171020508 13.997346878051758 -0.3652501106262207
-4.895778656005859 13.930463790893555 -0.36878252029418945
-4.8415679931640625 13.836965560913086 -0.36646127700805664
-4.761051177978516 13.750041961669922 -0.36374902725219727
-4.734712600708008 13.68105697631836 -0.3619532585144043
-4.657737731933594 13.588985443115234 -0.35392189025878906
-4.677989959716797 13.571264266967773 -0.349057674407959
-4.563285827636719 13.45858383178711 -0.3373112678527832

1
8.119152069091797 2.970775604248047 -0.22098588943481445
6.952110290527344 2.0918540954589844 -0.2408003807067871
5.7434844970703125 1.3301048278808594 -0.2442784309387207
4.523197174072266 0.5362987518310547 -0.2509279251098633
3.224040985107422 -0.3581581115722656 -0.26279163360595703
1.9428215026855469 -1.2363262176513672 -0.2713050842285156
0.38697052001953125 -2.1428356170654297 -0.2739739418029785
-0.09814071655273438 -2.913370132446289 -0.26657581329345703
0.9112682342529297 -3.8148250579833984 -0.2599759101867676
2.271656036376953 -4.9281511306762695 -0.27082300186157227
3.3447341918945312 -5.657958984375 -0.24697446823120117
4.515144348144531 -5.400896072387695 -0.24035215377807617
5.703578948974609 -4.507562637329102 -0.2555103302001953
6.948505401611328 -3.556180953979492 -0.2608957290649414
8.29311752319336 -2.6899547576904297 -0.26848649978637695
9.367759704589844 -1.8135080337524414 -0.2959475517272949
10.297714233398438 -0.8988885879516602 -0.30179357528686523
9.637073516845703 0.32298851013183594 -0.27172422409057617
8.929328918457031 1.6752338409423828 -0.25324344635009766
8.195194244384766 3.049680709838867 -0.2288517951965332

2
20.550045013427734 -14.81361198425293 -0.27356624603271484
19.569686889648438 -12.928390502929688 -0.27375268936157227
18.210525512695312 -10.835554122924805 -0.2796940803527832
16.913894653320312 -8.948862075805664 -0.2867255210876465
15.486034393310547 -7.012925148010254 -0.28099727630615234
14.292823791503906 -5.395142555236816 -0.29039859771728516
12.743221282958984 -3.2883472442626953 -0.3040804862976074
10.896129608154297 -1.820673942565918 -0.3276486396789551
8.92470932006836 -0.9377431869506836 -0.3316831588745117
7.853992462158203 0.4485902786254883 -0.31570911407470703
7.206508636474609 2.5170631408691406 -0.294095516204834
7.875377655029297 5.087915420532227 -0.3198871612548828
9.724723815917969 6.100582122802734 -0.34899282455444336
11.478160858154297 6.5751495361328125 -0.34443140029907227
13.37569808959961 7.848520278930664 -0.335237979888916
15.419879913330078 9.371248245239258 -0.3168306350708008
17.104427337646484 10.515655517578125 -0.2852473258972168
19.44293975830078 12.143081665039062 -0.2538919448852539
21.37224578857422 13.46530532836914 -0.22717761993408203
23.32653045654297 14.803251266479492 -0.20337867736816406

