1
8.355644226074219 -5.024570465087891 -0.2945070266723633
8.437141418457031 -3.342494010925293 -0.2807760238647461
8.466659545898438 -1.759878158569336 -0.2734336853027344
8.583072662353516 -0.07858943939208984 -0.2709512710571289
8.668174743652344 1.5304527282714844 -0.2634158134460449
8.71575927734375 3.1279430389404297 -0.25635576248168945
8.847164154052734 4.705514907836914 -0.24730730056762695
8.62265396118164 6.030567169189453 -0.23955488204956055
6.975444793701172 6.176858901977539 -0.22173786163330078
5.24432373046875 6.319829940795898 -0.1929464340209961
4.255504608154297 5.890348434448242 -0.17979669570922852
4.112514495849609 4.209249496459961 -0.17680978775024414
4.071403503417969 2.6436405181884766 -0.1886892318725586
3.960784912109375 1.0271415710449219 -0.19762039184570312
3.9049072265625 -0.6398172378540039 -0.20351314544677734
3.7292938232421875 -2.1850500106811523 -0.21737194061279297
3.6060104370117188 -3.778942108154297 -0.23000621795654297
5.046741485595703 -4.303032875061035 -0.24602460861206055
6.717716217041016 -4.639449119567871 -0.279296875
8.298995971679688 -4.987964630126953 -0.28974008560180664

2
29.829296112060547 3.4859561920166016 -0.025833606719970703
28.79620361328125 3.577054977416992 -0.032324790954589844
27.654220581054688 3.6623592376708984 -0.05612754821777344
26.524673461914062 3.7468833923339844 -0.06864213943481445
25.421527862548828 3.8286285400390625 -0.07613563537597656
24.24352264404297 3.9246177673339844 -0.0965728759765625
23.153003692626953 3.987945556640625 -0.10601043701171875
21.98308563232422 4.094423294067383 -0.13102245330810547
21.041034698486328 4.205377578735352 -0.14539861679077148
19.941543579101562 4.440423965454102 -0.16674327850341797
18.99579620361328 5.088720321655273 -0.17235755920410156
18.44351577758789 6.013755798339844 -0.17143678665161133
18.264354705810547 7.10692024230957 -0.16410541534423828
18.342334747314453 8.27731704711914 -0.15665292739868164
18.420745849609375 9.357715606689453 -0.1496133804321289
18.547874450683594 10.509712219238281 -0.13980627059936523
18.695194244384766 11.621406555175781 -0.1296062469482422
18.711078643798828 12.640304565429688 -0.11970758438110352
18.715240478515625 13.788436889648438 -0.12134170532226562
18.848831176757812 14.812883377075195 -0.11955404281616211

1
17.636165618896484 -4.853055000305176 -0.2037644386291504
16.160804748535156 -4.708579063415527 -0.21095609664916992
14.702217102050781 -4.573576927185059 -0.22136354446411133
13.142631530761719 -4.475172996520996 -0.24004697799682617
11.68649673461914 -4.37746524810791 -0.2442622184753418
10.2041015625 -4.24344539642334 -0.2683553695678711
8.71356201171875 -4.1332550048828125 -0.27750110626220703
7.3448486328125 -4.066006660461426 -0.2885441780090332
7.675716400146484 -5.556144714355469 -0.29111433029174805
7.957508087158203 -6.939822196960449 -0.2813992500305176
8.23300552368164 -8.46255874633789 -0.2856602668762207
9.33474349975586 -8.95424747467041 -0.29142284393310547
10.935726165771484 -9.062173843383789 -0.29711437225341797
12.33367919921875 -9.146904945373535 -0.3103342056274414
13.814559936523438 -9.311832427978516 -0.30377864837646484
15.254199981689453 -9.388778686523438 -0.2946014404296875
16.692562103271484 -9.229100227355957 -0.29001760482788086
16.999446868896484 -7.732372283935547 -0.27188825607299805
17.329139709472656 -6.325375556945801 -0.23802995681762695
17.657012939453125 -4.8320722579956055 -0.2069110870361328

1
9.128807067871094 9.92923355102539 -0.15103721618652344
8.77212142944336 8.447662353515625 -0.1890721321105957
8.538215637207031 6.795894622802734 -0.2505607604980469
8.351341247558594 5.358518600463867 -0.27520275115966797
9.899742126464844 5.229021072387695 -0.27310895919799805
11.595500946044922 5.17546272277832 -0.2651681900024414
13.094192504882812 5.105705261230469 -0.2531776428222656
14.597221374511719 4.995908737182617 -0.23006486892700195
16.279258728027344 4.904289245605469 -0.22765111923217773
17.87010955810547 4.763101577758789 -0.20723199844360352
19.497386932373047 4.686241149902344 -0.18495941162109375
19.11507797241211 6.241142272949219 -0.17851686477661133
18.823699951171875 7.730749130249023 -0.15179824829101562
18.490623474121094 9.300697326660156 -0.12721490859985352
17.107425689697266 9.604511260986328 -0.13598155975341797
15.48360824584961 9.635570526123047 -0.14872980117797852
13.951438903808594 9.70867919921875 -0.14621305465698242
12.382362365722656 9.781570434570312 -0.1528763771057129
10.820358276367188 9.874704360961914 -0.15772247314453125
9.109363555908203 9.926137924194336 -0.1561899185180664

1
18.75930404663086 4.72639274597168 -0.2402210235595703
18.53327178955078 3.2662315368652344 -0.22384309768676758
18.307811737060547 1.885284423828125 -0.22104167938232422
18.076160430908203 0.45870399475097656 -0.20578289031982422
17.878578186035156 -0.9899435043334961 -0.20383358001708984
17.721088409423828 -2.412374496459961 -0.1886749267578125
17.52135467529297 -3.8307695388793945 -0.18595457077026367
18.125778198242188 -4.5298919677734375 -0.20064067840576172
19.59365463256836 -4.663821220397949 -0.20195865631103516
21.03466033935547 -4.79049015045166 -0.20615196228027344
22.412715911865234 -4.716565132141113 -0.18909788131713867
22.357337951660156 -3.212386131286621 -0.17378520965576172
22.41647720336914 -1.8225469589233398 -0.1531352996826172
22.481998443603516 -0.4289398193359375 -0.13672399520874023
22.628082275390625 1.0355224609375 -0.10725784301757812
22.66451644897461 2.4091358184814453 -0.09432315826416016
22.799522399902344 3.833341598510742 -0.07445859909057617
21.53685760498047 4.232854843139648 -0.1314067840576172
20.168930053710938 4.493684768676758 -0.1781768798828125
18.669422149658203 4.7404937744140625 -0.21727228164672852

2
11.049434661865234 14.809972763061523 -0.20155048370361328
10.831802368164062 12.256885528564453 -0.21477842330932617
10.620033264160156 9.682210922241211 -0.2620277404785156
10.549102783203125 7.130428314208984 -0.3300790786743164
8.879642486572266 5.241487503051758 -0.3078751564025879
6.333740234375 5.100246429443359 -0.28617143630981445
3.5858421325683594 5.359912872314453 -0.2700796127319336
1.0310382843017578 5.532947540283203 -0.2485647201538086
-1.4316692352294922 5.698984146118164 -0.2600517272949219
-4.143274307250977 5.934404373168945 -0.2485513687133789
-6.581918716430664 6.097461700439453 -0.2649822235107422
-9.203353881835938 6.285852432250977 -0.2778763771057129
-11.960979461669922 6.467988967895508 -0.28787660598754883
-14.530579566955566 6.641622543334961 -0.3027310371398926
-17.109235763549805 6.816465377807617 -0.3075857162475586
-19.70479965209961 6.989236831665039 -0.31470727920532227
-22.319183349609375 7.192096710205078 -0.3297882080078125
-24.846878051757812 7.348955154418945 -0.3490409851074219
-27.41558837890625 7.511974334716797 -0.3401827812194824
-29.830060958862305 7.6813201904296875 -0.34510278701782227

2
8.97426986694336 -14.792495727539062 -0.4179396629333496
9.173713684082031 -12.196547508239746 -0.4065208435058594
9.34054946899414 -9.730714797973633 -0.3950071334838867
9.587745666503906 -7.08587121963501 -0.40709686279296875
9.115100860595703 -4.467955589294434 -0.3573579788208008
6.837139129638672 -3.232813835144043 -0.3467845916748047
4.139781951904297 -3.0908279418945312 -0.3181757926940918
1.4420490264892578 -2.922708511352539 -0.2834639549255371
-1.1508712768554688 -2.716754913330078 -0.2527585029602051
-3.710460662841797 -2.5402708053588867 -0.2462024688720703
-6.374128341674805 -2.3460311889648438 -0.2678489685058594
-9.084196090698242 -2.155801773071289 -0.2976875305175781
-11.690441131591797 -1.9642724990844727 -0.327120304107666
-14.374621391296387 -1.8067216873168945 -0.34305524826049805
-17.00834083557129 -1.570124626159668 -0.37761449813842773
-19.59613037109375 -1.3902101516723633 -0.4034395217895508
-22.279796600341797 -1.1907310485839844 -0.4226245880126953
-24.837158203125 -0.9991273880004883 -0.4465203285217285
-27.250497817993164 -0.8360357284545898 -0.4811668395996094
-29.83934783935547 -0.6209964752197266 -0.5200490951538086

2
29.849468231201172 -4.812870979309082 -0.17838335037231445
28.507896423339844 -4.731692314147949 -0.1956024169921875
27.055713653564453 -4.640326499938965 -0.20532560348510742
25.63343048095703 -4.512028694152832 -0.2214822769165039
24.32391357421875 -4.4166154861450195 -0.22855567932128906
22.83380889892578 -4.31166934967041 -0.24309349060058594
21.46216583251953 -4.1820526123046875 -0.24689197540283203
20.81210708618164 -3.4036216735839844 -0.26572322845458984
19.873973846435547 -2.7476110458374023 -0.2825498580932617
18.439407348632812 -2.9422130584716797 -0.26709508895874023
17.072978973388672 -3.8523330688476562 -0.253934383392334
16.29361343383789 -4.889225006103516 -0.2607555389404297
15.854320526123047 -6.12664794921875 -0.28621768951416016
15.550853729248047 -7.643081188201904 -0.31169939041137695
15.565422058105469 -9.016716957092285 -0.3336019515991211
16.35854721069336 -9.6051664352417 -0.3359994888305664
16.939231872558594 -10.567289352416992 -0.33711910247802734
16.986045837402344 -12.06417465209961 -0.3590984344482422
16.80908203125 -13.442495346069336 -0.3657875061035156
16.65477752685547 -14.79509162902832 -0.3759150505065918

0
14.659133911132812 14.973291397094727 -0.18024396896362305
14.62247085571289 14.85906982421875 -0.17359304428100586
14.59939956665039 14.688268661499023 -0.18272066116333008
14.579437255859375 14.484540939331055 -0.18549346923828125
14.562206268310547 14.25161361694336 -0.17832279205322266
14.54678726196289 14.046346664428711 -0.1785888671875
14.493457794189453 13.859441757202148 -0.18305444717407227
14.487846374511719 13.67745590209961 -0.18164396286010742
14.4459228515625 13.478578567504883 -0.1907663345336914
14.429740905761719 13.249481201171875 -0.19523191452026367
14.419532775878906 13.029058456420898 -0.1975860595703125
14.421165466308594 12.808271408081055 -0.18855953216552734
14.420120239257812 12.676652908325195 -0.1865553855895996
14.424224853515625 12.486061096191406 -0.19161128997802734
14.437763214111328 12.330137252807617 -0.19138336181640625
14.40158462524414 12.132637023925781 -0.18836641311645508
14.40438461303711 11.890823364257812 -0.1897439956665039
14.391609191894531 11.727806091308594 -0.19617652893066406
14.31121826171875 11.493473052978516 -0.20549345016479492
14.347572326660156 11.329139709472656 -0.2064986228942871

