1
-1.2437705993652344 14.557601928710938 -0.3221931457519531
-2.5059642791748047 13.560447692871094 -0.3044443130493164
-3.8701839447021484 12.609708786010742 -0.2938399314880371
-5.003456115722656 11.578437805175781 -0.29293394088745117
-6.117160797119141 10.697481155395508 -0.29036474227905273
-7.254138946533203 9.619613647460938 -0.27013635635375977
-8.290729522705078 8.541646957397461 -0.26337146759033203
-7.396184921264648 7.082855224609375 -0.3029441833496094
-6.582206726074219 5.705757141113281 -0.31934404373168945
-5.639165878295898 4.83526611328125 -0.3358798027038574
-4.435419082641602 5.933069229125977 -0.3367748260498047
-3.2504501342773438 6.935564041137695 -0.3378729820251465
-2.0399742126464844 7.869487762451172 -0.33083534240722656
-0.7541732788085938 8.962352752685547 -0.3241748809814453
0.5105667114257812 9.87823486328125 -0.3179922103881836
1.9211807250976562 10.872739791870117 -0.32137441635131836
2.6876983642578125 11.833965301513672 -0.31402158737182617
1.2873878479003906 12.746952056884766 -0.3072018623352051
-0.016878128051757812 13.653186798095703 -0.30595874786376953
-1.2667999267578125 14.5784912109375 -0.3049135208129883

1
5.578563690185547 13.439868927001953 -0.23797988891601562
4.261745452880859 12.710763931274414 -0.2838277816772461
3.2099952697753906 11.91290283203125 -0.3293418884277344
2.404499053955078 11.147125244140625 -0.352874755859375
3.0670547485351562 9.907081604003906 -0.33283185958862305
3.909210205078125 8.7391357421875 -0.3288445472717285
4.751556396484375 7.584285736083984 -0.31303834915161133
5.569511413574219 6.516265869140625 -0.30115652084350586
6.380241394042969 5.1797027587890625 -0.2741565704345703
7.0509033203125 3.845470428466797 -0.2538008689880371
8.023006439208984 4.121824264526367 -0.24753236770629883
9.297309875488281 4.968006134033203 -0.2538785934448242
10.521900177001953 5.836475372314453 -0.26366519927978516
10.89725112915039 6.75140380859375 -0.2711925506591797
9.937030792236328 8.029886245727539 -0.26154279708862305
9.125495910644531 9.056543350219727 -0.258577823638916
8.13516616821289 10.141332626342773 -0.2523770332336426
7.376773834228516 11.226093292236328 -0.25902462005615234
6.526432037353516 12.290172576904297 -0.24657440185546875
5.699947357177734 13.485237121582031 -0.22777605056762695

2
7.392799377441406 14.830659866333008 -0.2589530944824219
7.027748107910156 14.495380401611328 -0.25897932052612305
6.598300933837891 14.220962524414062 -0.2805347442626953
6.0568695068359375 13.817901611328125 -0.28483057022094727
5.627708435058594 13.388320922851562 -0.2804069519042969
5.124004364013672 13.0238037109375 -0.2757887840270996
4.4957733154296875 12.53622055053711 -0.2830057144165039
4.0407562255859375 12.224451065063477 -0.297029972076416
3.590709686279297 11.92123794555664 -0.3149237632751465
2.968456268310547 11.680259704589844 -0.33211565017700195
2.4534034729003906 11.603261947631836 -0.32822608947753906
1.8967857360839844 11.661678314208984 -0.3234825134277344
1.3175411224365234 11.85952377319336 -0.3232698440551758
0.8384628295898438 12.216754913330078 -0.32395505905151367
0.4152412414550781 12.481674194335938 -0.3161191940307617
-0.012704849243164062 12.929889678955078 -0.30603599548339844
-0.3688011169433594 13.43785285949707 -0.2973203659057617
-0.7454700469970703 13.926570892333984 -0.295072078704834
-1.0659370422363281 14.360986709594727 -0.2918224334716797
-1.4060535430908203 14.792652130126953 -0.3148460388183594

2
-11.301673889160156 14.827400207519531 -0.380526065826416
-9.924400329589844 13.179105758666992 -0.3811016082763672
-8.634151458740234 11.43775749206543 -0.36964988708496094
-7.115261077880859 9.69050407409668 -0.39079952239990234
-5.764261245727539 7.956987380981445 -0.4048128128051758
-5.272045135498047 5.791837692260742 -0.3807988166809082
-6.544612884521484 3.777162551879883 -0.3397555351257324
-8.110902786254883 2.403768539428711 -0.3002910614013672
-9.656637191772461 1.1382904052734375 -0.28733062744140625
-11.781705856323242 -0.36399269104003906 -0.2747030258178711
-13.574329376220703 -1.6982526779174805 -0.259366512298584
-15.211699485778809 -3.073474884033203 -0.23383474349975586
-16.89226531982422 -4.5493364334106445 -0.2278003692626953
-18.792644500732422 -5.912562370300293 -0.2149333953857422
-20.511089324951172 -7.3250017166137695 -0.21097087860107422
-22.477153778076172 -8.870281219482422 -0.2035536766052246
-24.209007263183594 -10.068687438964844 -0.20592784881591797
-26.018178939819336 -11.738296508789062 -0.18590402603149414
-27.560802459716797 -13.04624080657959 -0.19156312942504883
-29.34641456604004 -14.704690933227539 -0.1615447998046875

2
12.077316284179688 -14.797757148742676 -0.32373476028442383
10.923664093017578 -13.267952919006348 -0.31239891052246094
9.69723892211914 -11.670127868652344 -0.3175063133239746
8.351993560791016 -9.966264724731445 -0.32842588424682617
7.147998809814453 -8.418779373168945 -0.3296318054199219
5.871990203857422 -6.80062198638916 -0.3454012870788574
4.696281433105469 -5.2826995849609375 -0.3616609573364258
3.1742095947265625 -3.4539480209350586 -0.37024450302124023
1.665557861328125 -2.2419967651367188 -0.3522014617919922
-0.3848152160644531 -2.2341737747192383 -0.3214149475097656
-2.3064956665039062 -3.3013124465942383 -0.2935757637023926
-3.8783416748046875 -4.589388847351074 -0.27190113067626953
-5.321887969970703 -5.822659492492676 -0.23922109603881836
-6.918500900268555 -7.046895980834961 -0.20832014083862305
-8.620153427124023 -8.340837478637695 -0.1763153076171875
-10.245506286621094 -9.713790893554688 -0.17363595962524414
-11.923477172851562 -11.015401840209961 -0.17881393432617188
-13.51315689086914 -12.278303146362305 -0.18812847137451172
-15.18519115447998 -13.60955810546875 -0.1867504119873047
-16.89682960510254 -14.818230628967285 -0.1891164779663086

1
-6.016759872436523 5.550525665283203 -0.30722951889038086
-7.363872528076172 4.543977737426758 -0.2672557830810547
-8.543825149536133 3.5868492126464844 -0.22565698623657227
-9.568172454833984 2.5869998931884766 -0.18689775466918945
-8.54421615600586 1.3185882568359375 -0.19012737274169922
-7.54817008972168 0.1233205795288086 -0.19508790969848633
-6.476207733154297 -1.2727155685424805 -0.19446659088134766
-5.551723480224609 -2.5036678314208984 -0.19470977783203125
-4.571954727172852 -3.6931114196777344 -0.18694591522216797
-3.658487319946289 -4.999935150146484 -0.1837611198425293
-2.274372100830078 -4.788488388061523 -0.21546316146850586
-0.9808635711669922 -3.9385061264038086 -0.24256563186645508
0.5060539245605469 -3.0895166397094727 -0.2664308547973633
0.09311866760253906 -1.9600048065185547 -0.27622365951538086
-0.9027481079101562 -0.7606468200683594 -0.292294979095459
-1.9042549133300781 0.5235013961791992 -0.2875213623046875
-2.8657360076904297 1.8037757873535156 -0.29274511337280273
-3.9497928619384766 3.068296432495117 -0.2951521873474121
-4.998525619506836 4.303657531738281 -0.3106112480163574
-6.062177658081055 5.607288360595703 -0.322725772857666

0
-6.773809432983398 14.992517471313477 -0.34151792526245117
-6.702665328979492 14.962003707885742 -0.3410916328430176
-6.7569580078125 14.921371459960938 -0.3346219062805176
-6.68907356262207 14.808320999145508 -0.3416891098022461
-6.550985336303711 14.689844131469727 -0.3398423194885254
-6.468896865844727 14.579940795898438 -0.3501553535461426
-6.395030975341797 14.453474044799805 -0.34724855422973633
-6.30815315246582 14.332279205322266 -0.3342556953430176
-6.23541259765625 14.216573715209961 -0.33826446533203125
-6.148519515991211 14.095882415771484 -0.339571475982666
-6.033748626708984 13.987464904785156 -0.3452615737915039
-5.982666015625 13.940561294555664 -0.3458676338195801
-5.8824462890625 13.82564926147461 -0.35347604751586914
-5.83302116394043 13.752946853637695 -0.360964298248291
-5.775642395019531 13.659902572631836 -0.3593411445617676
-5.685184478759766 13.51677131652832 -0.35266923904418945
-5.653038024902344 13.470539093017578 -0.35187816619873047
-5.582502365112305 13.411489486694336 -0.3432025909423828
-5.537265777587891 13.369539260864258 -0.3390340805053711
-5.379589080810547 13.232101440429688 -0.3235044479370117

2
21.887775421142578 -14.78978443145752 -0.29210805892944336
20.516769409179688 -13.015512466430664 -0.2868623733520508
19.11478042602539 -10.988541603088379 -0.2924056053161621
17.46099853515625 -9.040523529052734 -0.294950008392334
16.088375091552734 -7.292852878570557 -0.29548072814941406
14.719623565673828 -5.605857849121094 -0.3013267517089844
13.15731430053711 -3.495502471923828 -0.31414031982421875
11.588748931884766 -1.8026676177978516 -0.33609485626220703
9.684947967529297 -1.0193443298339844 -0.337435245513916
8.09332275390625 -0.018405914306640625 -0.32872438430786133
7.003368377685547 1.9680747985839844 -0.29797935485839844
6.996246337890625 4.665729522705078 -0.3102126121520996
8.553230285644531 6.234464645385742 -0.35834169387817383
10.165782928466797 6.644830703735352 -0.3540658950805664
12.005569458007812 7.843994140625 -0.33529233932495117
13.662818908691406 9.259031295776367 -0.32667064666748047
15.272735595703125 10.53396987915039 -0.30202293395996094
17.479511260986328 12.222543716430664 -0.26966094970703125
19.130191802978516 13.496768951416016 -0.2535724639892578
20.985836029052734 14.823246002197266 -0.22808074951171875

1
3.7448959350585938 -5.810488700866699 -0.2373638153076172
4.915550231933594 -4.889814376831055 -0.24734163284301758
6.039726257324219 -3.958150863647461 -0.27083635330200195
7.085987091064453 -3.0802345275878906 -0.2800178527832031
8.210479736328125 -2.0355520248413086 -0.295745849609375
9.539958953857422 -1.1504344940185547 -0.31089067459106445
9.61642837524414 -0.11678600311279297 -0.29085397720336914
8.865989685058594 1.1805057525634766 -0.2743673324584961
8.160026550292969 2.4550437927246094 -0.25784921646118164
7.3960418701171875 3.016002655029297 -0.2552909851074219
5.996849060058594 2.109395980834961 -0.24364948272705078
4.795314788818359 1.234109878540039 -0.25068092346191406
3.7948379516601562 0.30267810821533203 -0.2622513771057129
2.2713241577148438 -0.6010570526123047 -0.26565027236938477
1.4732341766357422 -1.4629507064819336 -0.27202510833740234
0.05262565612792969 -2.317220687866211 -0.2749772071838379
-0.031164169311523438 -3.239809989929199 -0.2697443962097168
1.2770862579345703 -4.10765266418457 -0.25857067108154297
2.431549072265625 -4.923674583435059 -0.24791431427001953
3.7937469482421875 -5.931835174560547 -0.2514939308166504

