1
-2.3084030151367188 14.525136947631836 -0.330474853515625
-3.39385986328125 13.468351364135742 -0.3084287643432617
-4.727161407470703 12.368705749511719 -0.3070945739746094
-5.8195953369140625 11.299625396728516 -0.29697561264038086
-6.864248275756836 10.376707077026367 -0.29399681091308594
-7.987825393676758 9.214824676513672 -0.26870012283325195
-9.060201644897461 8.104772567749023 -0.26580142974853516
-8.054107666015625 6.729297637939453 -0.2977895736694336
-7.171104431152344 5.377786636352539 -0.3149747848510742
-6.263614654541016 4.471660614013672 -0.3367652893066406
-4.988407135009766 5.660661697387695 -0.34034299850463867
-3.8476619720458984 6.751646041870117 -0.33837080001831055
-2.6671390533447266 7.817033767700195 -0.33693456649780273
-1.4759578704833984 8.861589431762695 -0.3316078186035156
-0.20758056640625 9.854061126708984 -0.3255314826965332
1.0190715789794922 10.91464614868164 -0.32943248748779297
1.7341880798339844 11.915088653564453 -0.32871294021606445
0.41927528381347656 12.738704681396484 -0.3203248977661133
-0.9851303100585938 13.63095474243164 -0.32056188583374023
-2.2774925231933594 14.536523818969727 -0.31410789489746094

1
4.6443939208984375 13.70132064819336 -0.24443578720092773
3.530487060546875 12.913623809814453 -0.30127763748168945
2.360454559326172 12.065008163452148 -0.33339786529541016
1.5636024475097656 11.179281234741211 -0.35849428176879883
2.3049392700195312 10.055980682373047 -0.334897518157959
3.181499481201172 8.90371322631836 -0.3345155715942383
4.09716796875 7.757955551147461 -0.31735849380493164
4.957527160644531 6.718984603881836 -0.31203365325927734
5.741161346435547 5.503791809082031 -0.2863278388977051
6.509914398193359 4.184516906738281 -0.2709035873413086
7.427158355712891 4.364513397216797 -0.25554656982421875
8.71240234375 5.3646697998046875 -0.2649726867675781
9.906700134277344 6.302181243896484 -0.27622509002685547
10.264892578125 7.314884185791016 -0.2849879264831543
9.294136047363281 8.51502799987793 -0.2789154052734375
8.346870422363281 9.510786056518555 -0.2716331481933594
7.387474060058594 10.593793869018555 -0.2650299072265625
6.605541229248047 11.65841293334961 -0.2634768486022949
5.755878448486328 12.644176483154297 -0.26108646392822266
4.6780853271484375 13.726581573486328 -0.23210430145263672

2
-12.682323455810547 14.829158782958984 -0.38188695907592773
-11.394327163696289 13.28903579711914 -0.3855443000793457
-9.864885330200195 11.619829177856445 -0.3758888244628906
-8.465887069702148 9.900535583496094 -0.3871912956237793
-6.951969146728516 8.299491882324219 -0.3991737365722656
-5.841182708740234 6.297935485839844 -0.3911123275756836
-6.3510284423828125 4.163930892944336 -0.35767364501953125
-7.922218322753906 2.601226806640625 -0.3104133605957031
-9.332019805908203 1.3079643249511719 -0.29329872131347656
-11.356300354003906 -0.2556629180908203 -0.2777676582336426
-13.165288925170898 -1.6913576126098633 -0.2590370178222656
-14.71573257446289 -3.1012706756591797 -0.22916650772094727
-16.270858764648438 -4.647225379943848 -0.22314691543579102
-18.10871124267578 -6.206789970397949 -0.19948244094848633
-19.703670501708984 -7.655293941497803 -0.1910862922668457
-21.546228408813477 -9.32000732421875 -0.1890087127685547
-23.21481704711914 -10.720928192138672 -0.1906423568725586
-24.86519432067871 -12.121990203857422 -0.1696758270263672
-26.44268226623535 -13.42691421508789 -0.18199920654296875
-27.99222755432129 -14.847290992736816 -0.16408586502075195

2
12.920795440673828 -14.804588317871094 -0.31556081771850586
11.672561645507812 -13.36216926574707 -0.30545806884765625
10.503028869628906 -11.925027847290039 -0.31310462951660156
9.076675415039062 -10.278749465942383 -0.3201870918273926
7.867565155029297 -8.79371452331543 -0.3182988166809082
6.509807586669922 -7.25486946105957 -0.333559513092041
5.110767364501953 -5.690998077392578 -0.3446626663208008
3.6822891235351562 -4.068166732788086 -0.36565494537353516
2.2813949584960938 -2.661916732788086 -0.36235618591308594
0.3920173645019531 -2.020111083984375 -0.341494083404541
-1.4444236755371094 -2.6361894607543945 -0.30707311630249023
-3.136516571044922 -4.022953987121582 -0.2836289405822754
-4.596918106079102 -5.395966529846191 -0.2482929229736328
-6.046283721923828 -6.6336259841918945 -0.2092881202697754
-7.699514389038086 -8.06618881225586 -0.16802167892456055
-9.317176818847656 -9.499129295349121 -0.15776443481445312
-10.873350143432617 -10.916938781738281 -0.1558399200439453
-12.418277740478516 -12.210283279418945 -0.15765047073364258
-13.921131134033203 -13.50843620300293 -0.15380525588989258
-15.453941345214844 -14.834627151489258 -0.16278886795043945

2
5.981620788574219 14.845134735107422 -0.26674652099609375
5.532260894775391 14.472249984741211 -0.28319263458251953
5.114414215087891 14.171810150146484 -0.29532814025878906
4.689060211181641 13.764142990112305 -0.3045668601989746
4.3068695068359375 13.3353271484375 -0.29477977752685547
3.850696563720703 12.931339263916016 -0.2903575897216797
3.267902374267578 12.485477447509766 -0.29759645462036133
2.8846282958984375 12.119359970092773 -0.30608034133911133
2.4401092529296875 11.88316535949707 -0.31783008575439453
1.7886009216308594 11.742012023925781 -0.33449840545654297
1.1776618957519531 11.724267959594727 -0.3373727798461914
0.6462078094482422 11.829671859741211 -0.33235692977905273
0.24619102478027344 11.995990753173828 -0.33326196670532227
-0.26334571838378906 12.299688339233398 -0.3335762023925781
-0.6616706848144531 12.610429763793945 -0.3234386444091797
-1.0943679809570312 13.056600570678711 -0.31464195251464844
-1.464141845703125 13.501392364501953 -0.3112502098083496
-1.8232574462890625 13.930374145507812 -0.31136322021484375
-2.223358154296875 14.387746810913086 -0.31673288345336914
-2.570394515991211 14.799114227294922 -0.3254070281982422

1
-6.658565521240234 5.31587028503418 -0.3048534393310547
-7.9266204833984375 4.2073211669921875 -0.2674417495727539
-9.133096694946289 3.192005157470703 -0.22240543365478516
-10.012939453125 2.1237831115722656 -0.1864018440246582
-8.864418029785156 0.8590612411499023 -0.18422794342041016
-7.807929992675781 -0.24797725677490234 -0.1943802833557129
-6.700710296630859 -1.6122827529907227 -0.19126129150390625
-5.77586555480957 -2.7439727783203125 -0.18950366973876953
-4.722682952880859 -3.917647361755371 -0.18248939514160156
-3.659320831298828 -5.219876289367676 -0.1737518310546875
-2.3562145233154297 -4.913827896118164 -0.2064075469970703
-1.0742073059082031 -3.9877538681030273 -0.23660707473754883
0.3189506530761719 -3.088902473449707 -0.26569604873657227
-0.1358184814453125 -1.9903459548950195 -0.27579641342163086
-1.1866893768310547 -0.7721652984619141 -0.2940988540649414
-2.287618637084961 0.4429187774658203 -0.291196346282959
-3.261770248413086 1.6474342346191406 -0.29634666442871094
-4.385992050170898 2.8594436645507812 -0.30243682861328125
-5.461282730102539 4.088300704956055 -0.3137931823730469
-6.682502746582031 5.355735778808594 -0.329770565032959

1
3.7073440551757812 -5.6807403564453125 -0.23038625717163086
4.7726287841796875 -4.640531539916992 -0.24052858352661133
6.016750335693359 -3.6389265060424805 -0.2688331604003906
7.0438995361328125 -2.6608715057373047 -0.2837052345275879
8.100757598876953 -1.6914682388305664 -0.30160045623779297
9.338382720947266 -0.7185878753662109 -0.31624364852905273
9.382213592529297 0.3247098922729492 -0.2959589958190918
8.519451141357422 1.6057853698730469 -0.2813096046447754
7.791484832763672 2.8265304565429688 -0.2634143829345703
6.941677093505859 3.472646713256836 -0.2583150863647461
5.694889068603516 2.492959976196289 -0.24535465240478516
4.541858673095703 1.5567817687988281 -0.25253820419311523
3.502349853515625 0.5725154876708984 -0.2622518539428711
2.2433090209960938 -0.4567079544067383 -0.26350927352905273
1.177093505859375 -1.361495018005371 -0.26984453201293945
-0.08256340026855469 -2.3158626556396484 -0.2735328674316406
-0.19435501098632812 -3.2479543685913086 -0.2698087692260742
1.1591968536376953 -4.054816246032715 -0.2515859603881836
2.4600830078125 -4.846353530883789 -0.24361228942871094
3.7203903198242188 -5.739501953125 -0.24291563034057617

0
-8.033824920654297 14.968215942382812 -0.37433290481567383
-8.038026809692383 14.916540145874023 -0.37148571014404297
-7.942466735839844 14.863801956176758 -0.3544764518737793
-7.9569244384765625 14.796852111816406 -0.3526291847229004
-7.86027717590332 14.67618179321289 -0.34291648864746094
-7.759937286376953 14.579610824584961 -0.35211706161499023
-7.695661544799805 14.451616287231445 -0.35064697265625
-7.499032974243164 14.246936798095703 -0.34750986099243164
-7.38121223449707 14.098691940307617 -0.3520536422729492
-7.272891998291016 13.982870101928711 -0.35773420333862305
-7.171955108642578 13.871089935302734 -0.35397768020629883
-7.105897903442383 13.767385482788086 -0.35097265243530273
-6.991275787353516 13.691858291625977 -0.3537745475769043
-6.881649017333984 13.569847106933594 -0.36808300018310547
-6.800680160522461 13.424015045166016 -0.37277889251708984
-6.629459381103516 13.255847930908203 -0.3765420913696289
-6.559795379638672 13.171455383300781 -0.37691211700439453
-6.540349960327148 13.171049118041992 -0.3643956184387207
-6.445947647094727 13.068906784057617 -0.36618947982788086
-6.284124374389648 12.903409957885742 -0.35982561111450195

2
23.042842864990234 -14.818623542785645 -0.31371068954467773
21.698177337646484 -13.014965057373047 -0.2989921569824219
20.248672485351562 -11.25847053527832 -0.287961483001709
18.598785400390625 -9.346267700195312 -0.29363012313842773
17.1888427734375 -7.778662204742432 -0.3010878562927246
15.796974182128906 -6.155533790588379 -0.31272125244140625
13.93377685546875 -4.083008766174316 -0.31867122650146484
12.358760833740234 -2.2099056243896484 -0.3457298278808594
10.697135925292969 -0.8859481811523438 -0.3550376892089844
9.046714782714844 -0.4312734603881836 -0.34014177322387695
7.3853607177734375 0.9530868530273438 -0.31763553619384766
6.362682342529297 3.3382720947265625 -0.3100547790527344
6.844970703125 5.721446990966797 -0.3438138961791992
8.364749908447266 6.774814605712891 -0.3614382743835449
9.971778869628906 7.3168792724609375 -0.3480491638183594
11.67779541015625 8.73759651184082 -0.3454761505126953
13.44546890258789 10.398632049560547 -0.32407331466674805
15.30819320678711 11.996725082397461 -0.30304813385009766
17.02654266357422 13.411445617675781 -0.28829288482666016
18.74837875366211 14.821203231811523 -0.27159929275512695

2
-29.442533493041992 14.961139678955078 -0.056955814361572266
-29.525663375854492 14.902658462524414 -0.07575273513793945
-29.541332244873047 14.878532409667969 -0.07213258743286133
-29.605764389038086 14.884208679199219 -0.053914546966552734
-29.62563705444336 14.888511657714844 -0.043019771575927734
-29.63658905029297 14.870201110839844 -0.03453636169433594
-29.658496856689453 14.861467361450195 -0.037154197692871094
-29.687129974365234 14.83859634399414 -0.03707408905029297
-29.727121353149414 14.78970718383789 -0.036778926849365234
-29.766176223754883 14.755727767944336 -0.031177043914794922
-29.75216293334961 14.722253799438477 -0.03699159622192383
-29.75632095336914 14.709432601928711 -0.04028463363647461
-29.746549606323242 14.668888092041016 -0.03394651412963867
-29.75029182434082 14.655643463134766 -0.025966644287109375
-29.766389846801758 14.607624053955078 -0.037618160247802734
-29.80501365661621 14.623966217041016 -0.031246662139892578
-29.82569122314453 14.611804962158203 -0.03815793991088867
-29.859025955200195 14.64065933227539 -0.03985309600830078
-29.904159545898438 14.657463073730469 -0.026134014129638672
-29.951072692871094 14.738330841064453 -0.02516794204711914

