1
-3.2520198822021484 14.437427520751953 -0.32663393020629883
-4.376522064208984 13.38796615600586 -0.3076486587524414
-5.534311294555664 12.110971450805664 -0.3133234977722168
-6.647462844848633 10.987163543701172 -0.29752492904663086
-7.568731307983398 9.914615631103516 -0.2911510467529297
-8.823673248291016 8.762298583984375 -0.2711968421936035
-9.777557373046875 7.680482864379883 -0.26877927780151367
-8.614734649658203 6.260814666748047 -0.2939910888671875
-7.578132629394531 4.916967391967773 -0.3158564567565918
-6.766839981079102 4.164279937744141 -0.33408069610595703
-5.544134140014648 5.361530303955078 -0.3378157615661621
-4.494840621948242 6.498903274536133 -0.3419628143310547
-3.2887935638427734 7.68896484375 -0.3393974304199219
-2.1552772521972656 8.760778427124023 -0.33712148666381836
-1.0268077850341797 9.7822265625 -0.3358640670776367
0.23487281799316406 10.92120361328125 -0.33713197708129883
0.9555740356445312 11.944869995117188 -0.342343807220459
-0.4909210205078125 12.750446319580078 -0.3383188247680664
-1.8791046142578125 13.615165710449219 -0.3307170867919922
-3.2742481231689453 14.47433090209961 -0.3233461380004883

1
3.6774749755859375 -5.471803665161133 -0.22080039978027344
4.681491851806641 -4.403343200683594 -0.23126697540283203
5.924293518066406 -3.322694778442383 -0.2649869918823242
6.8785552978515625 -2.3339061737060547 -0.2749032974243164
7.9176025390625 -1.3255786895751953 -0.29813146591186523
9.004108428955078 -0.3074150085449219 -0.31292200088500977
9.092063903808594 0.7575473785400391 -0.2984933853149414
8.100276947021484 1.981058120727539 -0.28361082077026367
7.339393615722656 3.128171920776367 -0.26279449462890625
6.424491882324219 3.7757511138916016 -0.25324344635009766
5.195949554443359 2.7629737854003906 -0.2455754280090332
4.154411315917969 1.7778167724609375 -0.24843120574951172
3.0757675170898438 0.7779655456542969 -0.2515535354614258
1.9484100341796875 -0.3766660690307617 -0.2607154846191406
0.8400287628173828 -1.2807130813598633 -0.26102542877197266
-0.2730236053466797 -2.3159666061401367 -0.26480913162231445
-0.2564258575439453 -3.238186836242676 -0.2648463249206543
1.0306053161621094 -4.001092910766602 -0.24443912506103516
2.382152557373047 -4.773881912231445 -0.2331562042236328
3.6853981018066406 -5.569581985473633 -0.2300281524658203

2
-14.376583099365234 14.818588256835938 -0.3981170654296875
-12.961709976196289 13.42971420288086 -0.40186309814453125
-11.525623321533203 11.87716293334961 -0.38529014587402344
-10.003644943237305 10.300676345825195 -0.3899102210998535
-8.571258544921875 8.754650115966797 -0.39081573486328125
-7.041055679321289 7.089960098266602 -0.40555715560913086
-6.494403839111328 5.128522872924805 -0.3767857551574707
-7.353422164916992 3.2232398986816406 -0.3368053436279297
-8.868871688842773 1.6253108978271484 -0.3075723648071289
-10.651191711425781 0.18085575103759766 -0.28193140029907227
-12.20987319946289 -1.2505531311035156 -0.2673797607421875
-13.848440170288086 -2.8942623138427734 -0.22911977767944336
-15.334433555603027 -4.394024848937988 -0.22325944900512695
-16.895109176635742 -5.910519599914551 -0.18633031845092773
-18.735000610351562 -7.5965728759765625 -0.17184209823608398
-20.26943016052246 -9.200838088989258 -0.155120849609375
-21.95186996459961 -10.795007705688477 -0.1551346778869629
-23.438627243041992 -12.282580375671387 -0.14287567138671875
-24.569377899169922 -13.489235877990723 -0.14553499221801758
-25.987850189208984 -14.817117691040039 -0.11603784561157227

2
13.948509216308594 -14.803801536560059 -0.29555749893188477
12.538654327392578 -13.43325138092041 -0.2872462272644043
11.263221740722656 -12.020339965820312 -0.3004779815673828
9.874351501464844 -10.488351821899414 -0.3060874938964844
8.544914245605469 -9.050943374633789 -0.30290889739990234
7.113491058349609 -7.572354793548584 -0.3204326629638672
5.591056823730469 -6.031095504760742 -0.3238401412963867
4.3023834228515625 -4.617298126220703 -0.35334205627441406
2.7683639526367188 -3.149918556213379 -0.36168670654296875
0.8143730163574219 -1.9960708618164062 -0.34949541091918945
-0.7999496459960938 -2.294576644897461 -0.312197208404541
-2.4331111907958984 -3.448751449584961 -0.29241514205932617
-3.9595508575439453 -4.98439884185791 -0.2611513137817383
-5.385852813720703 -6.348793983459473 -0.21268177032470703
-6.949459075927734 -7.8149919509887695 -0.1667027473449707
-8.494756698608398 -9.32839584350586 -0.14630794525146484
-9.908802032470703 -10.720197677612305 -0.14432811737060547
-11.374116897583008 -12.086606979370117 -0.13337182998657227
-12.747581481933594 -13.416521072387695 -0.1352381706237793
-14.21963119506836 -14.806685447692871 -0.13580608367919922

1
-7.161716461181641 5.00105094909668 -0.30356693267822266
-8.419269561767578 3.8207321166992188 -0.2673306465148926
-9.636489868164062 2.7349929809570312 -0.2218761444091797
-10.509428024291992 1.6051406860351562 -0.18846702575683594
-9.246761322021484 0.3918418884277344 -0.1816401481628418
-8.061521530151367 -0.6333827972412109 -0.18762922286987305
-6.9208526611328125 -1.929830551147461 -0.18279457092285156
-5.943880081176758 -2.973507881164551 -0.18108844757080078
-4.72370719909668 -4.117099761962891 -0.17799711227416992
-3.6261138916015625 -5.35087776184082 -0.16778802871704102
-2.4477577209472656 -4.983953475952148 -0.19691944122314453
-1.136575698852539 -4.01312255859375 -0.23009920120239258
0.18196868896484375 -3.053277015686035 -0.26220130920410156
-0.34621238708496094 -1.9936199188232422 -0.2729482650756836
-1.4632148742675781 -0.7867355346679688 -0.28727102279663086
-2.692502975463867 0.3370647430419922 -0.2902984619140625
-3.621915817260742 1.468301773071289 -0.29833459854125977
-4.734001159667969 2.6280364990234375 -0.3015599250793457
-5.931644439697266 3.828287124633789 -0.3120574951171875
-7.197441101074219 5.021144866943359 -0.32443952560424805

2
4.715862274169922 14.827056884765625 -0.280548095703125
4.319606781005859 14.43704605102539 -0.2907381057739258
3.9017982482910156 14.107198715209961 -0.30281782150268555
3.4776954650878906 13.725788116455078 -0.3151092529296875
3.159107208251953 13.277839660644531 -0.31081533432006836
2.715869903564453 12.860330581665039 -0.30476903915405273
2.208148956298828 12.45550537109375 -0.318936824798584
1.8580093383789062 12.146678924560547 -0.32336950302124023
1.3321456909179688 11.908689498901367 -0.3325791358947754
0.6710491180419922 11.783550262451172 -0.3436279296875
0.134124755859375 11.77750015258789 -0.3395118713378906
-0.3808727264404297 11.917274475097656 -0.3362436294555664
-0.8715744018554688 12.118093490600586 -0.33387279510498047
-1.3422412872314453 12.402292251586914 -0.3318185806274414
-1.7278919219970703 12.734163284301758 -0.3241720199584961
-2.168212890625 13.177465438842773 -0.3160820007324219
-2.4784297943115234 13.58034896850586 -0.31534433364868164
-2.8786048889160156 14.011514663696289 -0.3253045082092285
-3.238588333129883 14.40350341796875 -0.3271780014038086
-3.6213321685791016 14.799140930175781 -0.3363914489746094

1
3.717853546142578 13.869613647460938 -0.24130010604858398
2.591594696044922 13.025854110717773 -0.2979412078857422
1.5264873504638672 12.109725952148438 -0.33531999588012695
0.6451854705810547 11.154224395751953 -0.35588502883911133
1.5281982421875 10.059654235839844 -0.335726261138916
2.4895172119140625 9.046895980834961 -0.33409595489501953
3.4694290161132812 7.89921760559082 -0.3184700012207031
4.2525787353515625 6.921075820922852 -0.314605712890625
5.122203826904297 5.800693511962891 -0.2952432632446289
5.931713104248047 4.539045333862305 -0.28391599655151367
6.869228363037109 4.723278045654297 -0.26941585540771484
8.189735412597656 5.77488899230957 -0.2777228355407715
9.34759521484375 6.786018371582031 -0.2868061065673828
9.6463623046875 7.764122009277344 -0.29772329330444336
8.673648834228516 8.881963729858398 -0.2905430793762207
7.6168060302734375 9.926370620727539 -0.2805204391479492
6.678989410400391 10.904890060424805 -0.27692222595214844
5.823417663574219 11.903762817382812 -0.27509546279907227
4.8646087646484375 12.823751449584961 -0.272489070892334
3.6760025024414062 13.86135482788086 -0.2488718032836914

0
-7.331232070922852 12.568710327148438 -0.3686814308166504
-7.474496841430664 12.67596435546875 -0.37006664276123047
-7.586732864379883 12.767614364624023 -0.3671536445617676
-7.748924255371094 12.946432113647461 -0.3560009002685547
-7.838628768920898 13.07234001159668 -0.34816551208496094
-7.944744110107422 13.212135314941406 -0.3518867492675781
-8.041633605957031 13.300870895385742 -0.3608741760253906
-8.097835540771484 13.428045272827148 -0.36362123489379883
-8.196229934692383 13.547782897949219 -0.38233089447021484
-8.308774948120117 13.69727897644043 -0.38666296005249023
-8.428350448608398 13.803342819213867 -0.3734416961669922
-8.473756790161133 13.893667221069336 -0.36301469802856445
-8.646244049072266 14.053739547729492 -0.3617119789123535
-8.842018127441406 14.243160247802734 -0.37204885482788086
-8.98487663269043 14.38918685913086 -0.37247657775878906
-9.122787475585938 14.499258041381836 -0.3755359649658203
-9.279378890991211 14.613025665283203 -0.37644433975219727
-9.346809387207031 14.759174346923828 -0.36193418502807617
-9.483062744140625 14.824773788452148 -0.3724956512451172
-9.697757720947266 14.857780456542969 -0.37363147735595703

2
24.45667266845703 -14.801453590393066 -0.30892515182495117
22.9337158203125 -12.991216659545898 -0.2996816635131836
21.539451599121094 -11.494552612304688 -0.28508663177490234
19.93866729736328 -9.6267728805542 -0.28952455520629883
18.211116790771484 -7.905603408813477 -0.2973041534423828
16.651031494140625 -6.284323692321777 -0.30971860885620117
14.841300964355469 -4.419353485107422 -0.32016658782958984
13.072509765625 -2.4731826782226562 -0.3497757911682129
11.58121109008789 -1.0015010833740234 -0.3622283935546875
10.028999328613281 -0.14402198791503906 -0.35445261001586914
7.7830657958984375 0.396881103515625 -0.3321704864501953
6.366146087646484 2.101991653442383 -0.31485557556152344
5.841838836669922 4.996013641357422 -0.32516956329345703
6.863277435302734 6.766027450561523 -0.35743188858032227
8.356391906738281 7.287982940673828 -0.34280920028686523
10.010635375976562 8.226327896118164 -0.34376096725463867
11.789936065673828 10.093730926513672 -0.33382368087768555
13.392196655273438 11.665090560913086 -0.32139158248901367
15.171669006347656 13.28194808959961 -0.3048067092895508
16.703773498535156 14.82200813293457 -0.30068016052246094

2
-28.92647933959961 14.901010513305664 -0.10406351089477539
-29.06038475036621 14.794567108154297 -0.1190338134765625
-29.05063819885254 14.704509735107422 -0.12453985214233398
-29.152462005615234 14.715417861938477 -0.1104583740234375
-29.12493896484375 14.69058609008789 -0.10654544830322266
-29.233118057250977 14.644004821777344 -0.10142660140991211
-29.27845001220703 14.62337875366211 -0.1026921272277832
-29.333560943603516 14.59554672241211 -0.09501314163208008
-29.42565155029297 14.551937103271484 -0.0966191291809082
-29.508981704711914 14.525291442871094 -0.09129142761230469
-29.48125648498535 14.498857498168945 -0.09153366088867188
-29.509267807006836 14.446231842041016 -0.0977468490600586
-29.54212760925293 14.389810562133789 -0.08233118057250977
-29.566469192504883 14.349908828735352 -0.07453632354736328
-29.61175537109375 14.291999816894531 -0.08474969863891602
-29.685523986816406 14.240667343139648 -0.09048080444335938
-29.744775772094727 14.23720932006836 -0.10226249694824219
-29.791820526123047 14.263616561889648 -0.09954690933227539
-29.870386123657227 14.196487426757812 -0.09782266616821289
-29.922937393188477 14.184320449829102 -0.08122062683105469

