1
-4.283718109130859 14.176624298095703 -0.34978294372558594
-5.336383819580078 13.131330490112305 -0.3306694030761719
-6.451482772827148 11.863973617553711 -0.3271188735961914
-7.537317276000977 10.674793243408203 -0.3074607849121094
-8.287042617797852 9.424077987670898 -0.3035869598388672
-9.602567672729492 8.278970718383789 -0.28783512115478516
-10.370840072631836 7.1375732421875 -0.27724266052246094
-9.274429321289062 5.795886993408203 -0.3043398857116699
-8.111661911010742 4.580863952636719 -0.3226184844970703
-7.205211639404297 3.855134963989258 -0.3377695083618164
-6.121562957763672 5.111328125 -0.3388833999633789
-5.08867073059082 6.268646240234375 -0.34912824630737305
-3.9643726348876953 7.4762725830078125 -0.3497805595397949
-2.8767433166503906 8.58712387084961 -0.3513312339782715
-1.8288383483886719 9.696857452392578 -0.35068607330322266
-0.6653900146484375 10.892566680908203 -0.3512582778930664
-0.03470802307128906 11.933605194091797 -0.3592257499694824
-1.5035324096679688 12.687305450439453 -0.3543071746826172
-2.8591156005859375 13.47463607788086 -0.349700927734375
-4.345436096191406 14.285057067871094 -0.34955453872680664

1
3.6049118041992188 -5.257657051086426 -0.20840930938720703
4.54754638671875 -4.136483192443848 -0.22264814376831055
5.777671813964844 -3.024538040161133 -0.25970935821533203
6.6364593505859375 -1.9505681991577148 -0.26873016357421875
7.695125579833984 -0.9882278442382812 -0.29352712631225586
8.631240844726562 0.1104583740234375 -0.3150177001953125
8.67728042602539 1.1879100799560547 -0.3023524284362793
7.6717987060546875 2.402791976928711 -0.29581403732299805
6.8419342041015625 3.490764617919922 -0.2694435119628906
5.900115966796875 4.05589485168457 -0.25284719467163086
4.740894317626953 2.9037628173828125 -0.24961280822753906
3.74774169921875 1.9022083282470703 -0.25719404220581055
2.7247886657714844 0.7888269424438477 -0.25370025634765625
1.7991104125976562 -0.3815441131591797 -0.2593512535095215
0.681732177734375 -1.2587432861328125 -0.25713491439819336
-0.3955650329589844 -2.348801612854004 -0.2578134536743164
-0.30077362060546875 -3.251370429992676 -0.25339794158935547
0.9144077301025391 -3.9156713485717773 -0.23298978805541992
2.288055419921875 -4.639284133911133 -0.21951580047607422
3.5927696228027344 -5.339765548706055 -0.2151322364807129

2
-15.987371444702148 14.81277084350586 -0.42516469955444336
-14.583656311035156 13.4287109375 -0.42041683197021484
-13.210546493530273 12.068466186523438 -0.40096378326416016
-11.524921417236328 10.467973709106445 -0.4087071418762207
-10.217824935913086 9.232505798339844 -0.3888692855834961
-8.735706329345703 7.7011260986328125 -0.4018211364746094
-7.367881774902344 6.052713394165039 -0.3879661560058594
-7.130683898925781 3.857686996459961 -0.3623347282409668
-8.231927871704102 2.305654525756836 -0.3299393653869629
-9.942211151123047 0.6935567855834961 -0.28810644149780273
-11.213455200195312 -0.7812623977661133 -0.27659082412719727
-12.895816802978516 -2.3221540451049805 -0.2324538230895996
-14.346231460571289 -4.0820112228393555 -0.21500396728515625
-15.817657470703125 -5.581304550170898 -0.18034934997558594
-17.310462951660156 -7.110048770904541 -0.15782976150512695
-18.710186004638672 -8.677762985229492 -0.1379222869873047
-20.322525024414062 -10.356515884399414 -0.1257190704345703
-21.62519645690918 -11.855756759643555 -0.1126546859741211
-23.04854965209961 -13.324121475219727 -0.11027002334594727
-24.644607543945312 -14.804349899291992 -0.10351276397705078

1
-7.704824447631836 4.612709045410156 -0.31087827682495117
-8.844175338745117 3.42938232421875 -0.2705516815185547
-10.077396392822266 2.236631393432617 -0.2173447608947754
-10.869771957397461 1.1059894561767578 -0.1884002685546875
-9.57746696472168 -0.050621986389160156 -0.17449426651000977
-8.356340408325195 -1.0462512969970703 -0.17434263229370117
-7.189107894897461 -2.200455665588379 -0.17058181762695312
-6.085538864135742 -3.2970123291015625 -0.16506624221801758
-4.849933624267578 -4.358376502990723 -0.16485166549682617
-3.6981735229492188 -5.518815994262695 -0.16214942932128906
-2.616994857788086 -5.103124618530273 -0.18586492538452148
-1.2241878509521484 -4.05097770690918 -0.2188277244567871
0.053791046142578125 -3.0402135848999023 -0.25697898864746094
-0.5121536254882812 -2.0232486724853516 -0.27143049240112305
-1.831857681274414 -0.8683004379272461 -0.28037309646606445
-3.0002098083496094 0.19129180908203125 -0.28813648223876953
-4.063467025756836 1.2763023376464844 -0.299837589263916
-5.118747711181641 2.3916053771972656 -0.2994246482849121
-6.438121795654297 3.5234832763671875 -0.3081550598144531
-7.709787368774414 4.652244567871094 -0.3183269500732422

2
15.099830627441406 -14.7966947555542 -0.2609286308288574
13.616374969482422 -13.449037551879883 -0.2416849136352539
12.28078842163086 -12.120809555053711 -0.2625136375427246
10.797340393066406 -10.684137344360352 -0.27359819412231445
9.32711410522461 -9.208362579345703 -0.2782936096191406
7.940399169921875 -7.8836894035339355 -0.29534482955932617
6.292881011962891 -6.372021675109863 -0.2960634231567383
4.8888397216796875 -5.017326354980469 -0.3268623352050781
3.2988319396972656 -3.569342613220215 -0.34973764419555664
1.3592472076416016 -2.080214500427246 -0.35489463806152344
-0.332427978515625 -2.049823760986328 -0.31977319717407227
-1.8194465637207031 -2.8516054153442383 -0.30268096923828125
-3.323812484741211 -4.420489311218262 -0.2687869071960449
-4.661066055297852 -5.947268486022949 -0.22059202194213867
-6.0764617919921875 -7.404178142547607 -0.16822290420532227
-7.467988967895508 -8.9068603515625 -0.12962627410888672
-9.008111953735352 -10.517725944519043 -0.10770845413208008
-10.276105880737305 -11.915958404541016 -0.08729314804077148
-11.687173843383789 -13.322416305541992 -0.08712387084960938
-13.05279541015625 -14.830450057983398 -0.09550809860229492

2
3.49652099609375 14.808218002319336 -0.3054084777832031
3.078662872314453 14.403789520263672 -0.3131222724914551
2.7458152770996094 14.015920639038086 -0.3271923065185547
2.308177947998047 13.594547271728516 -0.34093332290649414
1.978586196899414 13.14914321899414 -0.3339824676513672
1.5505142211914062 12.730428695678711 -0.32762718200683594
1.111764907836914 12.313304901123047 -0.3373136520385742
0.6691398620605469 12.060287475585938 -0.3403739929199219
0.18070220947265625 11.855215072631836 -0.34786319732666016
-0.5940151214599609 11.72535514831543 -0.35491180419921875
-1.1343822479248047 11.75495719909668 -0.3544330596923828
-1.5717201232910156 11.919389724731445 -0.3583512306213379
-2.1054840087890625 12.15622329711914 -0.35228824615478516
-2.501697540283203 12.457765579223633 -0.3452305793762207
-2.9702529907226562 12.809894561767578 -0.33502817153930664
-3.4514942169189453 13.288728713989258 -0.3304729461669922
-3.7856101989746094 13.686861038208008 -0.33630895614624023
-4.159261703491211 14.085945129394531 -0.34332275390625
-4.523090362548828 14.445159912109375 -0.34220266342163086
-4.928310394287109 14.796480178833008 -0.34475278854370117

0
-8.182775497436523 12.21206283569336 -0.3752598762512207
-8.35542106628418 12.278911590576172 -0.3742222785949707
-8.493131637573242 12.362737655639648 -0.3769102096557617
-8.70098876953125 12.557985305786133 -0.3736710548400879
-8.827728271484375 12.686504364013672 -0.37291383743286133
-8.952409744262695 12.849542617797852 -0.38192319869995117
-9.092985153198242 12.967418670654297 -0.39048004150390625
-9.275444030761719 13.170873641967773 -0.3910794258117676
-9.382776260375977 13.329092025756836 -0.4070863723754883
-9.55025863647461 13.521036148071289 -0.41501712799072266
-9.739913940429688 13.678956985473633 -0.4024810791015625
-9.87257194519043 13.808055877685547 -0.40044450759887695
-10.119060516357422 14.002038955688477 -0.40025806427001953
-10.33140754699707 14.2008056640625 -0.40594005584716797
-10.466922760009766 14.379108428955078 -0.4126100540161133
-10.590085983276367 14.568748474121094 -0.4159245491027832
-10.74319076538086 14.74051284790039 -0.40810394287109375
-10.903902053833008 14.873214721679688 -0.407407283782959
-11.008554458618164 14.926733016967773 -0.4100522994995117
-11.187416076660156 14.960594177246094 -0.40117406845092773

1
2.7499237060546875 14.116878509521484 -0.3419370651245117
1.628744125366211 13.059467315673828 -0.35901880264282227
0.5039157867431641 12.077728271484375 -0.36734962463378906
-0.22739601135253906 11.044109344482422 -0.37589168548583984
0.7142009735107422 10.115001678466797 -0.37519216537475586
1.6559600830078125 9.016939163208008 -0.3357667922973633
2.6485519409179688 8.008291244506836 -0.30245065689086914
3.5404891967773438 6.952749252319336 -0.2983260154724121
4.545978546142578 5.684734344482422 -0.30047607421875
5.584697723388672 4.726499557495117 -0.2929563522338867
6.549701690673828 5.216958999633789 -0.2884941101074219
7.6208953857421875 6.275947570800781 -0.2962512969970703
8.678836822509766 7.271541595458984 -0.31027793884277344
8.75259017944336 8.311447143554688 -0.32680225372314453
7.695777893066406 9.201902389526367 -0.31894874572753906
6.662418365478516 10.349737167358398 -0.3110165596008301
5.773441314697266 11.357662200927734 -0.30822229385375977
4.802574157714844 12.281639099121094 -0.3022775650024414
3.876190185546875 13.101438522338867 -0.2888641357421875
2.8340988159179688 14.073312759399414 -0.2682070732116699

2
-28.55139923095703 14.836395263671875 -0.1803145408630371
-28.611820220947266 14.742948532104492 -0.18601465225219727
-28.642576217651367 14.652542114257812 -0.1837635040283203
-28.795486450195312 14.605632781982422 -0.1791996955871582
-28.765867233276367 14.583946228027344 -0.1745004653930664
-28.95011329650879 14.496482849121094 -0.16980838775634766
-29.006099700927734 14.456716537475586 -0.1663045883178711
-29.071495056152344 14.388887405395508 -0.1657390594482422
-29.156457901000977 14.329816818237305 -0.16885662078857422
-29.229326248168945 14.249198913574219 -0.1688523292541504
-29.19720458984375 14.178487777709961 -0.16787242889404297
-29.27475357055664 14.109678268432617 -0.17606782913208008
-29.345151901245117 14.050418853759766 -0.1581277847290039
-29.421419143676758 13.967178344726562 -0.15044546127319336
-29.492950439453125 13.909324645996094 -0.1494150161743164
-29.59090232849121 13.881038665771484 -0.14841461181640625
-29.66819953918457 13.799360275268555 -0.15520143508911133
-29.74292755126953 13.779159545898438 -0.15250825881958008
-29.836654663085938 13.685064315795898 -0.1421952247619629
-29.92881965637207 13.464920043945312 -0.14195680618286133

2
25.956993103027344 -14.838760375976562 -0.2924981117248535
24.155719757080078 -12.965479850769043 -0.2659463882446289
22.656204223632812 -11.513105392456055 -0.26008081436157227
21.14529037475586 -9.90580940246582 -0.2704935073852539
19.178020477294922 -7.938230514526367 -0.2737712860107422
17.390697479248047 -6.211060523986816 -0.28433895111083984
15.537384033203125 -4.539270401000977 -0.30846214294433594
13.781169891357422 -2.9076480865478516 -0.338320255279541
12.019657135009766 -1.2134933471679688 -0.3594989776611328
10.468345642089844 -0.033039093017578125 -0.35492897033691406
8.192680358886719 0.11502933502197266 -0.34565067291259766
6.6737213134765625 1.4487991333007812 -0.33872365951538086
5.2819366455078125 4.009832382202148 -0.3186464309692383
5.563358306884766 6.674676895141602 -0.3661069869995117
6.990688323974609 7.517065048217773 -0.3593430519104004
8.760307312011719 8.07669448852539 -0.35047245025634766
10.424732208251953 9.879806518554688 -0.3503994941711426
12.006118774414062 11.60671615600586 -0.34957265853881836
13.520771026611328 13.245138168334961 -0.34027862548828125
14.911792755126953 14.811859130859375 -0.32265138626098633

