1
-5.335294723510742 13.916496276855469 -0.36043214797973633
-6.290748596191406 12.796943664550781 -0.33899784088134766
-7.3706817626953125 11.579233169555664 -0.32985925674438477
-8.474618911743164 10.25674819946289 -0.29428625106811523
-9.189964294433594 8.99235725402832 -0.289825439453125
-10.512100219726562 7.800821304321289 -0.2871074676513672
-11.08224105834961 6.592126846313477 -0.26856565475463867
-9.86046028137207 5.384944915771484 -0.29897308349609375
-8.664268493652344 4.173561096191406 -0.31955957412719727
-7.66218376159668 3.440713882446289 -0.33321237564086914
-6.713314056396484 4.837850570678711 -0.33986949920654297
-5.713161468505859 5.982269287109375 -0.3454322814941406
-4.6930084228515625 7.245523452758789 -0.3463711738586426
-3.6971302032470703 8.471302032470703 -0.35680675506591797
-2.733623504638672 9.662805557250977 -0.3611030578613281
-1.5489730834960938 10.889261245727539 -0.3558993339538574
-1.0850296020507812 11.955421447753906 -0.35866641998291016
-2.481962203979492 12.635538101196289 -0.34203529357910156
-4.00312614440918 13.402406692504883 -0.34485960006713867
-5.36143684387207 14.00222396850586 -0.3445115089416504

1
3.610729217529297 -5.082995414733887 -0.20676326751708984
4.511409759521484 -3.9468021392822266 -0.22362709045410156
5.570644378662109 -2.79302978515625 -0.26024723052978516
6.427944183349609 -1.6766357421875 -0.27365732192993164
7.421943664550781 -0.6316871643066406 -0.2981114387512207
8.298835754394531 0.4473705291748047 -0.3233304023742676
8.298442840576172 1.5229072570800781 -0.3131132125854492
7.243335723876953 2.6727256774902344 -0.3083152770996094
6.346797943115234 3.8201656341552734 -0.2859463691711426
5.386188507080078 4.311067581176758 -0.2702484130859375
4.261955261230469 3.076629638671875 -0.26114988327026367
3.371814727783203 2.073505401611328 -0.26761770248413086
2.3850555419921875 0.8711490631103516 -0.2592329978942871
1.4459247589111328 -0.2799072265625 -0.2572298049926758
0.4876441955566406 -1.288614273071289 -0.25233983993530273
-0.5470561981201172 -2.3884506225585938 -0.25050878524780273
-0.39776611328125 -3.3136472702026367 -0.24535369873046875
0.7804985046386719 -3.8759851455688477 -0.2249760627746582
2.2371788024902344 -4.55625057220459 -0.20991945266723633
3.6140174865722656 -5.133573532104492 -0.21360206604003906

1
1.7331218719482422 14.239900588989258 -0.34802675247192383
0.6850795745849609 13.168811798095703 -0.37787866592407227
-0.4031658172607422 12.151323318481445 -0.37363100051879883
-1.1017608642578125 11.021533966064453 -0.3844575881958008
-0.10054969787597656 10.158905029296875 -0.3883986473083496
0.9767360687255859 9.04843521118164 -0.35661792755126953
2.008697509765625 8.108665466308594 -0.3209834098815918
3.0040016174316406 7.113201141357422 -0.3178858757019043
4.052616119384766 5.967212677001953 -0.3102397918701172
5.106487274169922 4.999834060668945 -0.3036231994628906
5.9573211669921875 5.507059097290039 -0.2926173210144043
6.866092681884766 6.660078048706055 -0.31566858291625977
7.856941223144531 7.665004730224609 -0.3243703842163086
7.992950439453125 8.673091888427734 -0.33807802200317383
6.93756103515625 9.640966415405273 -0.3257761001586914
5.789863586425781 10.62275505065918 -0.32007932662963867
4.837608337402344 11.631235122680664 -0.31766319274902344
3.8244171142578125 12.409235000610352 -0.31259918212890625
2.870166778564453 13.265525817871094 -0.30359554290771484
1.7311058044433594 14.218267440795898 -0.2743539810180664

2
-18.16611099243164 14.803321838378906 -0.4312019348144531
-16.489973068237305 13.501115798950195 -0.40950870513916016
-15.080215454101562 12.252017974853516 -0.40296506881713867
-13.347944259643555 10.794340133666992 -0.39626646041870117
-12.034500122070312 9.643020629882812 -0.38237428665161133
-10.572603225708008 8.152643203735352 -0.38881349563598633
-8.885978698730469 6.785511016845703 -0.39124202728271484
-7.652248382568359 4.9114532470703125 -0.3734016418457031
-7.728370666503906 2.943115234375 -0.34816884994506836
-9.275218963623047 1.332672119140625 -0.293487548828125
-10.50291633605957 -0.17700767517089844 -0.2683577537536621
-11.966331481933594 -1.893157958984375 -0.22632646560668945
-13.432893753051758 -3.6138229370117188 -0.19284772872924805
-14.769639015197754 -5.219285011291504 -0.15743255615234375
-16.121706008911133 -6.730192184448242 -0.13308095932006836
-17.482589721679688 -8.382875442504883 -0.10544252395629883
-18.89657211303711 -10.106517791748047 -0.0873565673828125
-20.18433380126953 -11.746886253356934 -0.07209968566894531
-21.604183197021484 -13.329625129699707 -0.05675697326660156
-22.646076202392578 -14.790759086608887 -0.051878929138183594

1
-8.161176681518555 4.216388702392578 -0.29915285110473633
-9.39438247680664 2.889240264892578 -0.2545652389526367
-10.566192626953125 1.652853012084961 -0.2030963897705078
-11.20695686340332 0.45749759674072266 -0.16879796981811523
-9.861345291137695 -0.5720081329345703 -0.1585235595703125
-8.632486343383789 -1.5833396911621094 -0.1545853614807129
-7.460599899291992 -2.5586652755737305 -0.14299249649047852
-6.210432052612305 -3.670477867126465 -0.13117647171020508
-4.968812942504883 -4.724534034729004 -0.14562129974365234
-3.731363296508789 -5.7759857177734375 -0.14940595626831055
-2.7305850982666016 -5.2544450759887695 -0.1752767562866211
-1.3196773529052734 -4.082706451416016 -0.21250009536743164
0.009592056274414062 -2.9791154861450195 -0.24659299850463867
-0.6897850036621094 -2.035386085510254 -0.26039600372314453
-2.1068153381347656 -0.9656543731689453 -0.2715167999267578
-3.3252334594726562 0.04094123840332031 -0.27480220794677734
-4.415779113769531 1.0550479888916016 -0.2891263961791992
-5.618740081787109 2.153228759765625 -0.2952594757080078
-6.983438491821289 3.1908035278320312 -0.2989234924316406
-8.258304595947266 4.246700286865234 -0.3074183464050293

2
2.2864723205566406 14.802450180053711 -0.3263225555419922
1.895742416381836 14.401363372802734 -0.32286596298217773
1.5298957824707031 13.96310043334961 -0.3446965217590332
1.1580772399902344 13.541435241699219 -0.3621530532836914
0.8485870361328125 13.102006912231445 -0.3552846908569336
0.25545692443847656 12.555747985839844 -0.35100841522216797
-0.07991790771484375 12.261993408203125 -0.34996700286865234
-0.4999580383300781 11.932941436767578 -0.3527798652648926
-1.0254592895507812 11.782707214355469 -0.35050344467163086
-1.633901596069336 11.669857025146484 -0.3591337203979492
-2.2435741424560547 11.73675537109375 -0.36101293563842773
-2.733003616333008 11.909069061279297 -0.36439085006713867
-3.2589969635009766 12.179519653320312 -0.36385011672973633
-3.770406723022461 12.527189254760742 -0.35288047790527344
-4.231508255004883 12.866716384887695 -0.35233306884765625
-4.636014938354492 13.326658248901367 -0.34450864791870117
-5.0505523681640625 13.714378356933594 -0.3377060890197754
-5.453495025634766 14.10628890991211 -0.3509182929992676
-5.83458137512207 14.46554183959961 -0.3428335189819336
-6.20246696472168 14.790491104125977 -0.34067630767822266

2
16.540790557861328 -14.797410011291504 -0.2563810348510742
14.812637329101562 -13.537290573120117 -0.25292444229125977
13.319591522216797 -12.192594528198242 -0.26123046875
11.771602630615234 -10.86536979675293 -0.2772798538208008
10.336044311523438 -9.541885375976562 -0.29108142852783203
8.682491302490234 -8.115463256835938 -0.30291318893432617
7.045398712158203 -6.719520568847656 -0.29708194732666016
5.559299468994141 -5.431723594665527 -0.31620216369628906
3.8775062561035156 -4.002613067626953 -0.3377962112426758
2.066844940185547 -2.4847335815429688 -0.3500089645385742
0.40653419494628906 -1.9522161483764648 -0.32689571380615234
-1.1911754608154297 -2.3664016723632812 -0.3022799491882324
-2.713287353515625 -3.813152313232422 -0.27779293060302734
-4.027881622314453 -5.403265953063965 -0.2290053367614746
-5.347055435180664 -7.0179972648620605 -0.16765737533569336
-6.638246536254883 -8.510976791381836 -0.11832952499389648
-8.042623519897461 -10.159149169921875 -0.09228181838989258
-9.32574462890625 -11.682231903076172 -0.050591468811035156
-10.702936172485352 -13.247608184814453 -0.043202877044677734
-11.947864532470703 -14.830836296081543 -0.05292797088623047

0
-9.144472122192383 11.828224182128906 -0.3624744415283203
-9.378707885742188 11.958995819091797 -0.36399126052856445
-9.584373474121094 12.117267608642578 -0.3676638603210449
-9.825067520141602 12.292242050170898 -0.37394237518310547
-9.958120346069336 12.403339385986328 -0.3760972023010254
-10.202238082885742 12.6226806640625 -0.3809242248535156
-10.425928115844727 12.779430389404297 -0.3864121437072754
-10.562379837036133 12.960809707641602 -0.3935966491699219
-10.758598327636719 13.158260345458984 -0.3975653648376465
-10.942586898803711 13.348348617553711 -0.40135812759399414
-11.17106819152832 13.519357681274414 -0.3935670852661133
-11.43768310546875 13.68016242980957 -0.395810604095459
-11.581802368164062 13.822038650512695 -0.3968939781188965
-11.86528205871582 14.069412231445312 -0.407440185546875
-12.027862548828125 14.261726379394531 -0.4173164367675781
-12.209648132324219 14.502166748046875 -0.42072439193725586
-12.306461334228516 14.69666862487793 -0.41260814666748047
-12.474943161010742 14.842109680175781 -0.4181232452392578
-12.638246536254883 14.924537658691406 -0.42891788482666016
-12.825235366821289 14.960617065429688 -0.42427730560302734

2
28.8076171875 -14.889842987060547 -0.24550151824951172
26.52069091796875 -13.271404266357422 -0.2216176986694336
24.747512817382812 -11.778635025024414 -0.23723840713500977
23.03534698486328 -10.22903060913086 -0.2395648956298828
21.146556854248047 -8.589025497436523 -0.25641727447509766
19.088184356689453 -6.8543596267700195 -0.27669715881347656
17.461658477783203 -5.44734001159668 -0.30033254623413086
15.285659790039062 -3.6696090698242188 -0.3352375030517578
13.245704650878906 -1.9156608581542969 -0.35764217376708984
11.65679931640625 -0.36208248138427734 -0.3662405014038086
9.400104522705078 0.6854276657104492 -0.35912179946899414
7.709018707275391 0.71142578125 -0.34844064712524414
5.743888854980469 2.4390487670898438 -0.340911865234375
4.751712799072266 4.839054107666016 -0.3159151077270508
5.070091247558594 7.232612609863281 -0.3777470588684082
6.858684539794922 8.180870056152344 -0.3892021179199219
8.460453033447266 9.162731170654297 -0.4097437858581543
10.088363647460938 10.984733581542969 -0.40981197357177734
11.808662414550781 13.08140754699707 -0.41472721099853516
13.259910583496094 14.81585693359375 -0.42348814010620117

2
-28.22947120666504 14.838335037231445 -0.21343040466308594
-28.39118194580078 14.72512435913086 -0.2123737335205078
-28.48474884033203 14.638063430786133 -0.20153141021728516
-28.649702072143555 14.58652114868164 -0.2014751434326172
-28.655532836914062 14.546331405639648 -0.1989116668701172
-28.87340545654297 14.42361831665039 -0.19507694244384766
-28.90489959716797 14.328432083129883 -0.1968979835510254
-28.926002502441406 14.193540573120117 -0.1918191909790039
-29.01776885986328 14.067955017089844 -0.19401073455810547
-29.064300537109375 13.973438262939453 -0.19571733474731445
-29.095317840576172 13.898324966430664 -0.1876392364501953
-29.18482780456543 13.849409103393555 -0.19158363342285156
-29.265056610107422 13.769723892211914 -0.17343378067016602
-29.34222412109375 13.623077392578125 -0.1629772186279297
-29.425640106201172 13.53982162475586 -0.15901947021484375
-29.51751708984375 13.447469711303711 -0.1621847152709961
-29.598697662353516 13.249444961547852 -0.16479873657226562
-29.69622039794922 13.27056884765625 -0.1555161476135254
-29.79889678955078 13.209135055541992 -0.1479487419128418
-29.92204475402832 12.87860107421875 -0.14346647262573242

