1
-6.2799835205078125 13.574817657470703 -0.3657855987548828
-7.321805953979492 12.440513610839844 -0.33763551712036133
-8.314958572387695 11.113157272338867 -0.32841014862060547
-9.31016731262207 9.80036735534668 -0.2933645248413086
-10.071922302246094 8.488269805908203 -0.285003662109375
-11.306243896484375 7.297489166259766 -0.2785654067993164
-11.650056838989258 6.019876480102539 -0.2611098289489746
-10.464300155639648 4.847021102905273 -0.27920007705688477
-9.269290924072266 3.6848678588867188 -0.3039975166320801
-8.27017593383789 2.9609546661376953 -0.31314611434936523
-7.385698318481445 4.483009338378906 -0.3357844352722168
-6.455511093139648 5.713994979858398 -0.33736324310302734
-5.436582565307617 6.9946441650390625 -0.34769201278686523
-4.527200698852539 8.255632400512695 -0.3516693115234375
-3.542692184448242 9.449161529541016 -0.36844778060913086
-2.4647865295410156 10.817493438720703 -0.3805203437805176
-1.9904975891113281 11.965953826904297 -0.3805546760559082
-3.363889694213867 12.548879623413086 -0.36466455459594727
-4.856136322021484 13.107152938842773 -0.3577589988708496
-6.303047180175781 13.681081771850586 -0.3503437042236328

1
3.524333953857422 -4.862521171569824 -0.20194721221923828
4.434669494628906 -3.663681983947754 -0.22439050674438477
5.3120269775390625 -2.427058219909668 -0.26400327682495117
6.1050872802734375 -1.3295345306396484 -0.279843807220459
7.110820770263672 -0.1340932846069336 -0.31284046173095703
7.989772796630859 0.905487060546875 -0.3398866653442383
7.819061279296875 1.9609127044677734 -0.3312969207763672
6.7409820556640625 3.1254634857177734 -0.32425785064697266
5.751308441162109 4.2194366455078125 -0.30582284927368164
4.813995361328125 4.490596771240234 -0.2880687713623047
3.8136634826660156 3.3181591033935547 -0.2771339416503906
2.844074249267578 2.2377262115478516 -0.2771134376525879
2.0519142150878906 1.0256977081298828 -0.2642097473144531
1.0682239532470703 -0.10287094116210938 -0.25902271270751953
0.20189857482910156 -1.2775297164916992 -0.24660587310791016
-0.7715167999267578 -2.4230241775512695 -0.2458047866821289
-0.5601863861083984 -3.3260974884033203 -0.22854232788085938
0.6215896606445312 -3.815736770629883 -0.21557092666625977
2.1797256469726562 -4.418478965759277 -0.20085906982421875
3.5338401794433594 -4.869508743286133 -0.20899438858032227

1
0.59320068359375 14.320610046386719 -0.3616061210632324
-0.3170623779296875 13.192991256713867 -0.390106201171875
-1.3325366973876953 12.16436767578125 -0.3860301971435547
-2.0146865844726562 11.04904556274414 -0.40766191482543945
-0.9159832000732422 10.098226547241211 -0.40530824661254883
0.12712860107421875 9.121969223022461 -0.3841710090637207
1.2621650695800781 8.161870956420898 -0.35123491287231445
2.5066299438476562 7.23149299621582 -0.3389778137207031
3.5318679809570312 6.213279724121094 -0.32979536056518555
4.518024444580078 5.356906890869141 -0.32193613052368164
5.3686981201171875 5.891349792480469 -0.3132810592651367
6.2579498291015625 6.944766998291016 -0.34113121032714844
7.213672637939453 8.054746627807617 -0.3526883125305176
7.311580657958984 9.039613723754883 -0.3684549331665039
6.149204254150391 9.949485778808594 -0.3523135185241699
4.968746185302734 10.865873336791992 -0.3502035140991211
3.898578643798828 11.809879302978516 -0.3463435173034668
2.8262481689453125 12.531064987182617 -0.34366416931152344
1.8049869537353516 13.414113998413086 -0.33246660232543945
0.6191253662109375 14.29290771484375 -0.29209423065185547

1
-8.759824752807617 3.7737903594970703 -0.28127336502075195
-9.852523803710938 2.4670753479003906 -0.2369537353515625
-10.987520217895508 1.1858291625976562 -0.18691492080688477
-11.465396881103516 -0.05948352813720703 -0.15633916854858398
-10.070589065551758 -1.1019515991210938 -0.14716672897338867
-8.851499557495117 -2.0241899490356445 -0.13797473907470703
-7.678062438964844 -2.971708297729492 -0.11878013610839844
-6.409330368041992 -3.9894914627075195 -0.11147737503051758
-5.066928863525391 -5.031493186950684 -0.13697385787963867
-3.8629512786865234 -6.006547927856445 -0.14150381088256836
-2.8073272705078125 -5.385092735290527 -0.16356754302978516
-1.443277359008789 -4.155141830444336 -0.2087116241455078
-0.17626571655273438 -3.028792381286621 -0.24104690551757812
-0.9113349914550781 -2.0898780822753906 -0.2551908493041992
-2.246519088745117 -1.0885181427001953 -0.2656083106994629
-3.5310611724853516 -0.1413249969482422 -0.26380205154418945
-4.770254135131836 0.8506622314453125 -0.27664947509765625
-6.026084899902344 1.8297157287597656 -0.28386783599853516
-7.492929458618164 2.857503890991211 -0.28455162048339844
-8.788494110107422 3.797403335571289 -0.2994694709777832

2
1.0665607452392578 14.806798934936523 -0.35304975509643555
0.7036972045898438 14.379899978637695 -0.3567838668823242
0.28240013122558594 13.88508415222168 -0.3769707679748535
-0.03470420837402344 13.400825500488281 -0.386016845703125
-0.40218162536621094 12.889209747314453 -0.38455820083618164
-0.8338890075683594 12.425043106079102 -0.37642669677734375
-1.2646312713623047 12.044557571411133 -0.37615346908569336
-1.702667236328125 11.773195266723633 -0.3741178512573242
-2.2575855255126953 11.622568130493164 -0.37455177307128906
-2.844738006591797 11.556629180908203 -0.3703160285949707
-3.393991470336914 11.675676345825195 -0.373077392578125
-3.942790985107422 11.882633209228516 -0.37876176834106445
-4.494922637939453 12.180904388427734 -0.38051509857177734
-5.072029113769531 12.54305648803711 -0.3712029457092285
-5.516044616699219 12.872100830078125 -0.36500072479248047
-5.989597320556641 13.31788444519043 -0.35953426361083984
-6.34942626953125 13.681175231933594 -0.35976600646972656
-6.75665283203125 14.08847427368164 -0.3561248779296875
-7.17103385925293 14.43808364868164 -0.3600196838378906
-7.602848052978516 14.805147171020508 -0.37275218963623047

2
-20.577205657958984 14.793418884277344 -0.40494489669799805
-19.039230346679688 13.600944519042969 -0.38738489151000977
-17.313169479370117 12.332744598388672 -0.3831801414489746
-15.692729949951172 11.082958221435547 -0.37532663345336914
-13.996986389160156 9.878900527954102 -0.36258983612060547
-12.370439529418945 8.513114929199219 -0.35906076431274414
-10.527280807495117 7.084636688232422 -0.3681788444519043
-8.8592529296875 5.69123649597168 -0.3721742630004883
-8.155143737792969 3.8029022216796875 -0.35024118423461914
-8.710886001586914 1.863504409790039 -0.29831504821777344
-10.023521423339844 0.4065723419189453 -0.2599525451660156
-11.29787826538086 -1.3576679229736328 -0.2165985107421875
-12.650299072265625 -3.0828628540039062 -0.17247486114501953
-14.06723690032959 -5.001099586486816 -0.14055442810058594
-15.354316711425781 -6.5758819580078125 -0.11223745346069336
-16.613008499145508 -8.162437438964844 -0.08345985412597656
-17.735992431640625 -9.687887191772461 -0.061856746673583984
-18.998245239257812 -11.62109375 -0.04520368576049805
-20.45899200439453 -13.236193656921387 -0.024133682250976562
-21.723522186279297 -14.794195175170898 -0.042310237884521484

2
18.056377410888672 -14.807757377624512 -0.242156982421875
16.204811096191406 -13.607029914855957 -0.25478601455688477
14.572490692138672 -12.327220916748047 -0.25296831130981445
12.967212677001953 -10.995086669921875 -0.2717247009277344
11.329010009765625 -9.664399147033691 -0.2799057960510254
9.750633239746094 -8.42870807647705 -0.2965068817138672
8.040534973144531 -7.1530375480651855 -0.291170597076416
6.371852874755859 -5.790125846862793 -0.29604148864746094
4.603191375732422 -4.459741592407227 -0.31908750534057617
2.9350738525390625 -3.1109180450439453 -0.3407902717590332
1.2647151947021484 -2.1266984939575195 -0.32983970642089844
-0.5918998718261719 -2.085097312927246 -0.30168724060058594
-2.1639785766601562 -3.154417037963867 -0.2836766242980957
-3.524078369140625 -4.921961784362793 -0.2366800308227539
-4.72930908203125 -6.609816551208496 -0.17085027694702148
-5.989021301269531 -8.199562072753906 -0.10960054397583008
-7.371341705322266 -9.979541778564453 -0.06763315200805664
-8.503667831420898 -11.436168670654297 -0.025734424591064453
-9.889854431152344 -13.193180084228516 -0.0003409385681152344
-11.070680618286133 -14.815936088562012 -0.005493640899658203

0
-10.02760124206543 11.312881469726562 -0.3640308380126953
-10.364654541015625 11.504138946533203 -0.3663034439086914
-10.710010528564453 11.704233169555664 -0.36446571350097656
-10.959297180175781 11.904037475585938 -0.3736729621887207
-11.147832870483398 12.052614212036133 -0.37818431854248047
-11.371402740478516 12.252082824707031 -0.3864607810974121
-11.648210525512695 12.43568229675293 -0.38959360122680664
-11.837722778320312 12.605953216552734 -0.39106273651123047
-12.170703887939453 12.859718322753906 -0.39023351669311523
-12.385921478271484 13.048398971557617 -0.38820600509643555
-12.584802627563477 13.221536636352539 -0.377199649810791
-12.779426574707031 13.382757186889648 -0.38058900833129883
-13.077619552612305 13.597345352172852 -0.3741145133972168
-13.348424911499023 13.785131454467773 -0.3825235366821289
-13.657724380493164 14.015329360961914 -0.39949607849121094
-13.953157424926758 14.339078903198242 -0.41648197174072266
-14.101000785827637 14.580007553100586 -0.4012784957885742
-14.350367546081543 14.773893356323242 -0.40415239334106445
-14.48491382598877 14.893903732299805 -0.40662527084350586
-14.824726104736328 14.956575393676758 -0.40978527069091797

2
29.692428588867188 -14.487833023071289 -0.28432226181030273
28.02649688720703 -13.075212478637695 -0.25089216232299805
26.080413818359375 -11.482766151428223 -0.2692127227783203
23.945327758789062 -9.757445335388184 -0.2684178352355957
22.062911987304688 -8.107277870178223 -0.2900962829589844
20.0869140625 -6.5815629959106445 -0.3012566566467285
18.399932861328125 -5.3395891189575195 -0.3234596252441406
15.89035415649414 -3.438272476196289 -0.3558235168457031
13.787528991699219 -1.8087749481201172 -0.3675222396850586
11.885932922363281 -0.29309844970703125 -0.3737154006958008
9.648696899414062 1.022195816040039 -0.3760085105895996
7.982856750488281 0.9892091751098633 -0.3809700012207031
5.971210479736328 2.078075408935547 -0.36173439025878906
4.527271270751953 3.8832149505615234 -0.32796192169189453
4.090980529785156 6.603357315063477 -0.3723611831665039
5.586830139160156 8.293827056884766 -0.4178032875061035
7.122718811035156 9.086055755615234 -0.4337425231933594
8.777191162109375 10.744256973266602 -0.4465312957763672
10.175350189208984 12.896503448486328 -0.44106197357177734
11.505767822265625 14.808797836303711 -0.4506049156188965

2
-27.94800567626953 14.82479476928711 -0.2296161651611328
-28.168920516967773 14.711544036865234 -0.22594070434570312
-28.24861717224121 14.614164352416992 -0.21310949325561523
-28.37106704711914 14.531692504882812 -0.21065235137939453
-28.386396408081055 14.476253509521484 -0.20926761627197266
-28.649023056030273 14.349822998046875 -0.20165729522705078
-28.655704498291016 14.243890762329102 -0.20212507247924805
-28.669424057006836 14.07171630859375 -0.1991109848022461
-28.782819747924805 13.960393905639648 -0.2051095962524414
-28.893693923950195 13.884218215942383 -0.19757986068725586
-28.957305908203125 13.778648376464844 -0.1900501251220703
-29.06475067138672 13.643241882324219 -0.19321107864379883
-29.1435489654541 13.505502700805664 -0.17313241958618164
-29.196165084838867 13.348674774169922 -0.16559123992919922
-29.266368865966797 13.252368927001953 -0.15407180786132812
-29.410898208618164 13.135553359985352 -0.14870023727416992
-29.501850128173828 13.022153854370117 -0.14472007751464844
-29.637447357177734 12.960796356201172 -0.13565349578857422
-29.761499404907227 12.86574935913086 -0.12528419494628906
-29.889341354370117 12.59811782836914 -0.12293863296508789

