1
-7.232273101806641 13.29833984375 -0.35882043838500977
-8.193330764770508 12.10883903503418 -0.334531307220459
-9.12153434753418 10.656829833984375 -0.32338619232177734
-10.024112701416016 9.47085189819336 -0.29564332962036133
-10.781696319580078 8.049869537353516 -0.2743964195251465
-11.711387634277344 6.7103424072265625 -0.2662358283996582
-12.168987274169922 5.432928085327148 -0.24097299575805664
-11.107610702514648 4.332187652587891 -0.25840330123901367
-9.786466598510742 3.1681480407714844 -0.2819852828979492
-8.733938217163086 2.5540771484375 -0.2965507507324219
-7.954545974731445 4.0928192138671875 -0.32216405868530273
-7.065860748291016 5.418638229370117 -0.33299779891967773
-6.130718231201172 6.67234992980957 -0.33687734603881836
-5.289735794067383 8.033279418945312 -0.3447751998901367
-4.300113677978516 9.223190307617188 -0.3735213279724121
-3.312288284301758 10.610929489135742 -0.3847036361694336
-2.791727066040039 11.855215072631836 -0.39644622802734375
-4.261926651000977 12.359128952026367 -0.3810262680053711
-5.643037796020508 12.737083435058594 -0.3750128746032715
-7.140933990478516 13.247543334960938 -0.3555622100830078

1
3.4269561767578125 -4.744711875915527 -0.2004556655883789
4.285282135009766 -3.451305389404297 -0.22207355499267578
5.083942413330078 -2.2097883224487305 -0.26531982421875
5.896373748779297 -1.0672740936279297 -0.28148746490478516
6.792972564697266 0.24045848846435547 -0.31946849822998047
7.6472015380859375 1.3300762176513672 -0.3488645553588867
7.3737335205078125 2.3712596893310547 -0.34224510192871094
6.336864471435547 3.449922561645508 -0.334627628326416
5.262531280517578 4.471626281738281 -0.30876636505126953
4.3062896728515625 4.758369445800781 -0.2967042922973633
3.3523712158203125 3.4772872924804688 -0.2874927520751953
2.4694480895996094 2.2998046875 -0.28373098373413086
1.7379074096679688 1.0212116241455078 -0.27249622344970703
0.7514877319335938 -0.0672922134399414 -0.2609553337097168
-0.190460205078125 -1.3171167373657227 -0.24396419525146484
-1.0416984558105469 -2.506930351257324 -0.2434229850769043
-0.8034782409667969 -3.3815488815307617 -0.2147970199584961
0.5263748168945312 -3.7947845458984375 -0.20521974563598633
2.0302352905273438 -4.322579383850098 -0.19239473342895508
3.457000732421875 -4.729095458984375 -0.2049551010131836

2
19.806289672851562 -14.806215286254883 -0.26181507110595703
17.973709106445312 -13.679919242858887 -0.2749514579772949
16.319347381591797 -12.486865997314453 -0.2705960273742676
14.490310668945312 -11.213339805603027 -0.28734731674194336
12.818016052246094 -9.975489616394043 -0.2938504219055176
11.087642669677734 -8.752714157104492 -0.3035430908203125
9.10565185546875 -7.48886775970459 -0.2999916076660156
7.388599395751953 -6.267056465148926 -0.30051279067993164
5.519630432128906 -4.961767196655273 -0.30853748321533203
3.836505889892578 -3.774714469909668 -0.3309354782104492
2.2956199645996094 -2.629786491394043 -0.33136653900146484
0.1932697296142578 -1.9465875625610352 -0.3136138916015625
-1.5480728149414062 -2.50616455078125 -0.2869405746459961
-3.076295852661133 -4.342639923095703 -0.24317312240600586
-4.230335235595703 -6.088892936706543 -0.1821761131286621
-5.4303741455078125 -7.8473124504089355 -0.11248111724853516
-6.718616485595703 -9.662525177001953 -0.05399894714355469
-7.746086120605469 -11.24105167388916 -0.008002758026123047
-9.03978157043457 -13.050833702087402 0.021233558654785156
-10.149282455444336 -14.815382957458496 0.029518604278564453

2
0.0812530517578125 14.805694580078125 -0.36452531814575195
-0.2797565460205078 14.321573257446289 -0.38269853591918945
-0.7590389251708984 13.789779663085938 -0.3927750587463379
-1.0214710235595703 13.267093658447266 -0.4023594856262207
-1.5004196166992188 12.59920883178711 -0.40079164505004883
-1.9208755493164062 12.166269302368164 -0.3969087600708008
-2.3827476501464844 11.7615966796875 -0.3966069221496582
-2.8968544006347656 11.530916213989258 -0.3912949562072754
-3.5917911529541016 11.443563461303711 -0.38993120193481445
-4.034456253051758 11.457942962646484 -0.37959957122802734
-4.674221038818359 11.60312271118164 -0.3763761520385742
-5.242647171020508 11.909849166870117 -0.38159799575805664
-5.8795928955078125 12.2801513671875 -0.37716007232666016
-6.406362533569336 12.638814926147461 -0.36994361877441406
-6.868669509887695 12.960599899291992 -0.36159229278564453
-7.321184158325195 13.35457992553711 -0.3617396354675293
-7.8618316650390625 13.719964981079102 -0.36078357696533203
-8.31913948059082 14.110042572021484 -0.36225318908691406
-8.888761520385742 14.460758209228516 -0.3742709159851074
-9.366670608520508 14.809747695922852 -0.39919042587280273

2
29.90740203857422 -12.27104663848877 -0.4254145622253418
28.111339569091797 -11.173940658569336 -0.3508272171020508
25.9259033203125 -9.680638313293457 -0.3518505096435547
23.856571197509766 -8.242860794067383 -0.3350338935852051
21.982303619384766 -6.7596282958984375 -0.3389415740966797
19.983047485351562 -5.4966630935668945 -0.34107303619384766
18.059158325195312 -4.13893985748291 -0.3615593910217285
15.838577270507812 -2.6309900283813477 -0.37592601776123047
13.785568237304688 -1.2667436599731445 -0.38250303268432617
11.90213394165039 0.11564064025878906 -0.3925290107727051
9.461257934570312 1.4416580200195312 -0.39330577850341797
7.698638916015625 1.4389114379882812 -0.39390087127685547
5.689426422119141 2.197948455810547 -0.36893177032470703
4.2130889892578125 3.7604827880859375 -0.3365340232849121
3.452075958251953 5.9535675048828125 -0.3631749153137207
4.321765899658203 8.28179931640625 -0.43159961700439453
5.853870391845703 9.156476974487305 -0.44515323638916016
7.419071197509766 10.736358642578125 -0.47542333602905273
8.875301361083984 12.882484436035156 -0.4715123176574707
9.997344970703125 14.807435989379883 -0.46172094345092773

1
-0.3905487060546875 14.312992095947266 -0.34853601455688477
-1.2838859558105469 13.143165588378906 -0.38771677017211914
-2.3294010162353516 12.084299087524414 -0.38489580154418945
-2.859487533569336 10.982597351074219 -0.40748023986816406
-1.8265914916992188 10.108604431152344 -0.41356801986694336
-0.6878147125244141 9.126941680908203 -0.39223289489746094
0.5802898406982422 8.184822082519531 -0.3613252639770508
1.752187728881836 7.341028213500977 -0.34813642501831055
2.8589553833007812 6.362512588500977 -0.3326864242553711
3.8432579040527344 5.533712387084961 -0.3259139060974121
4.736717224121094 6.113166809082031 -0.3271493911743164
5.578441619873047 7.256313323974609 -0.35713624954223633
6.4004974365234375 8.395797729492188 -0.37148571014404297
6.634906768798828 9.457496643066406 -0.3831796646118164
5.443416595458984 10.29304313659668 -0.36306238174438477
4.230381011962891 11.063289642333984 -0.3634471893310547
3.0992584228515625 11.886249542236328 -0.36063146591186523
1.9624290466308594 12.611047744750977 -0.36084461212158203
0.8472099304199219 13.447061538696289 -0.34992027282714844
-0.41402626037597656 14.290800094604492 -0.30515003204345703

0
-10.963741302490234 10.773674011230469 -0.35359907150268555
-11.337320327758789 10.944345474243164 -0.3606281280517578
-11.723390579223633 11.187644958496094 -0.3550529479980469
-12.000080108642578 11.428716659545898 -0.3636612892150879
-12.265357971191406 11.589912414550781 -0.37017011642456055
-12.576692581176758 11.825624465942383 -0.3800649642944336
-12.96292495727539 12.08603286743164 -0.38213109970092773
-13.266578674316406 12.34688949584961 -0.3909616470336914
-13.587522506713867 12.578165054321289 -0.3874635696411133
-13.841333389282227 12.81890869140625 -0.38889598846435547
-14.086464881896973 12.98902702331543 -0.38146495819091797
-14.370683670043945 13.149545669555664 -0.37847423553466797
-14.630353927612305 13.316490173339844 -0.37680912017822266
-14.97712230682373 13.567892074584961 -0.3842763900756836
-15.468441009521484 13.871618270874023 -0.3993105888366699
-15.823929786682129 14.170177459716797 -0.39612865447998047
-16.14755630493164 14.441659927368164 -0.3912019729614258
-16.368141174316406 14.673782348632812 -0.3929581642150879
-16.604951858520508 14.854963302612305 -0.401583194732666
-17.021160125732422 14.949636459350586 -0.40024232864379883

1
-9.319751739501953 3.3336429595947266 -0.270017147064209
-10.246284484863281 1.922109603881836 -0.22247886657714844
-11.398262023925781 0.4972496032714844 -0.17054986953735352
-11.602972030639648 -0.7196521759033203 -0.1327657699584961
-10.188480377197266 -1.6576290130615234 -0.12604713439941406
-9.034591674804688 -2.5934524536132812 -0.12076091766357422
-7.868907928466797 -3.4036779403686523 -0.1005086898803711
-6.487398147583008 -4.32880973815918 -0.10054159164428711
-5.069021224975586 -5.2864227294921875 -0.1310124397277832
-3.7500743865966797 -6.120867729187012 -0.1387805938720703
-2.72576904296875 -5.449955940246582 -0.15401601791381836
-1.3729515075683594 -4.0429887771606445 -0.20249557495117188
-0.2787322998046875 -2.995669364929199 -0.23459386825561523
-1.0737571716308594 -2.0681447982788086 -0.24544429779052734
-2.558351516723633 -1.1710119247436523 -0.25971221923828125
-3.8958911895751953 -0.29549503326416016 -0.251314640045166
-5.260137557983398 0.6695690155029297 -0.261019229888916
-6.557563781738281 1.5089569091796875 -0.26968955993652344
-8.086971282958984 2.4481201171875 -0.27040767669677734
-9.44062614440918 3.3450469970703125 -0.2836275100708008

2
-23.287343978881836 14.802093505859375 -0.3730788230895996
-21.749374389648438 13.686147689819336 -0.3654642105102539
-19.839879989624023 12.495580673217773 -0.3656806945800781
-18.03422737121582 11.272546768188477 -0.35191822052001953
-16.099191665649414 10.026679992675781 -0.3404240608215332
-14.228972434997559 8.706369400024414 -0.3381071090698242
-12.462516784667969 7.408525466918945 -0.34055423736572266
-10.489154815673828 6.266843795776367 -0.35677623748779297
-9.051641464233398 4.6600799560546875 -0.3470754623413086
-8.640274047851562 2.5984935760498047 -0.3120694160461426
-9.587854385375977 0.8403358459472656 -0.2597160339355469
-10.919200897216797 -0.9731712341308594 -0.20544099807739258
-12.21548843383789 -2.840878486633301 -0.1583409309387207
-13.224536895751953 -4.32473087310791 -0.12472009658813477
-14.616142272949219 -6.33242130279541 -0.10843658447265625
-15.901411056518555 -8.143828392028809 -0.06630849838256836
-16.763099670410156 -9.436315536499023 -0.03926849365234375
-17.835147857666016 -11.313800811767578 -0.025243759155273438
-19.16223907470703 -13.170228004455566 -0.0017695426940917969
-20.549161911010742 -14.760252952575684 -0.02558135986328125

2
-27.47978973388672 14.826705932617188 -0.23373937606811523
-27.9148006439209 14.690467834472656 -0.2349081039428711
-27.991390228271484 14.572513580322266 -0.22774696350097656
-27.99567413330078 14.466156005859375 -0.22812509536743164
-27.906930923461914 14.367273330688477 -0.22594404220581055
-28.164005279541016 14.246479034423828 -0.21837329864501953
-28.104328155517578 14.141822814941406 -0.2225637435913086
-28.137380599975586 13.906639099121094 -0.2210545539855957
-28.34140396118164 13.746559143066406 -0.21380329132080078
-28.58856964111328 13.670825958251953 -0.20653486251831055
-28.681066513061523 13.591432571411133 -0.2015085220336914
-28.801105499267578 13.415000915527344 -0.20390605926513672
-28.971019744873047 13.331184387207031 -0.18108463287353516
-29.03604507446289 13.127456665039062 -0.17306995391845703
-29.086471557617188 13.018585205078125 -0.16744041442871094
-29.25703239440918 12.936365127563477 -0.14923763275146484
-29.3836669921875 12.887649536132812 -0.14428949356079102
-29.52743911743164 12.664144515991211 -0.13393211364746094
-29.671865463256836 12.422046661376953 -0.12531709671020508
-29.778533935546875 12.256736755371094 -0.13220500946044922

2
-24.248180389404297 14.850469589233398 -0.34317922592163086
-24.53034210205078 14.754926681518555 -0.3105812072753906
-24.628131866455078 14.676462173461914 -0.27733469009399414
-24.9498291015625 14.653079986572266 -0.23717069625854492
-24.928199768066406 14.603384017944336 -0.24251508712768555
-25.132400512695312 14.545585632324219 -0.22430753707885742
-25.23711395263672 14.496026992797852 -0.20432615280151367
-25.109777450561523 14.49774169921875 -0.2294158935546875
-25.17019271850586 14.430213928222656 -0.23296213150024414
-25.149633407592773 14.45364761352539 -0.20350170135498047
-25.297643661499023 14.454673767089844 -0.18073177337646484
-25.181217193603516 14.449010848999023 -0.2000284194946289
-25.16202735900879 14.450725555419922 -0.20151805877685547
-25.327665328979492 14.473163604736328 -0.20653820037841797
-25.330116271972656 14.466936111450195 -0.21307373046875
-25.486522674560547 14.485689163208008 -0.2111663818359375
-25.472227096557617 14.508430480957031 -0.21854543685913086
-25.305444717407227 14.557601928710938 -0.22887563705444336
-25.183012008666992 14.633310317993164 -0.22629117965698242
-24.78975486755371 14.861333847045898 -0.20978403091430664

