1
-8.21442985534668 12.910602569580078 -0.35919809341430664
-9.143682479858398 11.553478240966797 -0.3360133171081543
-9.99502182006836 10.212034225463867 -0.32676267623901367
-10.748615264892578 8.842453002929688 -0.27889490127563477
-11.486196517944336 7.324119567871094 -0.2460794448852539
-12.261615753173828 6.064765930175781 -0.2334442138671875
-12.683296203613281 4.7173919677734375 -0.20862388610839844
-11.58314323425293 3.674541473388672 -0.21498394012451172
-10.288965225219727 2.534170150756836 -0.2320246696472168
-9.185487747192383 1.9713573455810547 -0.25232791900634766
-8.357610702514648 3.5209579467773438 -0.29281139373779297
-7.607133865356445 4.971199035644531 -0.3113408088684082
-6.812461853027344 6.178142547607422 -0.3218264579772949
-6.073629379272461 7.642234802246094 -0.3352494239807129
-5.184978485107422 8.928916931152344 -0.3617238998413086
-4.163904190063477 10.353116989135742 -0.3818349838256836
-3.5291080474853516 11.617172241210938 -0.40733909606933594
-5.325218200683594 12.067481994628906 -0.3964695930480957
-6.659429550170898 12.40385627746582 -0.3830733299255371
-8.161949157714844 12.795337677001953 -0.36225223541259766

2
21.721946716308594 -14.806195259094238 -0.26969099044799805
19.755935668945312 -13.652430534362793 -0.2714824676513672
17.969932556152344 -12.533767700195312 -0.27225637435913086
16.19156265258789 -11.406893730163574 -0.2884793281555176
14.217472076416016 -10.151435852050781 -0.2927408218383789
12.411746978759766 -9.001996994018555 -0.2983427047729492
10.34869384765625 -7.756552696228027 -0.29603147506713867
8.672016143798828 -6.697551727294922 -0.2988729476928711
6.718189239501953 -5.514619827270508 -0.2981390953063965
4.820930480957031 -4.373067855834961 -0.31671857833862305
3.2556915283203125 -3.2715063095092773 -0.32413434982299805
1.0130958557128906 -2.089747428894043 -0.31493282318115234
-0.9682159423828125 -2.1357316970825195 -0.29001855850219727
-2.539743423461914 -3.4033613204956055 -0.2466721534729004
-3.795808792114258 -5.4429931640625 -0.18822479248046875
-4.874555587768555 -7.380637168884277 -0.11966609954833984
-6.110374450683594 -9.372464179992676 -0.03862142562866211
-7.126075744628906 -11.034427642822266 0.015284061431884766
-8.348186492919922 -12.916104316711426 0.05216407775878906
-9.419492721557617 -14.809531211853027 0.0686182975769043

2
29.910194396972656 -10.92861270904541 -0.4277305603027344
28.09764862060547 -9.766016006469727 -0.38373374938964844
26.003238677978516 -8.419236183166504 -0.3750481605529785
23.935134887695312 -7.12685489654541 -0.36929893493652344
21.920589447021484 -5.753565788269043 -0.364138126373291
19.765666961669922 -4.480066299438477 -0.3598184585571289
17.921875 -3.286497116088867 -0.3783416748046875
15.702766418457031 -1.966496467590332 -0.3938460350036621
13.47128677368164 -0.6132745742797852 -0.40144824981689453
11.547176361083984 0.6288833618164062 -0.4083137512207031
9.226997375488281 1.8784809112548828 -0.40984106063842773
7.413402557373047 1.9340686798095703 -0.41144275665283203
5.288661956787109 2.449108123779297 -0.3921322822570801
3.875568389892578 3.8704471588134766 -0.3645787239074707
2.919635772705078 5.803434371948242 -0.38565778732299805
3.3790130615234375 8.262874603271484 -0.44796133041381836
4.78729248046875 9.169269561767578 -0.48482275009155273
6.257293701171875 10.660017013549805 -0.5079936981201172
7.6033782958984375 12.774169921875 -0.522972583770752
8.680488586425781 14.801355361938477 -0.500525951385498

1
3.2321243286132812 -4.526023864746094 -0.19869613647460938
4.096336364746094 -3.251720428466797 -0.2237234115600586
4.841560363769531 -1.9873723983764648 -0.26475048065185547
5.650260925292969 -0.7963104248046875 -0.2852144241333008
6.478000640869141 0.6343746185302734 -0.3226332664489746
7.206825256347656 1.773885726928711 -0.35399913787841797
6.977489471435547 2.818368911743164 -0.349790096282959
5.9437103271484375 3.8458251953125 -0.3457050323486328
4.752422332763672 4.867729187011719 -0.32249879837036133
3.727825164794922 5.09149169921875 -0.3083677291870117
2.8621749877929688 3.7317123413085938 -0.2915515899658203
2.1485443115234375 2.4736061096191406 -0.2895774841308594
1.2872161865234375 1.1623764038085938 -0.27855539321899414
0.3852367401123047 0.05525016784667969 -0.2559995651245117
-0.44103431701660156 -1.2825088500976562 -0.24168729782104492
-1.2616996765136719 -2.5301713943481445 -0.23383426666259766
-1.0897293090820312 -3.4463958740234375 -0.20221424102783203
0.29700660705566406 -3.793275833129883 -0.19838380813598633
1.8297748565673828 -4.182997703552246 -0.18868303298950195
3.2755355834960938 -4.534555435180664 -0.20039892196655273

1
-12.058025360107422 -1.1516408920288086 -0.07176923751831055
-10.751995086669922 -2.03170108795166 -0.06110811233520508
-9.303544998168945 -2.771656036376953 -0.07173013687133789
-7.92515754699707 -3.5798282623291016 -0.0853428840637207
-6.473224639892578 -4.48442268371582 -0.08961343765258789
-5.163385391235352 -5.408220291137695 -0.07683086395263672
-3.738290786743164 -6.086915016174316 -0.08147382736206055
-2.6857643127441406 -5.718305587768555 -0.09168529510498047
-1.5601272583007812 -4.348039627075195 -0.1516280174255371
-0.6829719543457031 -3.184091567993164 -0.20970773696899414
-1.5133628845214844 -2.229060173034668 -0.22492313385009766
-2.7090587615966797 -1.4378633499145508 -0.2285146713256836
-4.060863494873047 -0.588139533996582 -0.23160600662231445
-5.449193954467773 0.17810440063476562 -0.2315974235534668
-6.9544830322265625 1.114309310913086 -0.23959827423095703
-8.164295196533203 1.8571090698242188 -0.2481064796447754
-9.54183578491211 2.4640846252441406 -0.2521204948425293
-10.291330337524414 1.745889663696289 -0.1894054412841797
-11.318361282348633 0.31078433990478516 -0.11986637115478516
-12.074316024780273 -1.2420215606689453 -0.0562901496887207

2
-0.9637546539306641 14.800176620483398 -0.3934464454650879
-1.3232860565185547 14.286663055419922 -0.3958868980407715
-1.7361316680908203 13.684572219848633 -0.3951988220214844
-2.0369224548339844 13.115081787109375 -0.40120506286621094
-2.463552474975586 12.43027114868164 -0.3975238800048828
-2.9160118103027344 11.912548065185547 -0.39228248596191406
-3.506816864013672 11.507434844970703 -0.3949260711669922
-4.166530609130859 11.234146118164062 -0.39239072799682617
-4.791898727416992 11.172025680541992 -0.39023399353027344
-5.3740234375 11.264917373657227 -0.3811931610107422
-6.063724517822266 11.50975227355957 -0.36855602264404297
-6.647789001464844 11.827096939086914 -0.36922788619995117
-7.294708251953125 12.223819732666016 -0.3678555488586426
-7.902988433837891 12.609935760498047 -0.3584914207458496
-8.380359649658203 12.860940933227539 -0.3470892906188965
-8.947761535644531 13.22684097290039 -0.35570812225341797
-9.551309585571289 13.650094985961914 -0.3578004837036133
-10.228471755981445 14.134647369384766 -0.364896297454834
-10.850950241088867 14.46685791015625 -0.3844442367553711
-11.363519668579102 14.812532424926758 -0.41236162185668945

1
-1.4081535339355469 14.211462020874023 -0.35517024993896484
-2.3058528900146484 13.036521911621094 -0.399716854095459
-3.261537551879883 11.925457000732422 -0.3974442481994629
-3.7238998413085938 10.844575881958008 -0.4177865982055664
-2.696887969970703 9.973949432373047 -0.42024993896484375
-1.4107704162597656 9.081583023071289 -0.4065389633178711
-0.08801841735839844 8.183961868286133 -0.38033056259155273
0.9872207641601562 7.39991569519043 -0.36255311965942383
2.1467437744140625 6.545927047729492 -0.34187793731689453
3.1682357788085938 5.696695327758789 -0.32949161529541016
4.170467376708984 6.2659912109375 -0.3364396095275879
4.9184417724609375 7.539741516113281 -0.3757781982421875
5.73968505859375 8.76516342163086 -0.4010739326477051
5.859672546386719 9.721250534057617 -0.4116067886352539
4.665271759033203 10.462018966674805 -0.38827991485595703
3.35833740234375 11.245292663574219 -0.38534021377563477
2.2361106872558594 12.0274658203125 -0.3808903694152832
1.008035659790039 12.630655288696289 -0.3699378967285156
-0.21368789672851562 13.412593841552734 -0.3723883628845215
-1.3897743225097656 14.198850631713867 -0.3352327346801758

0
-11.859270095825195 10.165153503417969 -0.34574079513549805
-12.334110260009766 10.400718688964844 -0.3495497703552246
-12.832296371459961 10.691133499145508 -0.34197425842285156
-13.168237686157227 10.912286758422852 -0.34393310546875
-13.561519622802734 11.14609146118164 -0.34531450271606445
-13.980489730834961 11.447702407836914 -0.3497805595397949
-14.370938301086426 11.685661315917969 -0.35355424880981445
-14.78423023223877 11.957637786865234 -0.3564276695251465
-15.319769859313965 12.271341323852539 -0.3562746047973633
-15.550899505615234 12.52273941040039 -0.3635683059692383
-15.867486000061035 12.735877990722656 -0.36028099060058594
-16.297779083251953 12.979988098144531 -0.35785961151123047
-16.784175872802734 13.199056625366211 -0.3415713310241699
-17.001142501831055 13.386398315429688 -0.334439754486084
-17.570293426513672 13.724695205688477 -0.3544626235961914
-18.016130447387695 14.003461837768555 -0.36963653564453125
-18.413005828857422 14.296430587768555 -0.37099599838256836
-18.83945655822754 14.591720581054688 -0.377321720123291
-19.154617309570312 14.825569152832031 -0.38378429412841797
-19.452951431274414 14.93519401550293 -0.3674602508544922

2
-19.526100158691406 -14.807369232177734 0.12414789199829102
-18.1212215423584 -12.79276180267334 0.0947122573852539
-16.98027801513672 -10.787956237792969 0.05328941345214844
-15.710771560668945 -8.604244232177734 -0.004253387451171875
-14.239043235778809 -6.479278564453125 -0.03664684295654297
-13.004436492919922 -4.4029741287231445 -0.10163593292236328
-11.697822570800781 -2.182079315185547 -0.14865732192993164
-10.342731475830078 -0.16315078735351562 -0.19280004501342773
-9.072000503540039 1.6980514526367188 -0.26475000381469727
-9.468954086303711 3.940462112426758 -0.3413968086242676
-11.302988052368164 5.549154281616211 -0.33081626892089844
-13.347198486328125 6.795066833496094 -0.2995753288269043
-15.483724594116211 8.311777114868164 -0.28415632247924805
-17.629396438598633 9.614418029785156 -0.2906060218811035
-19.648780822753906 10.839431762695312 -0.2978811264038086
-22.04168128967285 12.120023727416992 -0.3147621154785156
-24.079120635986328 13.0906982421875 -0.3339042663574219
-26.42835235595703 13.438272476196289 -0.2718162536621094
-28.354511260986328 13.500179290771484 -0.17378473281860352
-29.812606811523438 12.321599960327148 -0.10582971572875977

