1
-9.196224212646484 12.40964126586914 -0.34589242935180664
-10.062721252441406 10.986379623413086 -0.31622314453125
-10.87777328491211 9.533735275268555 -0.3092460632324219
-11.528165817260742 8.171283721923828 -0.2508821487426758
-12.250116348266602 6.605983734130859 -0.22722244262695312
-12.985908508300781 5.359201431274414 -0.2095808982849121
-13.285501480102539 4.076753616333008 -0.18953275680541992
-12.135540008544922 3.0820655822753906 -0.19562196731567383
-10.755821228027344 2.0034847259521484 -0.2107386589050293
-9.671590805053711 1.5119266510009766 -0.24170970916748047
-8.859228134155273 3.091409683227539 -0.2754673957824707
-8.211544036865234 4.519817352294922 -0.29181671142578125
-7.360471725463867 5.889177322387695 -0.3069419860839844
-6.667253494262695 7.317806243896484 -0.32326555252075195
-5.9414825439453125 8.626899719238281 -0.3499889373779297
-5.192543029785156 10.04351806640625 -0.36858654022216797
-4.816240310668945 11.262529373168945 -0.38343381881713867
-6.13897705078125 11.698659896850586 -0.37777137756347656
-7.723100662231445 12.044084548950195 -0.3572397232055664
-9.248697280883789 12.310832977294922 -0.33788156509399414

1
-12.475330352783203 -1.8075227737426758 -0.05452442169189453
-11.00577163696289 -2.579726219177246 -0.054833412170410156
-9.444849014282227 -3.353912353515625 -0.06156444549560547
-8.062965393066406 -4.098588943481445 -0.06873893737792969
-6.493450164794922 -4.907619476318359 -0.07609033584594727
-5.207244873046875 -5.654279708862305 -0.06557321548461914
-3.805082321166992 -6.290064811706543 -0.06600236892700195
-2.7199440002441406 -5.898860931396484 -0.09447622299194336
-1.7668895721435547 -4.504329681396484 -0.14969539642333984
-0.7193069458007812 -3.2198076248168945 -0.21114110946655273
-1.6355819702148438 -2.3337602615356445 -0.22286415100097656
-2.9547557830810547 -1.586308479309082 -0.2212224006652832
-4.377115249633789 -0.8368501663208008 -0.22295379638671875
-5.832801818847656 -0.05381298065185547 -0.2286977767944336
-7.260974884033203 0.7387075424194336 -0.22905731201171875
-8.706439971923828 1.4638900756835938 -0.23263025283813477
-9.924816131591797 2.0127296447753906 -0.23711538314819336
-10.898675918579102 1.14324951171875 -0.17613983154296875
-11.579874038696289 -0.3328132629394531 -0.11216259002685547
-12.382413864135742 -1.8758668899536133 -0.039617061614990234

2
24.20050811767578 -14.823837280273438 -0.2999138832092285
22.050575256347656 -13.668657302856445 -0.3140268325805664
20.299686431884766 -12.69342041015625 -0.29598236083984375
18.454845428466797 -11.656073570251465 -0.32102537155151367
16.448898315429688 -10.542388916015625 -0.3222837448120117
14.390060424804688 -9.363390922546387 -0.31514596939086914
12.201061248779297 -8.190929412841797 -0.31063365936279297
10.281501770019531 -7.180086612701416 -0.30974340438842773
8.080123901367188 -5.97252082824707 -0.3095378875732422
6.1967010498046875 -4.911187171936035 -0.32181596755981445
4.376758575439453 -3.88970947265625 -0.31600522994995117
2.148418426513672 -2.587130546569824 -0.3180966377258301
-0.2457714080810547 -1.903822898864746 -0.3016071319580078
-2.0642261505126953 -2.6199216842651367 -0.254518985748291
-3.23797607421875 -4.621250152587891 -0.2010936737060547
-4.28883171081543 -6.736681938171387 -0.13537359237670898
-5.531343460083008 -8.865074157714844 -0.050281524658203125
-6.597694396972656 -10.854682922363281 0.014191150665283203
-7.795503616333008 -12.817099571228027 0.056871891021728516
-8.835714340209961 -14.804062843322754 0.08338499069213867

2
29.909770965576172 -9.168595314025879 -0.45163869857788086
28.002517700195312 -8.234010696411133 -0.42502784729003906
25.946929931640625 -7.038702011108398 -0.42281007766723633
23.75668716430664 -5.781890869140625 -0.41660547256469727
21.7044677734375 -4.482814788818359 -0.39306068420410156
19.575607299804688 -3.4162254333496094 -0.38177490234375
17.695064544677734 -2.355154037475586 -0.39937400817871094
15.518684387207031 -1.1540861129760742 -0.4074211120605469
13.329723358154297 0.017141342163085938 -0.4142937660217285
11.45928955078125 1.1444149017333984 -0.41938257217407227
9.110000610351562 2.2495498657226562 -0.41318798065185547
7.247802734375 2.4078216552734375 -0.41254234313964844
5.082553863525391 2.5005931854248047 -0.39490556716918945
3.352191925048828 3.9278316497802734 -0.3658328056335449
2.404144287109375 5.591091156005859 -0.3806476593017578
2.4940109252929688 8.168922424316406 -0.444368839263916
3.6947898864746094 9.186195373535156 -0.47673845291137695
5.146766662597656 10.629695892333984 -0.5000991821289062
6.3735809326171875 12.748153686523438 -0.5236763954162598
7.3872222900390625 14.806915283203125 -0.49780750274658203

1
3.2762718200683594 -4.398680686950684 -0.19555330276489258
4.052314758300781 -3.0737171173095703 -0.22709083557128906
4.7772369384765625 -1.7530269622802734 -0.2677912712097168
5.4199676513671875 -0.5529289245605469 -0.28955745697021484
6.034183502197266 0.8271951675415039 -0.3247337341308594
6.716224670410156 2.085296630859375 -0.35234594345092773
6.597869873046875 3.1894264221191406 -0.35637426376342773
5.387226104736328 4.111366271972656 -0.3509998321533203
4.060115814208984 5.11376953125 -0.32617902755737305
3.0755462646484375 5.235475540161133 -0.31055355072021484
2.3092498779296875 3.7955970764160156 -0.28121423721313477
1.5824737548828125 2.556814193725586 -0.27834320068359375
0.7001094818115234 1.2513160705566406 -0.2644772529602051
0.0203094482421875 0.014546394348144531 -0.24335336685180664
-0.6230621337890625 -1.3284997940063477 -0.2326970100402832
-1.3395500183105469 -2.5736942291259766 -0.22434616088867188
-1.0734004974365234 -3.443592071533203 -0.19582033157348633
0.2929039001464844 -3.78076171875 -0.1952347755432129
1.8349533081054688 -4.112249374389648 -0.19050121307373047
3.3488616943359375 -4.394747734069824 -0.2034778594970703

1
-2.450162887573242 14.155719757080078 -0.3455991744995117
-3.3393688201904297 12.956144332885742 -0.3797769546508789
-4.258838653564453 11.737342834472656 -0.38686561584472656
-4.754541397094727 10.70999526977539 -0.4061737060546875
-3.5812511444091797 9.8970947265625 -0.40953874588012695
-2.207406997680664 9.063772201538086 -0.39673709869384766
-0.9601707458496094 8.248868942260742 -0.38086652755737305
0.2298126220703125 7.515222549438477 -0.36038780212402344
1.362823486328125 6.756793975830078 -0.3383064270019531
2.5551528930664062 5.93828010559082 -0.32281970977783203
3.536865234375 6.380041122436523 -0.33077096939086914
4.136138916015625 7.685997009277344 -0.37589454650878906
4.866168975830078 8.87690544128418 -0.3984508514404297
5.027042388916016 9.994089126586914 -0.4105191230773926
3.897552490234375 10.613265991210938 -0.39252662658691406
2.476451873779297 11.362173080444336 -0.3852505683898926
1.3487548828125 12.082012176513672 -0.3759636878967285
0.08967208862304688 12.668313980102539 -0.36501407623291016
-1.1799678802490234 13.382072448730469 -0.3775768280029297
-2.4628219604492188 14.088119506835938 -0.34459495544433594

2
-18.32150650024414 -14.795170783996582 0.15185785293579102
-17.33835220336914 -12.895485877990723 0.0926370620727539
-16.221054077148438 -10.906213760375977 0.056437015533447266
-15.032502174377441 -8.69892692565918 0.0022296905517578125
-13.753702163696289 -6.563348770141602 -0.036093711853027344
-12.876232147216797 -4.681919097900391 -0.09681415557861328
-11.74760627746582 -2.611776351928711 -0.1538238525390625
-10.582052230834961 -0.6361055374145508 -0.20195865631103516
-9.596536636352539 1.3179302215576172 -0.26999378204345703
-9.956104278564453 3.428171157836914 -0.33126020431518555
-11.851104736328125 4.903450012207031 -0.3320307731628418
-13.71650505065918 5.945148468017578 -0.2922830581665039
-15.836491584777832 7.230417251586914 -0.275846004486084
-17.80339813232422 8.367368698120117 -0.2862529754638672
-19.930038452148438 9.478338241577148 -0.2788524627685547
-21.93848419189453 10.570133209228516 -0.28047609329223633
-24.089441299438477 11.693073272705078 -0.3065776824951172
-26.49127769470215 12.54840087890625 -0.2658677101135254
-28.204524993896484 12.597631454467773 -0.18845129013061523
-29.807641983032227 11.610601425170898 -0.10770559310913086

0
-12.683219909667969 9.496711730957031 -0.332550048828125
-13.198801040649414 9.73872184753418 -0.3249368667602539
-13.731134414672852 10.055740356445312 -0.3203425407409668
-14.191041946411133 10.343748092651367 -0.32042551040649414
-14.724569320678711 10.64447021484375 -0.31501054763793945
-15.344181060791016 10.977283477783203 -0.3148794174194336
-15.972081184387207 11.309982299804688 -0.3151073455810547
-16.431747436523438 11.575422286987305 -0.3190274238586426
-17.019920349121094 11.910144805908203 -0.332855224609375
-17.50224494934082 12.191938400268555 -0.3417482376098633
-17.935382843017578 12.450637817382812 -0.34102869033813477
-18.368276596069336 12.736724853515625 -0.3404121398925781
-18.871896743774414 12.994304656982422 -0.3237338066101074
-19.380998611450195 13.261056900024414 -0.3212013244628906
-20.04697036743164 13.559917449951172 -0.32962656021118164
-20.582792282104492 13.890369415283203 -0.3389396667480469
-21.268035888671875 14.255996704101562 -0.34369802474975586
-21.7178897857666 14.587312698364258 -0.3423476219177246
-22.285663604736328 14.830642700195312 -0.34531593322753906
-22.683765411376953 14.940711975097656 -0.3336362838745117

2
-2.160480499267578 14.80555534362793 -0.3765239715576172
-2.480968475341797 14.161518096923828 -0.38324880599975586
-2.9016036987304688 13.446626663208008 -0.38825082778930664
-3.1831493377685547 12.81757926940918 -0.3814725875854492
-3.608165740966797 11.977987289428711 -0.37937021255493164
-4.050176620483398 11.488853454589844 -0.3714604377746582
-4.758907318115234 11.033710479736328 -0.3634471893310547
-5.708429336547852 10.881038665771484 -0.3592967987060547
-6.286924362182617 10.873933792114258 -0.35820865631103516
-7.035245895385742 11.0882568359375 -0.3527860641479492
-7.67596435546875 11.375310897827148 -0.3474855422973633
-8.228353500366211 11.72380256652832 -0.3495469093322754
-8.922758102416992 12.135251998901367 -0.34217309951782227
-9.561113357543945 12.490251541137695 -0.33285045623779297
-10.253087997436523 12.871761322021484 -0.32564496994018555
-10.81330680847168 13.228309631347656 -0.34034061431884766
-11.399965286254883 13.629022598266602 -0.34572887420654297
-12.238323211669922 14.090154647827148 -0.3589954376220703
-12.929677963256836 14.439373016357422 -0.3785858154296875
-13.628019332885742 14.848012924194336 -0.4068746566772461

