1
-12.73643684387207 -2.4206981658935547 -0.041214942932128906
-11.195196151733398 -3.1378726959228516 -0.045867919921875
-9.625284194946289 -3.8953866958618164 -0.05083322525024414
-8.237262725830078 -4.527887344360352 -0.055850982666015625
-6.653104782104492 -5.269536018371582 -0.06343746185302734
-5.338010787963867 -5.931062698364258 -0.05430746078491211
-3.8657608032226562 -6.554874420166016 -0.056639671325683594
-2.823213577270508 -6.106473922729492 -0.09535503387451172
-1.951589584350586 -4.640480995178223 -0.14691543579101562
-0.8531169891357422 -3.2536792755126953 -0.20459222793579102
-1.7459774017333984 -2.3841686248779297 -0.21820878982543945
-3.1717472076416016 -1.7224235534667969 -0.21512794494628906
-4.571441650390625 -1.144892692565918 -0.21691656112670898
-6.112060546875 -0.3658475875854492 -0.22075891494750977
-7.538427352905273 0.33518123626708984 -0.21924591064453125
-9.013557434082031 0.9486789703369141 -0.22527599334716797
-10.410568237304688 1.5850048065185547 -0.23034334182739258
-11.307588577270508 0.4393043518066406 -0.16713428497314453
-11.861074447631836 -1.008265495300293 -0.10618448257446289
-12.64914321899414 -2.5142154693603516 -0.029698848724365234

2
29.891735076904297 -7.669638156890869 -0.45012378692626953
27.986175537109375 -6.789063453674316 -0.42873716354370117
25.962799072265625 -5.773046493530273 -0.43636608123779297
23.856685638427734 -4.614980697631836 -0.4270000457763672
21.51226806640625 -3.4488630294799805 -0.4069194793701172
19.45565414428711 -2.470730781555176 -0.38866233825683594
17.334239959716797 -1.4083261489868164 -0.4115571975708008
15.358375549316406 -0.4836091995239258 -0.4209475517272949
13.084800720214844 0.6245403289794922 -0.4205322265625
11.075138092041016 1.6808223724365234 -0.4207749366760254
8.560211181640625 2.834745407104492 -0.4120969772338867
6.713993072509766 2.899900436401367 -0.4164876937866211
4.888893127441406 2.5905933380126953 -0.3974175453186035
2.924427032470703 3.8233604431152344 -0.3679313659667969
1.8323593139648438 5.489580154418945 -0.39034366607666016
1.572378158569336 8.009378433227539 -0.45397472381591797
2.7205963134765625 9.35214614868164 -0.4905552864074707
4.0918731689453125 10.522022247314453 -0.5181336402893066
5.209857940673828 12.66379165649414 -0.5435333251953125
6.078971862792969 14.786537170410156 -0.5148258209228516

2
27.095626831054688 -14.850898742675781 -0.31946372985839844
24.783039093017578 -13.754565238952637 -0.3202686309814453
23.020294189453125 -12.979987144470215 -0.2836179733276367
20.819961547851562 -11.939481735229492 -0.3109149932861328
18.731884002685547 -10.837783813476562 -0.3165469169616699
16.55071258544922 -9.694541931152344 -0.30493688583374023
14.551074981689453 -8.728492736816406 -0.2992982864379883
12.166080474853516 -7.566293716430664 -0.2996211051940918
9.99966049194336 -6.556662559509277 -0.2973184585571289
7.751106262207031 -5.445891380310059 -0.31796932220458984
5.777622222900391 -4.4693756103515625 -0.3107466697692871
3.391468048095703 -3.199237823486328 -0.31229114532470703
0.9260349273681641 -2.073274612426758 -0.3145933151245117
-1.3700370788574219 -2.1824874877929688 -0.28079748153686523
-2.833669662475586 -3.7300100326538086 -0.2187962532043457
-3.905454635620117 -6.079812049865723 -0.15023183822631836
-5.009464263916016 -8.32227611541748 -0.061902523040771484
-6.15806770324707 -10.633523941040039 0.012257575988769531
-7.201995849609375 -12.714837074279785 0.06552696228027344
-8.145391464233398 -14.793821334838867 0.1040644645690918

1
3.0615272521972656 -4.261543273925781 -0.18696928024291992
3.7328147888183594 -2.8194360733032227 -0.22094392776489258
4.419040679931641 -1.5897932052612305 -0.27080440521240234
5.028568267822266 -0.28484439849853516 -0.2922701835632324
5.668125152587891 1.0949230194091797 -0.33135461807250977
6.3268585205078125 2.4139251708984375 -0.36394214630126953
6.089633941650391 3.5399932861328125 -0.36559343338012695
4.847377777099609 4.327386856079102 -0.3593759536743164
3.5170631408691406 5.2487030029296875 -0.34265661239624023
2.5853843688964844 5.352636337280273 -0.3142056465148926
1.8513965606689453 3.821697235107422 -0.28693246841430664
1.0472450256347656 2.6293163299560547 -0.2810392379760742
0.4128570556640625 1.2006607055664062 -0.2652430534362793
-0.27293968200683594 -0.043415069580078125 -0.23845911026000977
-0.8834648132324219 -1.3330583572387695 -0.2249889373779297
-1.4912872314453125 -2.7033300399780273 -0.20761823654174805
-1.2209491729736328 -3.445174217224121 -0.18474149703979492
0.12651443481445312 -3.792757034301758 -0.1843705177307129
1.725168228149414 -4.059581756591797 -0.1848745346069336
3.189868927001953 -4.28111457824707 -0.19892311096191406

2
-17.495718002319336 -14.80270004272461 0.16538619995117188
-16.661895751953125 -12.98556900024414 0.10491943359375
-15.639318466186523 -11.049368858337402 0.0654897689819336
-14.641247749328613 -8.981069564819336 0.013585567474365234
-13.572261810302734 -6.957232475280762 -0.024352550506591797
-12.73365592956543 -5.003120422363281 -0.09283018112182617
-11.833938598632812 -3.038715362548828 -0.14827442169189453
-10.831527709960938 -1.1231698989868164 -0.21203184127807617
-9.950878143310547 0.9249200820922852 -0.2709498405456543
-10.355100631713867 2.888042449951172 -0.33257436752319336
-12.202680587768555 4.193609237670898 -0.34038209915161133
-14.156752586364746 5.194608688354492 -0.29573869705200195
-16.01776123046875 6.096342086791992 -0.28296518325805664
-17.888172149658203 7.063621520996094 -0.2802920341491699
-20.03986358642578 8.127649307250977 -0.27824974060058594
-21.889110565185547 8.987560272216797 -0.2824287414550781
-23.911640167236328 9.914314270019531 -0.30083799362182617
-26.2279052734375 10.863733291625977 -0.276090145111084
-28.049148559570312 11.179544448852539 -0.2089519500732422
-29.786964416503906 10.521652221679688 -0.1261916160583496

2
-3.088777542114258 14.812314987182617 -0.39800596237182617
-3.374774932861328 14.072351455688477 -0.40515851974487305
-3.7595176696777344 13.281135559082031 -0.40155839920043945
-4.097072601318359 12.531986236572266 -0.39769840240478516
-4.489772796630859 11.726053237915039 -0.387969970703125
-5.063102722167969 11.119123458862305 -0.3778653144836426
-5.943769454956055 10.697957992553711 -0.3675260543823242
-6.912378311157227 10.597986221313477 -0.3533596992492676
-7.66020393371582 10.673057556152344 -0.3555417060852051
-8.383749008178711 10.962894439697266 -0.34897756576538086
-9.189580917358398 11.361536026000977 -0.3456287384033203
-9.933490753173828 11.76296615600586 -0.359316349029541
-10.807126998901367 12.269084930419922 -0.36672496795654297
-11.452890396118164 12.575611114501953 -0.35268592834472656
-12.166996002197266 12.929576873779297 -0.3422408103942871
-12.997468948364258 13.352121353149414 -0.34342002868652344
-13.750518798828125 13.72336196899414 -0.3432126045227051
-14.446295738220215 14.082653045654297 -0.35956239700317383
-15.231646537780762 14.409978866577148 -0.3825211524963379
-15.998393058776855 14.850839614868164 -0.4117856025695801

1
-10.073122024536133 12.057025909423828 -0.364438533782959
-10.968393325805664 10.546770095825195 -0.3242182731628418
-11.569931030273438 9.127681732177734 -0.30626583099365234
-12.197938919067383 7.48876953125 -0.26664113998413086
-12.804615020751953 6.014125823974609 -0.2290658950805664
-13.564895629882812 4.583744049072266 -0.20059919357299805
-13.801958084106445 3.3291473388671875 -0.17128705978393555
-12.619489669799805 2.391355514526367 -0.17233991622924805
-11.217704772949219 1.4448719024658203 -0.1997699737548828
-10.156604766845703 0.9830818176269531 -0.23715448379516602
-9.383401870727539 2.5133113861083984 -0.2668004035949707
-8.66801643371582 3.9190807342529297 -0.28081798553466797
-7.970922470092773 5.280277252197266 -0.3041653633117676
-7.268705368041992 6.721382141113281 -0.32596921920776367
-6.533306121826172 8.089757919311523 -0.35248231887817383
-5.772443771362305 9.70560073852539 -0.36366748809814453
-5.322275161743164 10.968851089477539 -0.3855323791503906
-6.898466110229492 11.375463485717773 -0.3733663558959961
-8.445892333984375 11.652286529541016 -0.3648080825805664
-10.134283065795898 11.914531707763672 -0.33928871154785156

1
-3.4364585876464844 13.965446472167969 -0.34813880920410156
-4.444620132446289 12.799633026123047 -0.3700218200683594
-5.415782928466797 11.589126586914062 -0.37665891647338867
-6.165107727050781 10.560176849365234 -0.4039039611816406
-5.154047012329102 9.883735656738281 -0.40258312225341797
-3.449094772338867 9.143869400024414 -0.379518985748291
-2.289651870727539 8.34957504272461 -0.3708052635192871
-1.0886459350585938 7.691173553466797 -0.3623514175415039
0.26130104064941406 6.958209991455078 -0.3363771438598633
1.4800682067871094 6.176095962524414 -0.3194880485534668
2.7279052734375 6.273220062255859 -0.32784414291381836
3.257537841796875 7.506717681884766 -0.37720298767089844
4.030765533447266 8.863243103027344 -0.4016108512878418
4.309200286865234 10.053789138793945 -0.41755199432373047
3.2727890014648438 10.746858596801758 -0.4060969352722168
1.7697677612304688 11.423442840576172 -0.3979520797729492
0.49398040771484375 12.053522109985352 -0.3824033737182617
-0.8030891418457031 12.67509651184082 -0.3693251609802246
-2.2036285400390625 13.302200317382812 -0.38530731201171875
-3.5302200317382812 13.90846061706543 -0.35961389541625977

0
-13.431676864624023 8.781967163085938 -0.3368515968322754
-14.112312316894531 9.112171173095703 -0.3344917297363281
-14.703990936279297 9.39634895324707 -0.3267807960510254
-15.36249828338623 9.714599609375 -0.32924747467041016
-15.939384460449219 10.014894485473633 -0.33388233184814453
-16.877975463867188 10.496618270874023 -0.34119129180908203
-17.838890075683594 10.947883605957031 -0.3419761657714844
-18.6143798828125 11.352899551391602 -0.3473992347717285
-19.28105354309082 11.686666488647461 -0.3447690010070801
-19.912281036376953 12.000467300415039 -0.3344264030456543
-20.452999114990234 12.273197174072266 -0.33342647552490234
-20.99833106994629 12.568958282470703 -0.33487415313720703
-21.541549682617188 12.825397491455078 -0.3425750732421875
-22.223506927490234 13.107294082641602 -0.3321871757507324
-22.84168243408203 13.374752044677734 -0.33883237838745117
-23.39580535888672 13.674474716186523 -0.345980167388916
-24.28856658935547 14.048809051513672 -0.35295677185058594
-24.731552124023438 14.367471694946289 -0.35410261154174805
-25.390592575073242 14.728429794311523 -0.35083580017089844
-25.85318374633789 14.865819931030273 -0.3462233543395996

