1
8.08382797241211 -4.979132652282715 -0.29361486434936523
8.208290100097656 -3.3374156951904297 -0.28063058853149414
8.24953842163086 -1.731821060180664 -0.27627992630004883
8.344123840332031 -0.051169395446777344 -0.27326202392578125
8.442962646484375 1.5616226196289062 -0.265439510345459
8.513412475585938 3.1625423431396484 -0.2594432830810547
8.603748321533203 4.734365463256836 -0.25234079360961914
8.415454864501953 6.055685043334961 -0.24392986297607422
6.782115936279297 6.2006988525390625 -0.22464847564697266
5.048336029052734 6.329586029052734 -0.19283294677734375
4.028430938720703 5.913898468017578 -0.17861509323120117
3.89520263671875 4.265562057495117 -0.1768784523010254
3.8503761291503906 2.6777305603027344 -0.1896066665649414
3.751697540283203 1.0513362884521484 -0.19977712631225586
3.6777572631835938 -0.5898199081420898 -0.20786762237548828
3.531940460205078 -2.1923656463623047 -0.21970796585083008
3.3794021606445312 -3.7838211059570312 -0.23173236846923828
4.798652648925781 -4.273237228393555 -0.2518939971923828
6.497608184814453 -4.622908592224121 -0.28523826599121094
8.063236236572266 -4.961525917053223 -0.2944502830505371

2
29.826038360595703 3.479412078857422 -0.03271293640136719
28.785125732421875 3.5491294860839844 -0.03925609588623047
27.62900161743164 3.6435813903808594 -0.06209850311279297
26.500450134277344 3.7299537658691406 -0.07486867904663086
25.385154724121094 3.804819107055664 -0.08164119720458984
24.191783905029297 3.9049530029296875 -0.10394811630249023
23.07622528076172 3.9520950317382812 -0.11318778991699219
21.901443481445312 4.054660797119141 -0.13813114166259766
20.954917907714844 4.160177230834961 -0.15166378021240234
19.82589340209961 4.393259048461914 -0.17323923110961914
18.875179290771484 5.0040435791015625 -0.17880487442016602
18.28018569946289 5.92732048034668 -0.17753839492797852
18.086406707763672 7.027812957763672 -0.16986513137817383
18.137470245361328 8.224300384521484 -0.1611490249633789
18.22852325439453 9.325372695922852 -0.15430355072021484
18.354026794433594 10.470388412475586 -0.1439342498779297
18.496341705322266 11.593193054199219 -0.1320948600769043
18.492755889892578 12.614555358886719 -0.12409210205078125
18.526073455810547 13.786426544189453 -0.12351846694946289
18.68170166015625 14.81234359741211 -0.12195825576782227

1
17.386878967285156 -4.858649253845215 -0.20968246459960938
15.939361572265625 -4.690906524658203 -0.2166461944580078
14.461982727050781 -4.569228172302246 -0.2274308204650879
12.947708129882812 -4.45560359954834 -0.24327707290649414
11.501686096191406 -4.363836288452148 -0.24726295471191406
9.951866149902344 -4.217608451843262 -0.2706637382507324
8.477317810058594 -4.122157096862793 -0.2790708541870117
7.113567352294922 -4.040472030639648 -0.289243221282959
7.473331451416016 -5.529166221618652 -0.2922334671020508
7.740512847900391 -6.924738883972168 -0.2814755439758301
8.041244506835938 -8.466255187988281 -0.2859477996826172
9.140121459960938 -8.953259468078613 -0.2920241355895996
10.76321792602539 -9.069141387939453 -0.297849178314209
12.126338958740234 -9.150274276733398 -0.31118106842041016
13.645675659179688 -9.314300537109375 -0.30644798278808594
15.080638885498047 -9.393563270568848 -0.29685306549072266
16.482879638671875 -9.242279052734375 -0.2950100898742676
16.779132843017578 -7.724088191986084 -0.2754831314086914
17.079315185546875 -6.300506591796875 -0.24327325820922852
17.427078247070312 -4.827543258666992 -0.2104325294494629

1
8.896438598632812 9.988094329833984 -0.15163564682006836
8.513927459716797 8.468765258789062 -0.1899280548095703
8.291252136230469 6.830972671508789 -0.25331878662109375
8.115951538085938 5.380857467651367 -0.27770280838012695
9.621894836425781 5.263216018676758 -0.2760353088378906
11.34616470336914 5.197277069091797 -0.2688322067260742
12.848060607910156 5.117990493774414 -0.25710296630859375
14.364784240722656 5.004573822021484 -0.23379230499267578
16.06275177001953 4.908002853393555 -0.2297205924987793
17.642837524414062 4.76588249206543 -0.21228361129760742
19.26604461669922 4.668128967285156 -0.19225358963012695
18.924545288085938 6.233526229858398 -0.18464088439941406
18.643566131591797 7.722114562988281 -0.15565872192382812
18.29531478881836 9.304964065551758 -0.13194799423217773
16.926677703857422 9.611242294311523 -0.1409740447998047
15.268623352050781 9.644887924194336 -0.15324735641479492
13.724597930908203 9.707918167114258 -0.15050554275512695
12.124420166015625 9.782594680786133 -0.15863323211669922
10.564971923828125 9.896230697631836 -0.16260623931884766
8.870742797851562 9.94685173034668 -0.15821504592895508

1
18.546916961669922 4.69599723815918 -0.24836301803588867
18.31668472290039 3.239725112915039 -0.23084163665771484
18.065467834472656 1.857168197631836 -0.22715330123901367
17.845630645751953 0.4622983932495117 -0.2140798568725586
17.625972747802734 -0.9530010223388672 -0.2106165885925293
17.49359893798828 -2.40167236328125 -0.19806814193725586
17.23577880859375 -3.8271303176879883 -0.19221735000610352
17.886077880859375 -4.527549743652344 -0.20717906951904297
19.334861755371094 -4.669354438781738 -0.21152544021606445
20.816272735595703 -4.7735185623168945 -0.21641016006469727
22.129505157470703 -4.716248512268066 -0.20009279251098633
22.080326080322266 -3.206782341003418 -0.18320703506469727
22.152305603027344 -1.8067312240600586 -0.1642627716064453
22.22588348388672 -0.43970298767089844 -0.14525699615478516
22.355091094970703 1.040945053100586 -0.12024688720703125
22.442737579345703 2.397703170776367 -0.10397672653198242
22.59042739868164 3.821300506591797 -0.0842137336730957
21.32147979736328 4.216819763183594 -0.1382150650024414
19.96308135986328 4.459138870239258 -0.18547534942626953
18.456398010253906 4.718326568603516 -0.22380781173706055

2
10.708332061767578 14.812116622924805 -0.2123255729675293
10.550579071044922 12.278278350830078 -0.23004484176635742
10.370834350585938 9.725221633911133 -0.2734832763671875
10.28335189819336 7.183757781982422 -0.341982364654541
8.616313934326172 5.272190093994141 -0.31539058685302734
6.149616241455078 5.114362716674805 -0.28899478912353516
3.4249496459960938 5.365495681762695 -0.27095556259155273
0.8764858245849609 5.523420333862305 -0.24881839752197266
-1.6081600189208984 5.68571662902832 -0.25667905807495117
-4.287103652954102 5.905611038208008 -0.2452225685119629
-6.702280044555664 6.084787368774414 -0.256744384765625
-9.30512809753418 6.283346176147461 -0.26764631271362305
-12.052362442016602 6.473194122314453 -0.27503108978271484
-14.58751392364502 6.6427764892578125 -0.28759193420410156
-17.1415958404541 6.820928573608398 -0.2919645309448242
-19.716590881347656 6.998601913452148 -0.2995719909667969
-22.310470581054688 7.202239990234375 -0.312685489654541
-24.832189559936523 7.36345100402832 -0.33121299743652344
-27.410066604614258 7.537065505981445 -0.32112646102905273
-29.827741622924805 7.707191467285156 -0.32501888275146484

2
8.79330825805664 -14.795830726623535 -0.41602182388305664
8.9755859375 -12.204145431518555 -0.40612220764160156
9.153472900390625 -9.765159606933594 -0.3953542709350586
9.395622253417969 -7.113530158996582 -0.40699148178100586
8.917720794677734 -4.525265693664551 -0.35909032821655273
6.699306488037109 -3.2322282791137695 -0.34813642501831055
4.0285797119140625 -3.0826120376586914 -0.31923437118530273
1.326913833618164 -2.9151992797851562 -0.2824826240539551
-1.2324295043945312 -2.721846580505371 -0.25068092346191406
-3.809558868408203 -2.5424461364746094 -0.24206781387329102
-6.4441070556640625 -2.3534297943115234 -0.26169729232788086
-9.147743225097656 -2.1608686447143555 -0.2907109260559082
-11.765054702758789 -1.9657421112060547 -0.3178863525390625
-14.424930572509766 -1.8085260391235352 -0.3324284553527832
-17.03618621826172 -1.5866050720214844 -0.3665909767150879
-19.609649658203125 -1.4075965881347656 -0.3915414810180664
-22.278972625732422 -1.2130460739135742 -0.4101676940917969
-24.848859786987305 -1.0220575332641602 -0.43229103088378906
-27.26148223876953 -0.8613996505737305 -0.46439695358276367
-29.840890884399414 -0.6503629684448242 -0.5061721801757812

2
29.851703643798828 -4.808533668518066 -0.18719482421875
28.49551773071289 -4.729366302490234 -0.20476198196411133
27.029003143310547 -4.637625694274902 -0.21462297439575195
25.587982177734375 -4.5122785568237305 -0.23080825805664062
24.263137817382812 -4.413124084472656 -0.23806047439575195
22.760150909423828 -4.309061050415039 -0.2520318031311035
21.366722106933594 -4.1895751953125 -0.25397539138793945
20.71556854248047 -3.4609031677246094 -0.2716083526611328
19.816307067871094 -2.744011878967285 -0.29020166397094727
18.339515686035156 -2.89801025390625 -0.27686357498168945
16.942272186279297 -3.774942398071289 -0.2617969512939453
16.10080337524414 -4.774624824523926 -0.26660633087158203
15.632225036621094 -6.0403032302856445 -0.2900705337524414
15.343387603759766 -7.567242622375488 -0.31719017028808594
15.33346939086914 -8.982993125915527 -0.33777475357055664
16.12281036376953 -9.566434860229492 -0.34128904342651367
16.74956512451172 -10.533613204956055 -0.3435792922973633
16.821025848388672 -12.045619010925293 -0.3629722595214844
16.70287322998047 -13.43002700805664 -0.36948585510253906
16.539520263671875 -14.792720794677734 -0.3786463737487793

0
14.416656494140625 14.973222732543945 -0.18240785598754883
14.355899810791016 14.857128143310547 -0.17658090591430664
14.343769073486328 14.700178146362305 -0.18805503845214844
14.32535171508789 14.497543334960938 -0.18909406661987305
14.315486907958984 14.277772903442383 -0.18018531799316406
14.302684783935547 14.077491760253906 -0.1796259880065918
14.278121948242188 13.875795364379883 -0.18436813354492188
14.265388488769531 13.684120178222656 -0.18387651443481445
14.240524291992188 13.508596420288086 -0.1933269500732422
14.214374542236328 13.259428024291992 -0.2005290985107422
14.20766830444336 13.069316864013672 -0.2031855583190918
14.21792984008789 12.82120132446289 -0.19079923629760742
14.202022552490234 12.67978286743164 -0.18896722793579102
14.212017059326172 12.480972290039062 -0.19420909881591797
14.229629516601562 12.316329956054688 -0.19419431686401367
14.203289031982422 12.115264892578125 -0.19151735305786133
14.207782745361328 11.903205871582031 -0.19153594970703125
14.1976318359375 11.740909576416016 -0.1984710693359375
14.146854400634766 11.52920150756836 -0.20780706405639648
14.157356262207031 11.32259750366211 -0.2105245590209961

