1
-12.852680206298828 -2.9256973266601562 -0.03239011764526367
-11.338226318359375 -3.5971765518188477 -0.03513145446777344
-9.767242431640625 -4.275544166564941 -0.0435795783996582
-8.275285720825195 -4.919696807861328 -0.049884796142578125
-6.729007720947266 -5.535808563232422 -0.05687856674194336
-5.306011199951172 -6.162817001342773 -0.050827980041503906
-3.879680633544922 -6.699989318847656 -0.055016517639160156
-2.802366256713867 -6.210040092468262 -0.09461212158203125
-2.00946044921875 -4.707711219787598 -0.1487269401550293
-1.0158443450927734 -3.3523521423339844 -0.20406055450439453
-1.7966194152832031 -2.5027313232421875 -0.21784496307373047
-3.3409881591796875 -1.8752021789550781 -0.21494293212890625
-4.699186325073242 -1.3801918029785156 -0.21767282485961914
-6.413515090942383 -0.6048774719238281 -0.22147750854492188
-7.869106292724609 -0.028006553649902344 -0.21439838409423828
-9.270614624023438 0.5200519561767578 -0.22018671035766602
-10.815166473388672 1.1972122192382812 -0.22616004943847656
-11.586063385009766 -0.054248809814453125 -0.1618051528930664
-12.141571044921875 -1.6455469131469727 -0.10158348083496094
-12.784383773803711 -3.054117202758789 -0.0263519287109375

2
29.742694854736328 -14.385845184326172 -0.3257741928100586
27.44009780883789 -13.4957275390625 -0.30788564682006836
25.492908477783203 -12.76339340209961 -0.28359317779541016
22.95653533935547 -11.666168212890625 -0.3000049591064453
20.58596420288086 -10.68572998046875 -0.29955291748046875
18.306320190429688 -9.650418281555176 -0.2904548645019531
15.966354370117188 -8.640562057495117 -0.28294801712036133
13.452156066894531 -7.504112243652344 -0.29248762130737305
11.071529388427734 -6.509065628051758 -0.2912168502807617
8.940780639648438 -5.635120391845703 -0.31459474563598633
6.6399078369140625 -4.583745956420898 -0.30965566635131836
4.350505828857422 -3.6146554946899414 -0.3098011016845703
1.8962535858154297 -2.4744606018066406 -0.32233142852783203
-0.7210311889648438 -1.975545883178711 -0.2933316230773926
-2.625486373901367 -3.2124557495117188 -0.23050165176391602
-3.654684066772461 -5.607007026672363 -0.1612682342529297
-4.665187835693359 -7.929007053375244 -0.07759761810302734
-5.7507781982421875 -10.368285179138184 0.004514217376708984
-6.760374069213867 -12.586915969848633 0.06177043914794922
-7.683477401733398 -14.798628807067871 0.10755634307861328

2
-16.875572204589844 -14.809614181518555 0.16127538681030273
-15.969574928283691 -13.003662109375 0.09705972671508789
-15.148385047912598 -11.046576499938965 0.06854820251464844
-14.249776840209961 -9.098716735839844 0.013501167297363281
-13.29684066772461 -7.122288703918457 -0.024858951568603516
-12.541383743286133 -5.155170440673828 -0.0945124626159668
-11.790870666503906 -3.2252016067504883 -0.14866113662719727
-10.941368103027344 -1.4476470947265625 -0.21723318099975586
-10.260688781738281 0.6197347640991211 -0.26958703994750977
-10.709796905517578 2.4452552795410156 -0.3316001892089844
-12.623624801635742 3.6061668395996094 -0.34465885162353516
-14.52420425415039 4.421953201293945 -0.30215930938720703
-16.38347053527832 5.177875518798828 -0.28781557083129883
-18.231273651123047 6.081510543823242 -0.2857542037963867
-20.25014877319336 6.982721328735352 -0.289945125579834
-22.170654296875 7.861612319946289 -0.27735424041748047
-24.03602409362793 8.600006103515625 -0.2971987724304199
-26.164161682128906 9.334911346435547 -0.2898092269897461
-28.011919021606445 9.693504333496094 -0.24527645111083984
-29.759765625 9.226892471313477 -0.17510747909545898

2
29.88861846923828 -6.249210357666016 -0.4517021179199219
27.958175659179688 -5.452215194702148 -0.4162898063659668
25.921512603759766 -4.558097839355469 -0.425137996673584
23.743396759033203 -3.5438365936279297 -0.4199681282043457
21.260189056396484 -2.3945188522338867 -0.4065093994140625
19.399208068847656 -1.5730743408203125 -0.3989567756652832
17.190528869628906 -0.6557197570800781 -0.4082512855529785
15.102401733398438 0.18320751190185547 -0.42268896102905273
12.90121078491211 1.142110824584961 -0.42102861404418945
10.730548858642578 2.0871028900146484 -0.41744136810302734
8.287425994873047 3.1112842559814453 -0.41089296340942383
6.479854583740234 3.2030391693115234 -0.42058420181274414
4.7062835693359375 2.658365249633789 -0.40323781967163086
2.5011062622070312 3.9137954711914062 -0.37886571884155273
1.3197479248046875 5.527187347412109 -0.39429616928100586
0.7707309722900391 7.994026184082031 -0.4594607353210449
1.6897449493408203 9.430179595947266 -0.5007743835449219
3.127197265625 10.574541091918945 -0.5160832405090332
4.212368011474609 12.695619583129883 -0.5462074279785156
4.870288848876953 14.791187286376953 -0.5264439582824707

1
2.8566131591796875 -4.118963241577148 -0.17387914657592773
3.3956642150878906 -2.6673402786254883 -0.21680402755737305
4.003227233886719 -1.3982219696044922 -0.2719693183898926
4.592334747314453 0.010540962219238281 -0.3044719696044922
5.235408782958984 1.3330345153808594 -0.3383340835571289
5.789531707763672 2.7985000610351562 -0.3728971481323242
5.456211090087891 3.815244674682617 -0.37056922912597656
4.227272033691406 4.552518844604492 -0.36603784561157227
2.9298324584960938 5.405561447143555 -0.3543233871459961
2.013141632080078 5.475805282592773 -0.32404661178588867
1.3033504486083984 3.936176300048828 -0.292327880859375
0.5709877014160156 2.653989791870117 -0.2818136215209961
-0.016008377075195312 1.2236080169677734 -0.2698860168457031
-0.5163516998291016 -0.03125762939453125 -0.2417459487915039
-1.0987052917480469 -1.325063705444336 -0.22202777862548828
-1.6150760650634766 -2.8413143157958984 -0.19777154922485352
-1.4580059051513672 -3.589252471923828 -0.17772293090820312
-0.07855796813964844 -3.770806312561035 -0.18021583557128906
1.614013671875 -3.9872570037841797 -0.18382692337036133
2.9948043823242188 -4.117840766906738 -0.19514846801757812

1
-4.566326141357422 13.724773406982422 -0.36176204681396484
-5.651132583618164 12.636453628540039 -0.37302160263061523
-6.672931671142578 11.463783264160156 -0.3754439353942871
-7.685182571411133 10.541023254394531 -0.39671850204467773
-7.523735046386719 9.87275505065918 -0.40458059310913086
-5.618522644042969 9.312957763671875 -0.37024545669555664
-4.077220916748047 8.493730545043945 -0.3691897392272949
-2.8106117248535156 7.848148345947266 -0.363311767578125
-1.206329345703125 7.185632705688477 -0.3380136489868164
0.2995777130126953 6.472475051879883 -0.32213258743286133
1.7639179229736328 6.095726013183594 -0.3190937042236328
2.3979949951171875 7.089208602905273 -0.3600335121154785
2.9774703979492188 8.536020278930664 -0.38854026794433594
3.4880714416503906 9.85672378540039 -0.42219066619873047
2.6693153381347656 10.72764778137207 -0.4190058708190918
1.174560546875 11.325002670288086 -0.4035019874572754
-0.21523094177246094 11.948217391967773 -0.3881258964538574
-1.6859054565429688 12.537897109985352 -0.3741927146911621
-3.141660690307617 13.107072830200195 -0.38750362396240234
-4.578104019165039 13.649940490722656 -0.3605332374572754

2
-4.082271575927734 14.805192947387695 -0.3823394775390625
-4.360727310180664 13.911632537841797 -0.3985915184020996
-4.793178558349609 13.041080474853516 -0.4138526916503906
-5.195079803466797 12.010137557983398 -0.40767621994018555
-5.571685791015625 11.382240295410156 -0.39429664611816406
-6.37127685546875 10.690496444702148 -0.3913125991821289
-7.396633148193359 10.320428848266602 -0.37360143661499023
-8.329221725463867 10.229084014892578 -0.36653995513916016
-8.933536529541016 10.382709503173828 -0.3593425750732422
-9.859390258789062 10.841716766357422 -0.3546743392944336
-10.980001449584961 11.329055786132812 -0.36300039291381836
-11.653692245483398 11.683799743652344 -0.3749351501464844
-12.474252700805664 12.14484977722168 -0.38599252700805664
-13.381126403808594 12.529624938964844 -0.3767547607421875
-14.391900062561035 12.935077667236328 -0.36647796630859375
-15.28300952911377 13.316991806030273 -0.3671426773071289
-16.199859619140625 13.736543655395508 -0.3650670051574707
-17.057537078857422 14.075424194335938 -0.3759794235229492
-17.828142166137695 14.4251708984375 -0.3916029930114746
-18.674510955810547 14.842050552368164 -0.41474151611328125

1
-10.510046005249023 0.42571449279785156 -0.2503981590270996
-9.856966018676758 2.0732059478759766 -0.2709488868713379
-9.247392654418945 3.6901721954345703 -0.2909674644470215
-8.387399673461914 5.333562850952148 -0.3086552619934082
-7.566608428955078 6.916206359863281 -0.3268852233886719
-6.893474578857422 8.523706436157227 -0.34711694717407227
-6.401872634887695 10.083600997924805 -0.37846946716308594
-5.302778244018555 11.705833435058594 -0.38752126693725586
-6.19597053527832 12.445003509521484 -0.3557915687561035
-8.362970352172852 12.636369705200195 -0.28033924102783203
-10.162878036499023 12.994783401489258 -0.23821449279785156
-10.798450469970703 11.61981201171875 -0.22355175018310547
-11.502908706665039 9.847471237182617 -0.22341060638427734
-11.994163513183594 8.285314559936523 -0.20500802993774414
-12.859844207763672 6.69904899597168 -0.21306085586547852
-13.670076370239258 5.027778625488281 -0.20020055770874023
-14.38930606842041 3.5083160400390625 -0.1888437271118164
-13.74288558959961 2.2800559997558594 -0.19826793670654297
-12.07220458984375 1.2626056671142578 -0.227264404296875
-10.571277618408203 0.4493865966796875 -0.25222253799438477

0
-14.259336471557617 8.157365798950195 -0.33118295669555664
-14.981846809387207 8.493444442749023 -0.3306140899658203
-15.720653533935547 8.838912963867188 -0.3247032165527344
-16.503433227539062 9.196487426757812 -0.3272514343261719
-17.282329559326172 9.536624908447266 -0.32923460006713867
-18.08865737915039 9.896825790405273 -0.32972097396850586
-19.077884674072266 10.304361343383789 -0.33388757705688477
-19.997270584106445 10.726089477539062 -0.33031463623046875
-20.798053741455078 11.058843612670898 -0.3381686210632324
-21.69969367980957 11.469963073730469 -0.33635473251342773
-22.662996292114258 11.894411087036133 -0.33896970748901367
-23.670913696289062 12.361793518066406 -0.3443183898925781
-24.498153686523438 12.69189453125 -0.35303449630737305
-25.126922607421875 12.954143524169922 -0.34572267532348633
-25.92417335510254 13.244440078735352 -0.36650991439819336
-26.698999404907227 13.537374496459961 -0.36448144912719727
-27.477596282958984 13.824483871459961 -0.35278749465942383
-28.033946990966797 14.0833740234375 -0.35854339599609375
-28.70721435546875 14.4443359375 -0.365234375
-29.74466323852539 14.769388198852539 -0.3598356246948242

