2
29.880168914794922 -13.202646255493164 -0.2856459617614746
27.889663696289062 -12.527341842651367 -0.25762414932250977
25.66427230834961 -11.629501342773438 -0.24889183044433594
23.236530303955078 -10.667789459228516 -0.26827049255371094
20.736549377441406 -9.726675987243652 -0.26849842071533203
18.497100830078125 -8.88768196105957 -0.2597842216491699
16.056617736816406 -7.932509422302246 -0.2611103057861328
13.779476165771484 -7.059844017028809 -0.26949214935302734
11.209537506103516 -6.066675186157227 -0.2770042419433594
9.027103424072266 -5.2847700119018555 -0.29821252822875977
6.612270355224609 -4.361701011657715 -0.3001079559326172
4.353839874267578 -3.5061521530151367 -0.3109450340270996
1.9735584259033203 -2.483761787414551 -0.3207859992980957
-0.5397567749023438 -1.9200325012207031 -0.29910945892333984
-2.7035179138183594 -3.071565628051758 -0.23882722854614258
-3.618837356567383 -5.434747695922852 -0.1702585220336914
-4.539485931396484 -7.800729751586914 -0.08711385726928711
-5.449010848999023 -10.209449768066406 -0.0022330284118652344
-6.37367057800293 -12.577131271362305 0.06344413757324219
-7.198781967163086 -14.802313804626465 0.11882352828979492

2
-16.127145767211914 -14.800747871398926 0.14376068115234375
-15.496894836425781 -13.014960289001465 0.08187341690063477
-14.767380714416504 -11.161919593811035 0.054192543029785156
-13.96480941772461 -9.19048023223877 0.0023398399353027344
-13.158262252807617 -7.282751083374023 -0.03578042984008789
-12.5234375 -5.405104637145996 -0.10303783416748047
-11.820842742919922 -3.4873456954956055 -0.15879344940185547
-11.119548797607422 -1.7507658004760742 -0.2281627655029297
-10.593544006347656 0.38130664825439453 -0.2784576416015625
-11.129911422729492 1.9990100860595703 -0.33345651626586914
-13.019048690795898 3.024446487426758 -0.3470773696899414
-14.927679061889648 3.756908416748047 -0.30848264694213867
-16.72102928161621 4.453657150268555 -0.2982807159423828
-18.66275978088379 5.196184158325195 -0.30563926696777344
-20.459060668945312 5.9483642578125 -0.30739688873291016
-22.30106544494629 6.690746307373047 -0.3115086555480957
-24.08414649963379 7.305669784545898 -0.31264400482177734
-26.077228546142578 7.948829650878906 -0.32336854934692383
-28.077369689941406 8.472843170166016 -0.28967905044555664
-29.756994247436523 7.613733291625977 -0.23444223403930664

1
-10.884288787841797 -0.08648395538330078 -0.26756763458251953
-10.163532257080078 1.5800704956054688 -0.2815537452697754
-9.627824783325195 3.2902069091796875 -0.3035569190979004
-8.884937286376953 4.996194839477539 -0.3223910331726074
-8.216596603393555 6.571968078613281 -0.3338594436645508
-7.545726776123047 8.277780532836914 -0.3566422462463379
-7.041479110717773 9.83740234375 -0.396481990814209
-6.078258514404297 11.488784790039062 -0.4056262969970703
-7.148813247680664 12.272665023803711 -0.36746835708618164
-9.29693603515625 12.436826705932617 -0.2955665588378906
-11.021575927734375 12.713088989257812 -0.24340009689331055
-11.57174301147461 11.171689987182617 -0.22755146026611328
-12.218873977661133 9.441646575927734 -0.23098278045654297
-12.742691040039062 7.839286804199219 -0.21386003494262695
-13.570903778076172 6.078128814697266 -0.2184123992919922
-14.177633285522461 4.46912956237793 -0.21196937561035156
-14.7930908203125 2.8984603881835938 -0.19640636444091797
-14.076594352722168 1.6515083312988281 -0.2095170021057129
-12.54500961303711 0.7050151824951172 -0.23374557495117188
-10.885128021240234 -0.07510948181152344 -0.2596168518066406

1
-13.074039459228516 -3.472426414489746 -0.02727508544921875
-11.46115493774414 -4.088901519775391 -0.0344395637512207
-9.904630661010742 -4.732208251953125 -0.041893959045410156
-8.450519561767578 -5.287741661071777 -0.048675537109375
-6.796295166015625 -5.87993049621582 -0.05494546890258789
-5.325498580932617 -6.415624618530273 -0.04798269271850586
-3.9501914978027344 -6.930417060852051 -0.04993724822998047
-2.8350048065185547 -6.307826995849609 -0.08916616439819336
-2.12420654296875 -4.807265281677246 -0.14874601364135742
-1.230539321899414 -3.4790916442871094 -0.20425033569335938
-2.0295486450195312 -2.6106691360473633 -0.21431207656860352
-3.7150192260742188 -1.9926881790161133 -0.21576738357543945
-5.139257431030273 -1.5621986389160156 -0.21985435485839844
-6.738040924072266 -0.8973970413208008 -0.22263383865356445
-8.215551376342773 -0.4184112548828125 -0.21771574020385742
-9.757946014404297 0.1887950897216797 -0.2215266227722168
-11.271781921386719 0.7565460205078125 -0.22537612915039062
-11.947839736938477 -0.6628894805908203 -0.1634845733642578
-12.438577651977539 -2.1644601821899414 -0.11194610595703125
-13.033462524414062 -3.509828567504883 -0.029969215393066406

2
-5.072137832641602 14.804275512695312 -0.4559202194213867
-5.470304489135742 13.810714721679688 -0.43337392807006836
-5.86480712890625 12.695232391357422 -0.425809383392334
-6.25715446472168 11.680107116699219 -0.4182167053222656
-6.718410491943359 10.876134872436523 -0.4112124443054199
-7.630701065063477 10.176530838012695 -0.40334177017211914
-8.792135238647461 9.985567092895508 -0.3786797523498535
-9.82608413696289 10.090219497680664 -0.3631119728088379
-10.679729461669922 10.432771682739258 -0.3588700294494629
-11.638521194458008 10.795089721679688 -0.36611270904541016
-12.655351638793945 11.140575408935547 -0.38112640380859375
-13.584260940551758 11.548198699951172 -0.38767433166503906
-14.43499755859375 11.906196594238281 -0.3994784355163574
-15.55059814453125 12.358938217163086 -0.40516138076782227
-16.55480194091797 12.715694427490234 -0.3956437110900879
-17.46892738342285 13.108064651489258 -0.3940601348876953
-18.525726318359375 13.523744583129883 -0.3950209617614746
-19.71713638305664 14.026941299438477 -0.40058231353759766
-20.818126678466797 14.414615631103516 -0.3979477882385254
-21.80176544189453 14.841390609741211 -0.405764102935791

1
-5.575260162353516 13.546907424926758 -0.394589900970459
-6.651632308959961 12.50190544128418 -0.3958873748779297
-7.817264556884766 11.395370483398438 -0.38928747177124023
-9.041387557983398 10.46912956237793 -0.4057893753051758
-8.838266372680664 9.761770248413086 -0.4042658805847168
-7.173959732055664 9.162569046020508 -0.37539243698120117
-5.509496688842773 8.56258773803711 -0.37056446075439453
-4.142116546630859 7.934497833251953 -0.36887502670288086
-2.5027236938476562 7.32257080078125 -0.348081111907959
-0.9577865600585938 6.780107498168945 -0.32800865173339844
0.6559715270996094 6.224313735961914 -0.32303476333618164
1.5819568634033203 6.82124137878418 -0.3608989715576172
2.031585693359375 8.288984298706055 -0.38684892654418945
2.6030807495117188 9.72146224975586 -0.422976016998291
2.0747413635253906 10.770318984985352 -0.43212175369262695
0.5898895263671875 11.237115859985352 -0.429013729095459
-0.8804378509521484 11.893085479736328 -0.41274547576904297
-2.3930587768554688 12.419658660888672 -0.39645910263061523
-3.8524951934814453 13.01774787902832 -0.4048285484313965
-5.553258895874023 13.49830436706543 -0.3884601593017578

0
-14.985979080200195 7.497898101806641 -0.3454556465148926
-15.719882011413574 7.776359558105469 -0.35063934326171875
-16.469402313232422 8.110940933227539 -0.3491964340209961
-17.242162704467773 8.426935195922852 -0.3518247604370117
-18.062496185302734 8.734006881713867 -0.35172319412231445
-18.87430763244629 9.03103256225586 -0.34842538833618164
-19.774860382080078 9.365045547485352 -0.35059404373168945
-20.663908004760742 9.708393096923828 -0.353940486907959
-21.34551239013672 9.961870193481445 -0.34892702102661133
-22.18907928466797 10.305425643920898 -0.3510012626647949
-23.026700973510742 10.640836715698242 -0.35866546630859375
-24.028047561645508 11.014066696166992 -0.3647608757019043
-24.93297004699707 11.375112533569336 -0.36588239669799805
-25.688220977783203 11.660398483276367 -0.3775801658630371
-26.424551010131836 11.944290161132812 -0.396512508392334
-27.14984893798828 12.232427597045898 -0.3919854164123535
-27.81868553161621 12.493440628051758 -0.38675403594970703
-28.483007431030273 12.782629013061523 -0.3908958435058594
-29.21668243408203 12.9984130859375 -0.3804316520690918
-29.953262329101562 13.290901184082031 -0.3660306930541992

2
29.86240005493164 -5.063449859619141 -0.407956600189209
27.82495880126953 -4.259160995483398 -0.3871617317199707
25.705711364746094 -3.3940515518188477 -0.3934192657470703
23.44803237915039 -2.4054508209228516 -0.39666175842285156
21.075714111328125 -1.5193119049072266 -0.39260005950927734
19.07215118408203 -0.6906671524047852 -0.38373231887817383
16.935489654541016 0.07287406921386719 -0.3861069679260254
14.82198715209961 0.8237514495849609 -0.40461206436157227
12.56060791015625 1.6960906982421875 -0.40531253814697266
10.124774932861328 2.6716136932373047 -0.40409183502197266
7.815879821777344 3.4061660766601562 -0.4056406021118164
5.972599029541016 3.434406280517578 -0.41473865509033203
4.387767791748047 2.6927661895751953 -0.4009060859680176
2.0516891479492188 3.9403762817382812 -0.37982988357543945
0.7767105102539062 5.488874435424805 -0.39438819885253906
0.0053863525390625 7.563732147216797 -0.46254634857177734
0.7870559692382812 9.482540130615234 -0.5088992118835449
2.2343482971191406 10.590070724487305 -0.5245475769042969
3.203205108642578 12.701265335083008 -0.5569486618041992
3.93896484375 14.80068588256836 -0.5446405410766602

1
3.020294189453125 -4.079764366149902 -0.1754283905029297
3.3271942138671875 -2.6573715209960938 -0.22051715850830078
3.8626861572265625 -1.3461122512817383 -0.2746586799621582
4.276981353759766 0.11078262329101562 -0.30761051177978516
4.899234771728516 1.5804996490478516 -0.33782958984375
5.368919372558594 3.0310134887695312 -0.375302791595459
4.909141540527344 4.044923782348633 -0.3719019889831543
3.6463775634765625 4.779802322387695 -0.3738441467285156
2.4818153381347656 5.512794494628906 -0.3643684387207031
1.5888690948486328 5.582880020141602 -0.3295307159423828
0.7269458770751953 4.101892471313477 -0.2945289611816406
0.12530517578125 2.746295928955078 -0.28424930572509766
-0.3094902038574219 1.268075942993164 -0.2756214141845703
-0.7120571136474609 -0.02960491180419922 -0.24597835540771484
-1.2518978118896484 -1.3455228805541992 -0.22263717651367188
-1.6315670013427734 -2.884336471557617 -0.18975305557250977
-1.4589519500732422 -3.664712905883789 -0.16731929779052734
-0.04444694519042969 -3.772128105163574 -0.17214012145996094
1.6977462768554688 -3.9367246627807617 -0.18175125122070312
3.142200469970703 -4.0740156173706055 -0.19523143768310547

