1
-11.147777557373047 -0.5538396835327148 -0.2682485580444336
-10.539379119873047 1.2293109893798828 -0.28061532974243164
-10.069746017456055 2.9593944549560547 -0.30793285369873047
-9.369405746459961 4.642412185668945 -0.3222999572753906
-8.869190216064453 6.280241012573242 -0.334653377532959
-8.281730651855469 7.92628288269043 -0.3661932945251465
-7.598268508911133 9.54673957824707 -0.41106319427490234
-6.924245834350586 11.206733703613281 -0.41784238815307617
-7.984437942504883 11.875286102294922 -0.38051939010620117
-9.923362731933594 12.044818878173828 -0.31429195404052734
-11.838445663452148 12.210010528564453 -0.24913501739501953
-12.44857406616211 10.597982406616211 -0.2299199104309082
-12.953348159790039 8.854055404663086 -0.2373037338256836
-13.454811096191406 7.277732849121094 -0.21929216384887695
-14.159233093261719 5.431568145751953 -0.22375249862670898
-14.605135917663574 3.8891944885253906 -0.21310901641845703
-15.190738677978516 2.2612342834472656 -0.19816923141479492
-14.366898536682129 1.0566253662109375 -0.21161556243896484
-12.892440795898438 0.21076107025146484 -0.23128747940063477
-11.134788513183594 -0.5527706146240234 -0.2622990608215332

2
29.825275421142578 -3.845174789428711 -0.41833066940307617
27.721355438232422 -3.1994619369506836 -0.40207576751708984
25.604591369628906 -2.438264846801758 -0.40242815017700195
23.377731323242188 -1.5826292037963867 -0.3980526924133301
21.307113647460938 -0.8264694213867188 -0.38361692428588867
19.154953002929688 -0.12781333923339844 -0.36968994140625
16.890636444091797 0.6430721282958984 -0.37978553771972656
14.656478881835938 1.3581523895263672 -0.4022359848022461
12.38528823852539 2.143779754638672 -0.41156721115112305
10.203857421875 2.8492088317871094 -0.4152092933654785
7.563629150390625 3.6370105743408203 -0.41580772399902344
5.884227752685547 3.8774375915527344 -0.4204530715942383
4.517982482910156 2.969289779663086 -0.40724849700927734
2.1471214294433594 3.7240257263183594 -0.37496042251586914
0.4921112060546875 5.086505889892578 -0.37105560302734375
-0.6853809356689453 7.4019775390625 -0.425260066986084
-0.21564102172851562 9.402793884277344 -0.4849729537963867
1.370046615600586 10.326353073120117 -0.49819231033325195
2.238574981689453 12.656736373901367 -0.5425806045532227
2.8528709411621094 14.799444198608398 -0.5739045143127441

2
29.88736343383789 -11.65835952758789 -0.2549619674682617
27.776058197021484 -11.118814468383789 -0.22620344161987305
25.383399963378906 -10.3843355178833 -0.2142190933227539
23.003456115722656 -9.602848052978516 -0.2465343475341797
20.6654052734375 -8.866698265075684 -0.2553539276123047
18.370166778564453 -8.075126647949219 -0.2536163330078125
15.935504913330078 -7.2378997802734375 -0.2522568702697754
13.673004150390625 -6.487427711486816 -0.2613954544067383
11.10610580444336 -5.632218360900879 -0.2700929641723633
8.88790512084961 -4.922089576721191 -0.2911949157714844
6.552791595458984 -4.122781753540039 -0.29973602294921875
4.223869323730469 -3.3402271270751953 -0.30481529235839844
1.9598331451416016 -2.431159019470215 -0.31759119033813477
-0.5721454620361328 -1.9398469924926758 -0.3020453453063965
-2.7546863555908203 -3.068619728088379 -0.2396092414855957
-3.709928512573242 -5.354918479919434 -0.17839479446411133
-4.500888824462891 -7.72623348236084 -0.09128904342651367
-5.239540100097656 -10.069894790649414 -0.007312774658203125
-6.08917236328125 -12.50010871887207 0.06058025360107422
-6.880769729614258 -14.800837516784668 0.12080955505371094

2
-15.483843803405762 -14.796165466308594 0.1258068084716797
-15.036746978759766 -13.069697380065918 0.06616830825805664
-14.331001281738281 -11.276273727416992 0.0434870719909668
-13.683713912963867 -9.303155899047852 -0.003756999969482422
-13.06418228149414 -7.5329108238220215 -0.042391300201416016
-12.49221420288086 -5.6040754318237305 -0.10599756240844727
-11.912944793701172 -3.789584159851074 -0.15793991088867188
-11.308063507080078 -2.165909767150879 -0.2274026870727539
-10.924108505249023 0.07309150695800781 -0.27556562423706055
-11.54483413696289 1.5373363494873047 -0.3264436721801758
-13.367246627807617 2.5023422241210938 -0.3433218002319336
-15.201833724975586 3.0809173583984375 -0.3142123222351074
-17.03738021850586 3.7278976440429688 -0.30707502365112305
-18.877059936523438 4.322599411010742 -0.3105649948120117
-20.630496978759766 4.918888092041016 -0.3100090026855469
-22.499740600585938 5.504768371582031 -0.3183932304382324
-24.26325225830078 6.05980110168457 -0.3256502151489258
-26.101388931274414 6.664768218994141 -0.3350858688354492
-27.93182373046875 7.12385368347168 -0.3275132179260254
-29.739126205444336 7.052705764770508 -0.27921628952026367

1
-13.179025650024414 -4.085263252258301 -0.029088497161865234
-11.642824172973633 -4.646620750427246 -0.028722763061523438
-10.070152282714844 -5.162803649902344 -0.04008913040161133
-8.593343734741211 -5.681443214416504 -0.04487276077270508
-6.915895462036133 -6.194483757019043 -0.0490269660949707
-5.447113037109375 -6.649819374084473 -0.0434870719909668
-4.048486709594727 -7.096045017242432 -0.04800987243652344
-2.9398117065429688 -6.4196672439575195 -0.08280372619628906
-2.2378807067871094 -4.877547264099121 -0.14639663696289062
-1.4866294860839844 -3.5488882064819336 -0.2050795555114746
-2.2653636932373047 -2.688319206237793 -0.21326065063476562
-3.943572998046875 -2.1775388717651367 -0.21538400650024414
-5.39146614074707 -1.767317771911621 -0.22010183334350586
-6.964445114135742 -1.1940431594848633 -0.22324371337890625
-8.534713745117188 -0.7424945831298828 -0.22021150588989258
-10.023208618164062 -0.2224292755126953 -0.22314929962158203
-11.635078430175781 0.3122291564941406 -0.22613048553466797
-12.223548889160156 -1.210031509399414 -0.16996240615844727
-12.723737716674805 -2.7770566940307617 -0.11499309539794922
-13.139545440673828 -4.200407028198242 -0.030681610107421875

1
-6.485115051269531 13.297855377197266 -0.41461181640625
-7.461824417114258 12.279256820678711 -0.4116940498352051
-8.836492538452148 11.133258819580078 -0.4083080291748047
-10.067255020141602 10.056650161743164 -0.4122138023376465
-9.57204818725586 9.313884735107422 -0.409822940826416
-7.848981857299805 8.752660751342773 -0.3791079521179199
-6.267122268676758 8.272857666015625 -0.375032901763916
-4.963674545288086 7.768400192260742 -0.37364912033081055
-3.347370147705078 7.219818115234375 -0.3592867851257324
-1.8433303833007812 6.767251968383789 -0.33203649520874023
-0.08079147338867188 6.270456314086914 -0.32734203338623047
0.9818744659423828 6.763843536376953 -0.3687868118286133
1.3945159912109375 8.23006820678711 -0.39516592025756836
1.9702835083007812 9.773414611816406 -0.43057918548583984
1.3048515319824219 10.760751724243164 -0.44119834899902344
-0.15936279296875 11.17111587524414 -0.4422612190246582
-1.6954803466796875 11.776565551757812 -0.43920087814331055
-3.1787071228027344 12.23052978515625 -0.41046905517578125
-4.740322113037109 12.70020866394043 -0.41844892501831055
-6.312204360961914 13.232017517089844 -0.41070556640625

0
-15.495035171508789 6.827234268188477 -0.3574099540710449
-16.183258056640625 7.074235916137695 -0.36112022399902344
-16.971729278564453 7.335544586181641 -0.35755062103271484
-17.70059585571289 7.599843978881836 -0.36086130142211914
-18.379362106323242 7.852415084838867 -0.36420392990112305
-19.310253143310547 8.151199340820312 -0.36078882217407227
-20.205677032470703 8.439699172973633 -0.35851192474365234
-20.876766204833984 8.710927963256836 -0.36107683181762695
-21.623760223388672 8.937767028808594 -0.3590207099914551
-22.488269805908203 9.227790832519531 -0.35872983932495117
-23.081417083740234 9.452020645141602 -0.3660264015197754
-23.846603393554688 9.730770111083984 -0.37081193923950195
-24.72878646850586 10.018014907836914 -0.3807520866394043
-25.483070373535156 10.300056457519531 -0.39418840408325195
-26.314455032348633 10.555049896240234 -0.4074587821960449
-26.99296760559082 10.768104553222656 -0.3984813690185547
-27.752986907958984 11.01101303100586 -0.41093921661376953
-28.494810104370117 11.256404876708984 -0.415494441986084
-29.218196868896484 11.461416244506836 -0.41028499603271484
-29.9570369720459 11.747852325439453 -0.3967881202697754

2
-5.8136138916015625 14.81979751586914 -0.4663214683532715
-6.267486572265625 13.629253387451172 -0.44121694564819336
-6.70140266418457 12.396284103393555 -0.43344545364379883
-7.127878189086914 11.214088439941406 -0.41500282287597656
-7.785886764526367 10.169919967651367 -0.4063434600830078
-9.130056381225586 9.51523208618164 -0.3900570869445801
-10.30565071105957 9.537389755249023 -0.3759036064147949
-11.275684356689453 9.8291015625 -0.3693885803222656
-12.536048889160156 10.227029800415039 -0.3815155029296875
-13.931221008300781 10.786003112792969 -0.38326072692871094
-15.065774917602539 11.203054428100586 -0.40523719787597656
-16.24001693725586 11.629459381103516 -0.40509605407714844
-17.347537994384766 12.007795333862305 -0.42786407470703125
-18.345176696777344 12.408914566040039 -0.43595218658447266
-19.652660369873047 12.877811431884766 -0.43572044372558594
-20.739013671875 13.250225067138672 -0.4338994026184082
-21.72872543334961 13.613895416259766 -0.4309525489807129
-22.881240844726562 14.053804397583008 -0.4305872917175293
-24.223695755004883 14.486425399780273 -0.4251894950866699
-25.05401039123535 14.880136489868164 -0.42122745513916016

1
0.8419303894042969 6.018547058105469 -0.3273472785949707
0.4845924377441406 4.50316047668457 -0.2992830276489258
-0.15441131591796875 3.1110153198242188 -0.2914462089538574
-0.6651153564453125 1.6919727325439453 -0.2656135559082031
-1.0446033477783203 0.3393087387084961 -0.24100017547607422
-1.4884872436523438 -1.060903549194336 -0.22132587432861328
-2.049955368041992 -2.5119075775146484 -0.2004098892211914
-2.3663902282714844 -3.893548011779785 -0.17287015914916992
-0.794830322265625 -3.8328857421875 -0.16698598861694336
0.5235462188720703 -3.8647069931030273 -0.18598079681396484
2.1080360412597656 -3.812999725341797 -0.2212672233581543
3.0794830322265625 -2.8699817657470703 -0.2258749008178711
3.438465118408203 -1.5925140380859375 -0.2342824935913086
3.8944778442382812 -0.1826314926147461 -0.26607513427734375
4.415233612060547 1.235727310180664 -0.30218935012817383
4.791713714599609 2.7684078216552734 -0.32901954650878906
4.990428924560547 4.003360748291016 -0.36936330795288086
3.8035888671875 4.528650283813477 -0.35139942169189453
2.4339675903320312 5.165279388427734 -0.3313875198364258
0.9615478515625 6.024484634399414 -0.32913684844970703

