1
-11.594482421875 -0.9927339553833008 -0.2631664276123047
-10.96493148803711 0.758087158203125 -0.2764420509338379
-10.541702270507812 2.4722652435302734 -0.3055100440979004
-9.913322448730469 4.186302185058594 -0.3264775276184082
-9.476350784301758 5.861824035644531 -0.34387969970703125
-8.945621490478516 7.587474822998047 -0.3723268508911133
-8.442779541015625 9.255531311035156 -0.42777204513549805
-7.802619934082031 10.972349166870117 -0.4397735595703125
-8.810636520385742 11.601987838745117 -0.4183363914489746
-10.760608673095703 11.689352035522461 -0.34471559524536133
-12.708627700805664 11.812118530273438 -0.2780308723449707
-13.30150032043457 10.258838653564453 -0.26602602005004883
-13.686729431152344 8.413331985473633 -0.26256513595581055
-14.113859176635742 6.599088668823242 -0.24839258193969727
-14.665383338928223 4.875040054321289 -0.23548364639282227
-15.146963119506836 3.277463912963867 -0.22555303573608398
-15.706762313842773 1.6773529052734375 -0.19960832595825195
-14.754504203796387 0.4669208526611328 -0.1941852569580078
-13.188669204711914 -0.3361625671386719 -0.2122187614440918
-11.545501708984375 -1.0141630172729492 -0.25491952896118164

2
29.798866271972656 -2.797928810119629 -0.4231696128845215
27.746566772460938 -2.2007102966308594 -0.3915519714355469
25.503459930419922 -1.4616031646728516 -0.40343809127807617
23.277591705322266 -0.7655372619628906 -0.3918886184692383
21.191513061523438 -0.1289052963256836 -0.38387489318847656
19.060447692871094 0.47571659088134766 -0.370211124420166
16.649658203125 1.1917743682861328 -0.3823966979980469
14.332866668701172 1.9106063842773438 -0.4017643928527832
12.027332305908203 2.577669143676758 -0.4089932441711426
9.999622344970703 3.1227169036865234 -0.4160952568054199
7.190425872802734 3.854907989501953 -0.4091320037841797
5.365989685058594 4.132366180419922 -0.4159383773803711
4.0171356201171875 3.0478439331054688 -0.4031229019165039
1.6710338592529297 3.761453628540039 -0.37389659881591797
0.015167236328125 5.059123992919922 -0.37160253524780273
-1.3090648651123047 7.264717102050781 -0.4265608787536621
-0.9126853942871094 9.412626266479492 -0.4878544807434082
0.45726966857910156 10.195600509643555 -0.5012698173522949
1.372701644897461 12.581298828125 -0.5435013771057129
1.8719139099121094 14.788925170898438 -0.5818209648132324

2
-15.134892463684082 -14.80428695678711 0.10689592361450195
-14.646862030029297 -13.137924194335938 0.052698612213134766
-14.107019424438477 -11.332621574401855 0.0315546989440918
-13.573556900024414 -9.480623245239258 -0.006318569183349609
-13.067249298095703 -7.740720272064209 -0.04512500762939453
-12.568241119384766 -5.819553375244141 -0.10706233978271484
-12.104087829589844 -4.046551704406738 -0.15837860107421875
-11.541513442993164 -2.4265403747558594 -0.22694921493530273
-11.294151306152344 -0.3124847412109375 -0.26983165740966797
-11.997159957885742 1.0943775177001953 -0.32219886779785156
-13.758485794067383 1.947296142578125 -0.3444046974182129
-15.637472152709961 2.4714622497558594 -0.3184475898742676
-17.363027572631836 2.951641082763672 -0.31777334213256836
-19.15762710571289 3.480733871459961 -0.3226494789123535
-20.85294532775879 3.994182586669922 -0.3285703659057617
-22.745494842529297 4.505319595336914 -0.3439211845397949
-24.488420486450195 5.022270202636719 -0.347808837890625
-26.319473266601562 5.483274459838867 -0.3416767120361328
-28.10396385192871 5.892158508300781 -0.3447847366333008
-29.76610565185547 5.989885330200195 -0.30794572830200195

2
29.882476806640625 -10.417829513549805 -0.20711565017700195
27.714649200439453 -9.96646785736084 -0.19823884963989258
25.303646087646484 -9.390474319458008 -0.19800662994384766
22.894493103027344 -8.720791816711426 -0.2234172821044922
20.52727508544922 -8.024057388305664 -0.23077630996704102
18.164390563964844 -7.338405609130859 -0.23499202728271484
15.764785766601562 -6.606503486633301 -0.23328447341918945
13.479782104492188 -5.947578430175781 -0.24476194381713867
10.982967376708984 -5.205744743347168 -0.2586498260498047
8.821266174316406 -4.591953277587891 -0.2748541831970215
6.4356689453125 -3.868438720703125 -0.29004669189453125
4.126823425292969 -3.18227481842041 -0.29743337631225586
1.8528881072998047 -2.3823719024658203 -0.31308412551879883
-0.6969795227050781 -2.031680107116699 -0.3013482093811035
-2.890531539916992 -3.087531089782715 -0.2391948699951172
-3.811412811279297 -5.330181121826172 -0.18051815032958984
-4.468751907348633 -7.737040042877197 -0.08872795104980469
-5.0919189453125 -10.125105857849121 -0.011466026306152344
-5.823598861694336 -12.44436264038086 0.05763959884643555
-6.492889404296875 -14.795825004577637 0.12831497192382812

1
-7.427314758300781 13.07437515258789 -0.39873218536376953
-8.482425689697266 11.822481155395508 -0.38808679580688477
-9.688060760498047 10.683210372924805 -0.38712215423583984
-10.882101058959961 9.639986038208008 -0.3681979179382324
-10.126386642456055 8.868001937866211 -0.36608266830444336
-8.642633438110352 8.394231796264648 -0.3586721420288086
-7.065055847167969 7.934114456176758 -0.3557462692260742
-5.678567886352539 7.551277160644531 -0.3463454246520996
-4.059404373168945 7.046318054199219 -0.3472270965576172
-2.443584442138672 6.568872451782227 -0.35901498794555664
-0.8584651947021484 6.156848907470703 -0.3549327850341797
0.33024024963378906 6.555376052856445 -0.3737492561340332
0.7138748168945312 8.266870498657227 -0.40372228622436523
1.20849609375 9.823831558227539 -0.44122743606567383
0.7015724182128906 10.778202056884766 -0.4480156898498535
-0.9079666137695312 11.197858810424805 -0.4276304244995117
-2.6570968627929688 11.70162582397461 -0.43219709396362305
-4.1318817138671875 12.141397476196289 -0.40632200241088867
-5.649936676025391 12.532955169677734 -0.40734434127807617
-7.388851165771484 13.018896102905273 -0.40217161178588867

1
-13.401725769042969 -4.641916275024414 -0.029317855834960938
-11.836488723754883 -5.122219085693359 -0.029630661010742188
-10.203649520874023 -5.573821067810059 -0.036017417907714844
-8.738304138183594 -6.005161285400391 -0.04124641418457031
-7.077142715454102 -6.455860137939453 -0.04060983657836914
-5.62309455871582 -6.845176696777344 -0.038677215576171875
-4.1043701171875 -7.243658542633057 -0.046600341796875
-3.0200729370117188 -6.57114315032959 -0.07579755783081055
-2.3659534454345703 -5.007655143737793 -0.13917922973632812
-1.7162399291992188 -3.655679702758789 -0.20158767700195312
-2.5677528381347656 -2.82236385345459 -0.2131953239440918
-4.223773956298828 -2.4083166122436523 -0.2132110595703125
-5.70074462890625 -2.0053014755249023 -0.2191157341003418
-7.235363006591797 -1.5400161743164062 -0.22057247161865234
-8.79786491394043 -1.1286592483520508 -0.22079944610595703
-10.396780014038086 -0.6341743469238281 -0.22115850448608398
-12.031900405883789 -0.1474170684814453 -0.22614717483520508
-12.526084899902344 -1.762223243713379 -0.16512537002563477
-12.931766510009766 -3.2310991287231445 -0.11533546447753906
-13.382568359375 -4.76494026184082 -0.027907848358154297

2
-6.688774108886719 14.814579010009766 -0.46632909774780273
-7.115316390991211 13.465499877929688 -0.4556436538696289
-7.5233612060546875 12.065042495727539 -0.44051074981689453
-7.968288421630859 10.768844604492188 -0.428525447845459
-8.810239791870117 9.511774063110352 -0.4178438186645508
-10.301332473754883 9.047569274902344 -0.4006929397583008
-11.497882843017578 9.162704467773438 -0.38721323013305664
-12.839298248291016 9.568513870239258 -0.3845400810241699
-14.294768333435059 10.044431686401367 -0.40339040756225586
-15.974482536315918 10.593328475952148 -0.4142489433288574
-17.355844497680664 11.04073715209961 -0.4317460060119629
-18.66366195678711 11.494903564453125 -0.43306922912597656
-20.101892471313477 11.977394104003906 -0.4535679817199707
-21.535655975341797 12.394750595092773 -0.46152162551879883
-23.067447662353516 12.815469741821289 -0.46195268630981445
-24.395313262939453 13.177907943725586 -0.4534449577331543
-25.590709686279297 13.544130325317383 -0.46529388427734375
-26.872249603271484 13.93861198425293 -0.4598422050476074
-28.1043701171875 14.266794204711914 -0.4362177848815918
-29.350767135620117 14.721622467041016 -0.4192838668823242

0
-16.195297241210938 6.16254997253418 -0.35933494567871094
-16.88044548034668 6.427803039550781 -0.3672513961791992
-17.610187530517578 6.643980026245117 -0.3710923194885254
-18.35401153564453 6.861042022705078 -0.36992931365966797
-19.072406768798828 7.09031867980957 -0.38684892654418945
-19.824512481689453 7.34296989440918 -0.3893852233886719
-20.572021484375 7.556234359741211 -0.3882617950439453
-21.32862091064453 7.750026702880859 -0.388974666595459
-21.985960006713867 7.945381164550781 -0.39106130599975586
-22.618297576904297 8.128852844238281 -0.3903059959411621
-23.414264678955078 8.361047744750977 -0.40259408950805664
-24.127120971679688 8.562583923339844 -0.40930700302124023
-25.090490341186523 8.847759246826172 -0.42130184173583984
-25.728816986083984 9.042402267456055 -0.424868106842041
-26.445825576782227 9.23637580871582 -0.43596982955932617
-27.21065330505371 9.493278503417969 -0.43957948684692383
-28.049348831176758 9.706796646118164 -0.4442920684814453
-28.728147506713867 9.927717208862305 -0.4396815299987793
-29.40174674987793 10.141792297363281 -0.4371500015258789
-29.958662033081055 10.26163101196289 -0.43859195709228516

1
0.3120441436767578 5.9936981201171875 -0.3334970474243164
-0.04544258117675781 4.52690315246582 -0.30312681198120117
-0.5919609069824219 3.1016902923583984 -0.3000454902648926
-0.9993381500244141 1.652536392211914 -0.2713770866394043
-1.4089641571044922 0.2838296890258789 -0.25139808654785156
-1.7901725769042969 -1.168905258178711 -0.23005294799804688
-2.3099937438964844 -2.5731735229492188 -0.2051849365234375
-2.4829483032226562 -3.9189939498901367 -0.17911577224731445
-0.9127750396728516 -3.877774238586426 -0.17122364044189453
0.44321250915527344 -3.871004104614258 -0.18702459335327148
1.9164199829101562 -3.871476173400879 -0.21335554122924805
2.7783737182617188 -2.808340072631836 -0.2212834358215332
3.2679100036621094 -1.4461774826049805 -0.24278497695922852
3.558368682861328 -0.013310432434082031 -0.2814445495605469
3.9735031127929688 1.4390850067138672 -0.31789159774780273
4.385017395019531 2.8681087493896484 -0.3473806381225586
4.3636322021484375 4.189586639404297 -0.37326765060424805
3.162750244140625 4.696447372436523 -0.37119007110595703
1.8818778991699219 5.255008697509766 -0.34902429580688477
0.33466148376464844 6.045434951782227 -0.3505711555480957

