1
-8.196905136108398 12.73684310913086 -0.3849821090698242
-9.196550369262695 11.46461296081543 -0.3700704574584961
-10.391824722290039 10.339183807373047 -0.36550235748291016
-11.435373306274414 9.16690444946289 -0.35187196731567383
-10.74755859375 8.515264511108398 -0.34908628463745117
-9.14716911315918 8.092275619506836 -0.3475151062011719
-7.5634918212890625 7.673736572265625 -0.3459334373474121
-6.2273712158203125 7.366079330444336 -0.3373751640319824
-4.559732437133789 6.930383682250977 -0.34313297271728516
-2.841543197631836 6.421648025512695 -0.35339879989624023
-1.3274803161621094 6.119802474975586 -0.35283517837524414
-0.19736862182617188 6.607843399047852 -0.36963367462158203
0.040576934814453125 8.291862487792969 -0.39975881576538086
0.5224018096923828 9.862430572509766 -0.43129539489746094
-0.0538330078125 10.706380844116211 -0.4269719123840332
-1.6767292022705078 11.074817657470703 -0.4123411178588867
-3.424074172973633 11.522712707519531 -0.41977405548095703
-4.871997833251953 11.87069320678711 -0.40138816833496094
-6.463756561279297 12.269525527954102 -0.39659595489501953
-8.159404754638672 12.62513542175293 -0.3847084045410156

2
29.83871078491211 -1.736928939819336 -0.4359474182128906
27.720470428466797 -1.1767253875732422 -0.41326475143432617
25.47132110595703 -0.5950736999511719 -0.409820556640625
23.14073944091797 0.10244560241699219 -0.40694427490234375
21.096588134765625 0.5797328948974609 -0.3924984931945801
18.703163146972656 1.170684814453125 -0.3905792236328125
16.250751495361328 1.863565444946289 -0.39142560958862305
14.059623718261719 2.418628692626953 -0.4078230857849121
11.682315826416016 2.9886341094970703 -0.40707969665527344
9.61556625366211 3.455232620239258 -0.41383934020996094
6.957523345947266 4.049556732177734 -0.40615129470825195
4.828697204589844 4.288093566894531 -0.4062519073486328
3.549182891845703 3.189401626586914 -0.3973722457885742
1.0610275268554688 3.882699966430664 -0.36884355545043945
-0.4944496154785156 5.066947937011719 -0.3538026809692383
-1.9013481140136719 7.243293762207031 -0.41608142852783203
-1.580810546875 9.361825942993164 -0.46892642974853516
-0.19307708740234375 10.203304290771484 -0.4807567596435547
0.5455608367919922 12.572628021240234 -0.5324358940124512
1.0080890655517578 14.798805236816406 -0.5586085319519043

2
-14.877482414245605 -14.810330390930176 0.10198259353637695
-14.417132377624512 -13.175838470458984 0.048244476318359375
-13.961624145507812 -11.402338981628418 0.025249958038330078
-13.48350715637207 -9.64093017578125 -0.009132862091064453
-13.046689987182617 -7.910231113433838 -0.04968070983886719
-12.622980117797852 -6.047079086303711 -0.09781694412231445
-12.221624374389648 -4.315803527832031 -0.14651107788085938
-11.730663299560547 -2.696096420288086 -0.2150411605834961
-11.559844970703125 -0.6941127777099609 -0.25275611877441406
-12.431217193603516 0.6470403671264648 -0.3026285171508789
-14.183086395263672 1.3757801055908203 -0.3199338912963867
-16.030311584472656 1.878021240234375 -0.29932641983032227
-17.65057373046875 2.2410335540771484 -0.2998175621032715
-19.445796966552734 2.6821937561035156 -0.3114938735961914
-21.126026153564453 3.119304656982422 -0.31417274475097656
-22.957834243774414 3.5691566467285156 -0.3163142204284668
-24.61347007751465 3.980195999145508 -0.3251199722290039
-26.279945373535156 4.302192687988281 -0.3214120864868164
-28.07016944885254 4.703405380249023 -0.32999324798583984
-29.76637077331543 4.990756988525391 -0.29657888412475586

1
-11.849641799926758 -1.4187736511230469 -0.2553586959838867
-11.303462982177734 0.31339073181152344 -0.26273298263549805
-10.890192031860352 2.0727615356445312 -0.29120349884033203
-10.382802963256836 3.7906627655029297 -0.311460018157959
-9.948570251464844 5.497089385986328 -0.33229494094848633
-9.472908020019531 7.257425308227539 -0.36127614974975586
-8.981685638427734 8.923439025878906 -0.40999317169189453
-8.601505279541016 10.604839324951172 -0.42731571197509766
-9.495508193969727 11.236108779907227 -0.3933892250061035
-11.370489120483398 11.29231071472168 -0.31823015213012695
-13.31397819519043 11.33381462097168 -0.24524402618408203
-13.734661102294922 9.854080200195312 -0.23533201217651367
-14.203591346740723 7.939521789550781 -0.2333836555480957
-14.654206275939941 6.131227493286133 -0.2292008399963379
-15.096370697021484 4.418832778930664 -0.21547174453735352
-15.611666679382324 2.6595287322998047 -0.2062206268310547
-16.011363983154297 1.0145950317382812 -0.1863698959350586
-15.083022117614746 -0.12729454040527344 -0.17853975296020508
-13.373579025268555 -0.8520336151123047 -0.1973743438720703
-11.75677490234375 -1.376307487487793 -0.24729156494140625

2
-7.5266571044921875 14.803321838378906 -0.44406700134277344
-7.861745834350586 13.41436767578125 -0.43064451217651367
-8.183612823486328 12.023487091064453 -0.4184913635253906
-8.569293975830078 10.69998550415039 -0.4090580940246582
-9.265352249145508 9.287374496459961 -0.40241146087646484
-10.721857070922852 8.645505905151367 -0.390444278717041
-11.884576797485352 8.656972885131836 -0.377777099609375
-13.43411636352539 9.057462692260742 -0.3636336326599121
-14.796060562133789 9.46548080444336 -0.3671092987060547
-16.167678833007812 9.860214233398438 -0.38068103790283203
-17.461360931396484 10.24026870727539 -0.39504384994506836
-18.90987205505371 10.636646270751953 -0.39670324325561523
-20.403379440307617 11.02962875366211 -0.41570186614990234
-21.866390228271484 11.434150695800781 -0.4211697578430176
-23.290023803710938 11.814531326293945 -0.42398881912231445
-24.591053009033203 12.166736602783203 -0.4197964668273926
-25.846529006958008 12.526123046875 -0.4264497756958008
-27.26374053955078 12.915929794311523 -0.43227672576904297
-28.523292541503906 13.270578384399414 -0.42637062072753906
-29.69236183166504 13.59022331237793 -0.42315101623535156

2
29.879810333251953 -9.475772857666016 -0.24115943908691406
27.666351318359375 -9.054936408996582 -0.23605060577392578
25.309356689453125 -8.462217330932617 -0.22921037673950195
22.83484649658203 -7.835262775421143 -0.24235773086547852
20.412296295166016 -7.267026901245117 -0.24228715896606445
18.080711364746094 -6.67838191986084 -0.24971961975097656
15.681449890136719 -6.070000648498535 -0.24663591384887695
13.426937103271484 -5.524950981140137 -0.25673818588256836
10.975288391113281 -4.873388290405273 -0.2657313346862793
8.760078430175781 -4.305370330810547 -0.2833857536315918
6.41650390625 -3.6750106811523438 -0.2926197052001953
4.032585144042969 -3.07271671295166 -0.2977776527404785
1.7024879455566406 -2.4232025146484375 -0.30747127532958984
-0.7839298248291016 -2.0973291397094727 -0.3016214370727539
-3.01458740234375 -3.071967124938965 -0.23902463912963867
-3.9397411346435547 -5.2877044677734375 -0.18289995193481445
-4.5125579833984375 -7.750336170196533 -0.09476947784423828
-5.039390563964844 -10.149518966674805 -0.017091751098632812
-5.683868408203125 -12.463043212890625 0.05235433578491211
-6.2128143310546875 -14.799690246582031 0.11890554428100586

1
-13.505456924438477 -5.101258277893066 -0.026778221130371094
-11.927896499633789 -5.529375076293945 -0.02478790283203125
-10.29469108581543 -5.882480621337891 -0.031024456024169922
-8.833402633666992 -6.267495155334473 -0.03690958023071289
-7.17454719543457 -6.676918029785156 -0.03465986251831055
-5.6987152099609375 -7.033915042877197 -0.03383016586303711
-4.170772552490234 -7.369083881378174 -0.04261207580566406
-3.104755401611328 -6.655605316162109 -0.07313823699951172
-2.528566360473633 -5.097289085388184 -0.1353440284729004
-1.9287147521972656 -3.705075263977051 -0.19624710083007812
-2.7983150482177734 -2.9248390197753906 -0.20889997482299805
-4.412317276000977 -2.5638198852539062 -0.2090282440185547
-5.959312438964844 -2.2176876068115234 -0.21358633041381836
-7.512998580932617 -1.7782392501831055 -0.21372556686401367
-9.118021011352539 -1.410201072692871 -0.21459293365478516
-10.668237686157227 -0.9587059020996094 -0.21397018432617188
-12.356010437011719 -0.5866355895996094 -0.21466922760009766
-12.77310562133789 -2.146670341491699 -0.15676259994506836
-13.114707946777344 -3.618562698364258 -0.10613250732421875
-13.474287033081055 -5.216610908508301 -0.024663448333740234

0
-16.60051727294922 5.635492324829102 -0.34624195098876953
-17.319738388061523 5.82159423828125 -0.3522677421569824
-18.039653778076172 5.997585296630859 -0.3549027442932129
-18.8407039642334 6.201683044433594 -0.35660266876220703
-19.458187103271484 6.387655258178711 -0.3657536506652832
-20.109270095825195 6.5697021484375 -0.36505651473999023
-20.88206672668457 6.748188018798828 -0.36753416061401367
-21.726253509521484 6.940387725830078 -0.3708362579345703
-22.347410202026367 7.111730575561523 -0.37911510467529297
-23.07127571105957 7.26942253112793 -0.376070499420166
-23.749553680419922 7.467073440551758 -0.3800215721130371
-24.43885040283203 7.617603302001953 -0.3824043273925781
-25.310035705566406 7.793701171875 -0.38014745712280273
-25.969446182250977 7.989765167236328 -0.38957738876342773
-26.638072967529297 8.152177810668945 -0.40631771087646484
-27.322065353393555 8.346420288085938 -0.41242074966430664
-28.042451858520508 8.506546020507812 -0.4217991828918457
-28.663665771484375 8.661977767944336 -0.41587257385253906
-29.33601951599121 8.809673309326172 -0.4168853759765625
-29.95830726623535 8.979772567749023 -0.42702770233154297

1
-0.2321624755859375 5.9868927001953125 -0.32581043243408203
-0.5422725677490234 4.519384384155273 -0.29528188705444336
-0.9926128387451172 3.093111038208008 -0.29581117630004883
-1.368621826171875 1.7091999053955078 -0.2681264877319336
-1.731027603149414 0.23269271850585938 -0.24702024459838867
-2.1536407470703125 -1.268233299255371 -0.22761058807373047
-2.6113338470458984 -2.6464385986328125 -0.20428466796875
-2.6612606048583984 -3.97304630279541 -0.17595148086547852
-1.1759796142578125 -3.8936595916748047 -0.1687760353088379
0.19000816345214844 -3.813091278076172 -0.17834997177124023
1.653656005859375 -3.7982444763183594 -0.20006942749023438
2.452442169189453 -2.7869558334350586 -0.21364688873291016
2.896923065185547 -1.3185434341430664 -0.2400069236755371
3.1300888061523438 0.08146953582763672 -0.284604549407959
3.4655227661132812 1.5288047790527344 -0.32347869873046875
3.978729248046875 3.036151885986328 -0.35701417922973633
3.9330520629882812 4.3665924072265625 -0.3759932518005371
2.7425003051757812 4.784337997436523 -0.3669261932373047
1.340606689453125 5.3336639404296875 -0.3528614044189453
-0.1886138916015625 5.998952865600586 -0.34499120712280273

