1
-8.857614517211914 12.452062606811523 -0.34195804595947266
-9.883598327636719 11.230209350585938 -0.333707332611084
-11.076986312866211 10.053905487060547 -0.32661914825439453
-12.213630676269531 8.851728439331055 -0.318479061126709
-11.292781829833984 8.153079986572266 -0.32128095626831055
-9.794261932373047 7.856071472167969 -0.323453426361084
-8.19416618347168 7.460418701171875 -0.32639360427856445
-6.774797439575195 7.163694381713867 -0.3113718032836914
-5.090795516967773 6.822757720947266 -0.3222341537475586
-3.441791534423828 6.373849868774414 -0.3340768814086914
-1.842926025390625 6.121541976928711 -0.33664798736572266
-0.7611923217773438 6.606220245361328 -0.35439252853393555
-0.5711174011230469 8.299703598022461 -0.3901023864746094
-0.21033668518066406 9.880472183227539 -0.4187784194946289
-0.8052501678466797 10.66872787475586 -0.41347360610961914
-2.4094409942626953 11.064922332763672 -0.3905010223388672
-4.122241973876953 11.410144805908203 -0.393247127532959
-5.4932403564453125 11.675487518310547 -0.375551700592041
-7.225399017333984 12.068946838378906 -0.3654489517211914
-8.842079162597656 12.372663497924805 -0.3548398017883301

2
29.829757690429688 -0.8659963607788086 -0.46613025665283203
27.606678009033203 -0.39647388458251953 -0.43712425231933594
25.22826385498047 0.15209007263183594 -0.44609594345092773
23.018451690673828 0.6381282806396484 -0.4375147819519043
20.81781005859375 1.1503162384033203 -0.4251260757446289
18.425819396972656 1.7205848693847656 -0.4084043502807617
15.930255889892578 2.3298492431640625 -0.4212794303894043
13.690383911132812 2.8034610748291016 -0.42903995513916016
11.341976165771484 3.3183860778808594 -0.4235038757324219
9.181510925292969 3.7459278106689453 -0.4212775230407715
6.7362518310546875 4.211368560791016 -0.4075784683227539
4.5072174072265625 4.455619812011719 -0.4069366455078125
3.230438232421875 3.330923080444336 -0.4007105827331543
0.7642898559570312 3.835256576538086 -0.3612837791442871
-0.9530487060546875 5.05314826965332 -0.3426022529602051
-2.494464874267578 7.153408050537109 -0.4025459289550781
-2.255918502807617 9.370428085327148 -0.4554929733276367
-0.834014892578125 10.279121398925781 -0.4598727226257324
-0.2731914520263672 12.540960311889648 -0.5174436569213867
0.2055206298828125 14.791641235351562 -0.542870044708252

2
-8.321256637573242 14.799560546875 -0.4140663146972656
-8.483713150024414 13.428768157958984 -0.3961806297302246
-8.74981689453125 12.095695495605469 -0.38023805618286133
-9.100309371948242 10.672063827514648 -0.37348413467407227
-9.747842788696289 9.237712860107422 -0.36654090881347656
-10.959033966064453 8.369388580322266 -0.35993337631225586
-12.150287628173828 8.29751968383789 -0.3532381057739258
-13.78537368774414 8.511209487915039 -0.326138973236084
-15.037236213684082 8.812482833862305 -0.3243069648742676
-16.316951751708984 9.170707702636719 -0.319277286529541
-17.54854965209961 9.499805450439453 -0.32494449615478516
-18.956626892089844 9.841789245605469 -0.3268904685974121
-20.3437442779541 10.178474426269531 -0.3399190902709961
-21.780242919921875 10.476461410522461 -0.33707284927368164
-23.230104446411133 10.824682235717773 -0.3318643569946289
-24.47892189025879 11.156822204589844 -0.31949853897094727
-25.78235626220703 11.454181671142578 -0.32506752014160156
-27.146820068359375 11.766725540161133 -0.3237876892089844
-28.52753448486328 12.072519302368164 -0.3187084197998047
-29.767841339111328 12.409854888916016 -0.32249927520751953

2
-14.649907112121582 -14.807100296020508 0.1159672737121582
-14.191936492919922 -13.188215255737305 0.06306600570678711
-13.859867095947266 -11.473950386047363 0.03126096725463867
-13.457941055297852 -9.761787414550781 -0.00565338134765625
-13.095281600952148 -8.098594665527344 -0.044126033782958984
-12.761861801147461 -6.220432281494141 -0.0838623046875
-12.450040817260742 -4.536147117614746 -0.12788629531860352
-12.071205139160156 -2.956599235534668 -0.18962621688842773
-12.014486312866211 -1.08544921875 -0.22276020050048828
-12.932720184326172 0.23757362365722656 -0.27005434036254883
-14.597024917602539 0.8735761642456055 -0.2842679023742676
-16.273012161254883 1.2739486694335938 -0.2676396369934082
-18.004024505615234 1.5667724609375 -0.25059080123901367
-19.679183959960938 1.9483776092529297 -0.25628042221069336
-21.331941604614258 2.298391342163086 -0.25350332260131836
-23.130657196044922 2.7284393310546875 -0.2439560890197754
-24.756826400756836 3.0739192962646484 -0.2513899803161621
-26.403995513916016 3.4279823303222656 -0.24556541442871094
-28.11436653137207 3.836366653442383 -0.2393350601196289
-29.77202033996582 4.0101165771484375 -0.2138371467590332

2
29.88573455810547 -8.50821304321289 -0.30263614654541016
27.61020278930664 -8.157442092895508 -0.29412317276000977
25.214160919189453 -7.69767427444458 -0.2828545570373535
22.841110229492188 -7.204540252685547 -0.28934669494628906
20.376373291015625 -6.678128242492676 -0.29300355911254883
18.09018325805664 -6.124321937561035 -0.2970285415649414
15.604324340820312 -5.574947357177734 -0.286074161529541
13.38919448852539 -5.087799072265625 -0.29057741165161133
10.892719268798828 -4.568387985229492 -0.2895622253417969
8.607322692871094 -4.057291030883789 -0.30649757385253906
6.306404113769531 -3.525406837463379 -0.30315256118774414
3.897216796875 -3.005557060241699 -0.3039875030517578
1.552408218383789 -2.4620590209960938 -0.3036923408508301
-0.9434452056884766 -2.126932144165039 -0.3037757873535156
-3.1644668579101562 -3.047191619873047 -0.2375798225402832
-4.145732879638672 -5.231531143188477 -0.18378877639770508
-4.594017028808594 -7.6746110916137695 -0.09404325485229492
-5.04774284362793 -10.16219711303711 -0.013067245483398438
-5.635438919067383 -12.481511116027832 0.058129310607910156
-6.056312561035156 -14.805580139160156 0.12279987335205078

1
-13.758464813232422 -5.5804033279418945 -0.004873752593994141
-12.205848693847656 -5.9694013595581055 -0.0037736892700195312
-10.545206069946289 -6.240497589111328 -0.012331485748291016
-9.086055755615234 -6.568973541259766 -0.02188396453857422
-7.408235549926758 -6.914914131164551 -0.022366046905517578
-5.798563003540039 -7.23880672454834 -0.02179574966430664
-4.325397491455078 -7.516858100891113 -0.03139019012451172
-3.3056411743164062 -6.808683395385742 -0.06422710418701172
-2.7607460021972656 -5.206154823303223 -0.12399053573608398
-2.1162261962890625 -3.7561302185058594 -0.1840357780456543
-3.0543460845947266 -3.0452804565429688 -0.19518041610717773
-4.663753509521484 -2.731325149536133 -0.19615888595581055
-6.279863357543945 -2.4213571548461914 -0.19986438751220703
-7.785589218139648 -2.0392580032348633 -0.1943659782409668
-9.369007110595703 -1.7698593139648438 -0.19435882568359375
-10.975162506103516 -1.3766717910766602 -0.19020509719848633
-12.666269302368164 -1.0275449752807617 -0.1906423568725586
-13.070201873779297 -2.4610109329223633 -0.13245010375976562
-13.411876678466797 -4.043218612670898 -0.08189821243286133
-13.748903274536133 -5.681818962097168 -0.0103759765625

1
-12.172409057617188 -1.7908029556274414 -0.23647451400756836
-11.72492790222168 0.02312946319580078 -0.2337055206298828
-11.320995330810547 1.690774917602539 -0.26473140716552734
-10.910877227783203 3.452686309814453 -0.2789177894592285
-10.525615692138672 5.167055130004883 -0.291109561920166
-10.049600601196289 6.905872344970703 -0.3216133117675781
-9.676694869995117 8.714120864868164 -0.3690485954284668
-9.371442794799805 10.387126922607422 -0.3805398941040039
-10.322689056396484 10.877571105957031 -0.32774877548217773
-12.28387451171875 10.872146606445312 -0.24851274490356445
-14.082067489624023 10.820745468139648 -0.1789999008178711
-14.475699424743652 9.350065231323242 -0.17969179153442383
-14.778240203857422 7.529378890991211 -0.1716012954711914
-15.253226280212402 5.581369400024414 -0.17160749435424805
-15.710062026977539 3.855794906616211 -0.16291570663452148
-15.968162536621094 2.1240711212158203 -0.15546417236328125
-16.501222610473633 0.4370088577270508 -0.1402735710144043
-15.430065155029297 -0.670924186706543 -0.14789819717407227
-13.744142532348633 -1.312570571899414 -0.17454957962036133
-12.177928924560547 -1.7696046829223633 -0.228790283203125

0
-17.108306884765625 5.056430816650391 -0.29457569122314453
-17.88370132446289 5.237142562866211 -0.29808616638183594
-18.57684326171875 5.405008316040039 -0.30136823654174805
-19.337505340576172 5.545019149780273 -0.2985115051269531
-19.945262908935547 5.701570510864258 -0.3037281036376953
-20.61479949951172 5.868093490600586 -0.30693721771240234
-21.363178253173828 5.986452102661133 -0.30910634994506836
-22.068090438842773 6.121763229370117 -0.3063488006591797
-22.61281967163086 6.267423629760742 -0.30889892578125
-23.267553329467773 6.4416656494140625 -0.30885982513427734
-24.009361267089844 6.631551742553711 -0.31517839431762695
-24.645774841308594 6.74969482421875 -0.3161807060241699
-25.509376525878906 6.954837799072266 -0.3095107078552246
-26.111488342285156 7.051044464111328 -0.31568384170532227
-26.71623992919922 7.175474166870117 -0.31620264053344727
-27.40245819091797 7.315891265869141 -0.3073463439941406
-28.093671798706055 7.479175567626953 -0.3072214126586914
-28.72380256652832 7.590791702270508 -0.3079667091369629
-29.367469787597656 7.731224060058594 -0.31490421295166016
-29.96858024597168 7.8868408203125 -0.31999635696411133

1
-0.7218151092529297 5.967153549194336 -0.30988264083862305
-0.9088096618652344 4.536684036254883 -0.2840876579284668
-1.3608055114746094 3.058134078979492 -0.27649497985839844
-1.7790298461914062 1.6590232849121094 -0.25870370864868164
-2.0838546752929688 0.2286548614501953 -0.23316717147827148
-2.4682140350341797 -1.2919502258300781 -0.21271276473999023
-2.947908401489258 -2.703540802001953 -0.1897563934326172
-2.9492416381835938 -4.059235572814941 -0.16650962829589844
-1.504983901977539 -3.9614086151123047 -0.16196107864379883
-0.17445945739746094 -3.826643943786621 -0.17145442962646484
1.4128665924072266 -3.767502784729004 -0.19011545181274414
2.214160919189453 -2.6648330688476562 -0.2073516845703125
2.5310287475585938 -1.2462701797485352 -0.23640012741088867
2.7747039794921875 0.16736984252929688 -0.2776622772216797
3.0950698852539062 1.6679229736328125 -0.315277099609375
3.515308380126953 3.142293930053711 -0.35550594329833984
3.4484710693359375 4.537519454956055 -0.3744649887084961
2.297454833984375 4.834306716918945 -0.35397863388061523
0.8789558410644531 5.421939849853516 -0.3401646614074707
-0.6508712768554688 5.981168746948242 -0.3293595314025879

