1
-9.558391571044922 12.164436340332031 -0.26833486557006836
-10.61507797241211 10.939704895019531 -0.26137828826904297
-11.76259994506836 9.643234252929688 -0.26624059677124023
-12.968473434448242 8.452844619750977 -0.259249210357666
-11.922725677490234 7.774686813354492 -0.2672462463378906
-10.167003631591797 7.545677185058594 -0.2750091552734375
-8.662940979003906 7.190530776977539 -0.2856926918029785
-7.273220062255859 6.934637069702148 -0.27359580993652344
-5.668806076049805 6.609090805053711 -0.2817268371582031
-4.045116424560547 6.225561141967773 -0.291837215423584
-2.575410842895508 6.062351226806641 -0.2929835319519043
-1.4002113342285156 6.623725891113281 -0.30963134765625
-1.178253173828125 8.286188125610352 -0.33147430419921875
-0.8032093048095703 9.866008758544922 -0.3525848388671875
-1.5561809539794922 10.6070556640625 -0.35225391387939453
-3.188570022583008 10.970722198486328 -0.32487916946411133
-4.877941131591797 11.237735748291016 -0.314359188079834
-6.241981506347656 11.47859001159668 -0.3014960289001465
-7.94512939453125 11.770589828491211 -0.29168272018432617
-9.598676681518555 12.075454711914062 -0.28762054443359375

2
-14.406793594360352 -14.805917739868164 0.09273433685302734
-14.060860633850098 -13.208690643310547 0.040476322174072266
-13.800226211547852 -11.550655364990234 0.010143280029296875
-13.474403381347656 -9.816043853759766 -0.022530555725097656
-13.165462493896484 -8.260437965393066 -0.0553126335144043
-12.862478256225586 -6.438465118408203 -0.08311939239501953
-12.627447128295898 -4.820998191833496 -0.1246185302734375
-12.254581451416016 -3.176881790161133 -0.17763280868530273
-12.309375762939453 -1.4673070907592773 -0.20540380477905273
-13.316207885742188 -0.11643218994140625 -0.24981260299682617
-14.95159912109375 0.4487266540527344 -0.2615995407104492
-16.559593200683594 0.8201608657836914 -0.24071788787841797
-18.232385635375977 1.0679473876953125 -0.21106672286987305
-19.905567169189453 1.3693790435791016 -0.20243501663208008
-21.527082443237305 1.6395416259765625 -0.20064401626586914
-23.276203155517578 1.9106636047363281 -0.18613338470458984
-24.854843139648438 2.1887550354003906 -0.1876993179321289
-26.461732864379883 2.4649887084960938 -0.1673126220703125
-28.16979217529297 2.8529605865478516 -0.1741786003112793
-29.7795352935791 3.0966434478759766 -0.14975976943969727

2
-9.03750228881836 14.805425643920898 -0.34316539764404297
-9.18836784362793 13.45802116394043 -0.31484317779541016
-9.402334213256836 12.037773132324219 -0.3042740821838379
-9.717586517333984 10.611604690551758 -0.312802791595459
-10.200271606445312 9.285789489746094 -0.312774658203125
-11.247806549072266 8.266315460205078 -0.3083009719848633
-12.474163055419922 7.950752258300781 -0.29613780975341797
-13.879684448242188 8.039186477661133 -0.2656712532043457
-15.260740280151367 8.319894790649414 -0.24687480926513672
-16.440143585205078 8.570924758911133 -0.24032878875732422
-17.590574264526367 8.856071472167969 -0.24463224411010742
-19.083812713623047 9.131536483764648 -0.24223089218139648
-20.405662536621094 9.371763229370117 -0.24744939804077148
-21.780895233154297 9.652862548828125 -0.24533510208129883
-23.169048309326172 9.987300872802734 -0.23418092727661133
-24.41220474243164 10.256052017211914 -0.21870994567871094
-25.771759033203125 10.521915435791016 -0.22156715393066406
-27.072589874267578 10.817665100097656 -0.2031388282775879
-28.529115676879883 11.068136215209961 -0.19831609725952148
-29.811416625976562 11.374038696289062 -0.19994544982910156

2
29.841873168945312 0.03453636169433594 -0.5360803604125977
27.530838012695312 0.40691089630126953 -0.49815845489501953
25.068260192871094 0.8693294525146484 -0.4828605651855469
22.757789611816406 1.2979164123535156 -0.47087907791137695
20.550968170166016 1.7828235626220703 -0.44655418395996094
18.05411148071289 2.3208656311035156 -0.43749141693115234
15.761127471923828 2.8168067932128906 -0.4353299140930176
13.470760345458984 3.2032737731933594 -0.43071508407592773
11.124069213867188 3.600250244140625 -0.41913938522338867
8.794898986816406 4.003320693969727 -0.40752601623535156
6.327110290527344 4.446872711181641 -0.39841556549072266
4.184253692626953 4.589408874511719 -0.39006662368774414
2.8362274169921875 3.358774185180664 -0.3862733840942383
0.23865509033203125 3.861328125 -0.33494091033935547
-1.5473766326904297 4.910818099975586 -0.3081340789794922
-3.109285354614258 6.930881500244141 -0.35888147354125977
-2.9460411071777344 9.249292373657227 -0.41295671463012695
-1.46142578125 10.158548355102539 -0.4008007049560547
-0.8946628570556641 12.553010940551758 -0.4449295997619629
-0.4825019836425781 14.805442810058594 -0.4744386672973633

1
-12.392704010009766 -2.258920669555664 -0.20914220809936523
-12.064008712768555 -0.41497135162353516 -0.21265649795532227
-11.79008674621582 1.3385810852050781 -0.2386922836303711
-11.42835807800293 3.013376235961914 -0.24053192138671875
-11.008331298828125 4.768522262573242 -0.23936891555786133
-10.749561309814453 6.46489143371582 -0.2634010314941406
-10.246051788330078 8.25722885131836 -0.29803037643432617
-10.033279418945312 10.083549499511719 -0.3049473762512207
-11.03890609741211 10.610214233398438 -0.25008249282836914
-12.9365234375 10.426555633544922 -0.17162656784057617
-14.734926223754883 10.393320083618164 -0.13080215454101562
-14.997716903686523 8.793657302856445 -0.11982011795043945
-15.428104400634766 6.993614196777344 -0.11647939682006836
-15.734782218933105 5.144752502441406 -0.121307373046875
-16.10816192626953 3.4025707244873047 -0.1245875358581543
-16.462535858154297 1.6006622314453125 -0.11477279663085938
-16.782642364501953 -0.09449195861816406 -0.10563135147094727
-15.742164611816406 -1.1192092895507812 -0.1207118034362793
-14.061389923095703 -1.7714910507202148 -0.14291095733642578
-12.359989166259766 -2.1997880935668945 -0.19690608978271484

2
29.878890991210938 -7.676089286804199 -0.427340030670166
27.543258666992188 -7.331649303436279 -0.40395259857177734
25.177188873291016 -6.878061294555664 -0.3813161849975586
22.75387954711914 -6.430379867553711 -0.37816858291625977
20.282188415527344 -5.984946250915527 -0.3715214729309082
18.0257568359375 -5.581263542175293 -0.3609633445739746
15.51449966430664 -5.08837890625 -0.34516286849975586
13.274913787841797 -4.670825004577637 -0.33356523513793945
10.833770751953125 -4.227869033813477 -0.3245081901550293
8.414764404296875 -3.773320198059082 -0.33472347259521484
6.154094696044922 -3.3484392166137695 -0.321169376373291
3.7558670043945312 -2.9248971939086914 -0.3143148422241211
1.3243026733398438 -2.47592830657959 -0.30750370025634766
-1.0889244079589844 -2.150867462158203 -0.3093533515930176
-3.2929725646972656 -3.0509424209594727 -0.23684453964233398
-4.3137054443359375 -5.190700531005859 -0.18574047088623047
-4.652442932128906 -7.648609638214111 -0.10789823532104492
-5.06279182434082 -10.156044960021973 -0.02853870391845703
-5.585962295532227 -12.463333129882812 0.041562557220458984
-5.941658020019531 -14.810713768005371 0.10145282745361328

1
-13.923839569091797 -6.0035200119018555 0.0035185813903808594
-12.340291976928711 -6.346991539001465 0.002788543701171875
-10.728750228881836 -6.586578369140625 -0.0037436485290527344
-9.199119567871094 -6.859134674072266 -0.01797342300415039
-7.5682373046875 -7.1316680908203125 -0.02379608154296875
-5.930839538574219 -7.423365592956543 -0.023437023162841797
-4.446006774902344 -7.663529872894287 -0.030391216278076172
-3.451934814453125 -6.948479652404785 -0.06274700164794922
-2.9918880462646484 -5.322081565856934 -0.11946773529052734
-2.347494125366211 -3.8348941802978516 -0.1786642074584961
-3.3287220001220703 -3.1516332626342773 -0.18686342239379883
-4.906764984130859 -2.890146255493164 -0.18721246719360352
-6.520940780639648 -2.630575180053711 -0.18695354461669922
-8.096963882446289 -2.33001708984375 -0.17602920532226562
-9.608993530273438 -2.1162290573120117 -0.17603826522827148
-11.188426971435547 -1.8081293106079102 -0.17294883728027344
-12.927925109863281 -1.477437973022461 -0.1633005142211914
-13.236246109008789 -2.9098501205444336 -0.11020660400390625
-13.650581359863281 -4.491542816162109 -0.0604248046875
-13.935935974121094 -6.070385932922363 -0.003318309783935547

0
-17.632993698120117 4.472721099853516 -0.23605585098266602
-18.32651138305664 4.633859634399414 -0.23620939254760742
-18.938739776611328 4.777065277099609 -0.2316269874572754
-19.785663604736328 4.913249969482422 -0.22426319122314453
-20.382572174072266 5.062063217163086 -0.22049236297607422
-21.140169143676758 5.226177215576172 -0.2229471206665039
-21.818885803222656 5.338659286499023 -0.2205343246459961
-22.352317810058594 5.403148651123047 -0.21496915817260742
-22.985958099365234 5.531320571899414 -0.2236485481262207
-23.7108211517334 5.675666809082031 -0.22565031051635742
-24.242088317871094 5.77197265625 -0.22385168075561523
-24.908775329589844 5.918849945068359 -0.22552728652954102
-25.6072998046875 6.022777557373047 -0.21595048904418945
-26.20175552368164 6.142496109008789 -0.22271490097045898
-26.741161346435547 6.251369476318359 -0.2247772216796875
-27.44059944152832 6.377178192138672 -0.22481918334960938
-28.11044692993164 6.52424430847168 -0.2310953140258789
-28.719697952270508 6.653848648071289 -0.22402667999267578
-29.403884887695312 6.759174346923828 -0.22339582443237305
-29.981115341186523 6.866605758666992 -0.21811199188232422

1
-1.3895206451416016 5.96320915222168 -0.2887539863586426
-1.65631103515625 4.534868240356445 -0.27271318435668945
-1.9238414764404297 3.0189132690429688 -0.2518463134765625
-2.130002975463867 1.5934734344482422 -0.2359476089477539
-2.5339317321777344 0.14742279052734375 -0.21570301055908203
-2.830272674560547 -1.40325927734375 -0.19950294494628906
-3.223318099975586 -2.787116050720215 -0.18109416961669922
-3.2584171295166016 -4.171587944030762 -0.16515874862670898
-1.7793464660644531 -4.020045280456543 -0.15918254852294922
-0.4223365783691406 -3.831829071044922 -0.1710205078125
1.1533317565917969 -3.688901901245117 -0.1936931610107422
1.9443588256835938 -2.5971384048461914 -0.21267223358154297
2.2033233642578125 -1.2226829528808594 -0.23717164993286133
2.4292068481445312 0.25040245056152344 -0.27086591720581055
2.7076034545898438 1.7340145111083984 -0.29393911361694336
2.9856910705566406 3.243562698364258 -0.3291587829589844
2.879283905029297 4.565895080566406 -0.35100364685058594
1.6960182189941406 4.943328857421875 -0.3310556411743164
0.2682781219482422 5.489431381225586 -0.3175840377807617
-1.2949657440185547 5.984960556030273 -0.3007183074951172

