1
-10.354000091552734 11.866449356079102 -0.25000429153442383
-11.401865005493164 10.61435317993164 -0.2485041618347168
-12.429641723632812 9.325689315795898 -0.2582097053527832
-13.584758758544922 8.06307601928711 -0.24863862991333008
-12.735551834106445 7.443151473999023 -0.26037073135375977
-10.805852890014648 7.239828109741211 -0.2661447525024414
-9.182106018066406 6.915798187255859 -0.2763843536376953
-7.768915176391602 6.715848922729492 -0.2660384178161621
-6.23602294921875 6.387971878051758 -0.2738204002380371
-4.623861312866211 6.102006912231445 -0.2803359031677246
-3.0784378051757812 5.954032897949219 -0.28371572494506836
-1.9918537139892578 6.592950820922852 -0.29430246353149414
-1.7827682495117188 8.24459457397461 -0.3221292495727539
-1.4685287475585938 9.841266632080078 -0.343355655670166
-2.2698707580566406 10.56950569152832 -0.33942079544067383
-3.9283084869384766 10.900184631347656 -0.3184823989868164
-5.5851898193359375 11.129268646240234 -0.3018331527709961
-6.948467254638672 11.29578971862793 -0.29076719284057617
-8.606925964355469 11.52426528930664 -0.28099870681762695
-10.322732925415039 11.777666091918945 -0.27422523498535156

2
-14.364319801330566 -14.806300163269043 0.07517480850219727
-14.04185962677002 -13.233394622802734 0.024570941925048828
-13.799734115600586 -11.632415771484375 -0.007587432861328125
-13.523065567016602 -9.92698860168457 -0.03551292419433594
-13.270635604858398 -8.44534683227539 -0.06268310546875
-13.003093719482422 -6.66843318939209 -0.09132766723632812
-12.857135772705078 -5.109148025512695 -0.12951993942260742
-12.567211151123047 -3.479585647583008 -0.17950677871704102
-12.679113388061523 -1.8654365539550781 -0.20401382446289062
-13.70687484741211 -0.574732780456543 -0.24498987197875977
-15.306236267089844 -0.023181915283203125 -0.2538156509399414
-16.847448348999023 0.28760242462158203 -0.23609685897827148
-18.472335815429688 0.4945402145385742 -0.2095203399658203
-20.11256217956543 0.7619533538818359 -0.19277715682983398
-21.755355834960938 0.9878664016723633 -0.19020462036132812
-23.436580657958984 1.2391109466552734 -0.17804479598999023
-24.943811416625977 1.422220230102539 -0.17828655242919922
-26.49213981628418 1.7301063537597656 -0.1643991470336914
-28.18577766418457 1.989755630493164 -0.16789722442626953
-29.78897476196289 2.169282913208008 -0.15315628051757812

2
-9.690326690673828 14.807748794555664 -0.33487796783447266
-9.891691207885742 13.509952545166016 -0.31122922897338867
-10.073760986328125 12.134632110595703 -0.29947710037231445
-10.324737548828125 10.745054244995117 -0.30604124069213867
-10.74996566772461 9.339195251464844 -0.3132658004760742
-11.497074127197266 8.266752243041992 -0.3047924041748047
-12.801387786865234 7.645605087280273 -0.29329538345336914
-14.121621131896973 7.579092025756836 -0.2693915367126465
-15.454588890075684 7.797098159790039 -0.24697494506835938
-16.620193481445312 7.9768524169921875 -0.2388925552368164
-17.803131103515625 8.211942672729492 -0.24081945419311523
-19.345714569091797 8.497795104980469 -0.2399139404296875
-20.549259185791016 8.691900253295898 -0.24604034423828125
-21.81123161315918 8.926803588867188 -0.23839616775512695
-23.278945922851562 9.155773162841797 -0.22899532318115234
-24.495328903198242 9.369306564331055 -0.20827865600585938
-25.876075744628906 9.627042770385742 -0.2045888900756836
-27.148841857910156 9.869619369506836 -0.1967906951904297
-28.559852600097656 10.079185485839844 -0.1918940544128418
-29.84128189086914 10.42657470703125 -0.18266057968139648

2
29.87360382080078 -6.758201599121094 -0.43233489990234375
27.537967681884766 -6.473843574523926 -0.4058361053466797
25.133270263671875 -6.214875221252441 -0.38650035858154297
22.711387634277344 -5.834427833557129 -0.3780684471130371
20.344589233398438 -5.478524208068848 -0.37384557723999023
17.961742401123047 -5.109786033630371 -0.3649568557739258
15.555988311767578 -4.736584663391113 -0.3500180244445801
13.216384887695312 -4.379664421081543 -0.33536481857299805
10.795989990234375 -3.9893598556518555 -0.3226590156555176
8.312061309814453 -3.5908193588256836 -0.3323054313659668
6.056377410888672 -3.2337045669555664 -0.318878173828125
3.6571578979492188 -2.8733997344970703 -0.31362104415893555
1.2117900848388672 -2.4692087173461914 -0.3070030212402344
-1.2484703063964844 -2.159250259399414 -0.3079800605773926
-3.419527053833008 -3.031496047973633 -0.2344655990600586
-4.457448959350586 -5.18476676940918 -0.18745708465576172
-4.78083610534668 -7.6095967292785645 -0.11509370803833008
-5.142673492431641 -10.14426040649414 -0.03722190856933594
-5.586957931518555 -12.459297180175781 0.034792423248291016
-5.841733932495117 -14.814491271972656 0.09557628631591797

2
29.85464096069336 0.7788190841674805 -0.5123157501220703
27.447463989257812 1.1538810729980469 -0.49103355407714844
25.00574493408203 1.5629329681396484 -0.47719287872314453
22.715171813964844 1.922933578491211 -0.45392847061157227
20.37457275390625 2.359283447265625 -0.44352102279663086
17.998611450195312 2.7698917388916016 -0.4304013252258301
15.697002410888672 3.158123016357422 -0.42659997940063477
13.361316680908203 3.5448570251464844 -0.41678857803344727
10.914566040039062 3.8821029663085938 -0.40785789489746094
8.591888427734375 4.237634658813477 -0.39763450622558594
6.184356689453125 4.575542449951172 -0.3902926445007324
3.942657470703125 4.743066787719727 -0.38203859329223633
2.5599136352539062 3.762002944946289 -0.3790602684020996
0.11213493347167969 3.7267284393310547 -0.3314833641052246
-1.9180316925048828 4.73870849609375 -0.3004908561706543
-3.567575454711914 6.676807403564453 -0.34166669845581055
-3.6070823669433594 9.10689926147461 -0.3988800048828125
-2.1963424682617188 10.082113265991211 -0.3837900161743164
-1.6968879699707031 12.48043441772461 -0.43910789489746094
-1.361175537109375 14.803258895874023 -0.4576687812805176

1
-14.120147705078125 -6.452017784118652 0.0036826133728027344
-12.532424926757812 -6.720521926879883 0.006231784820556641
-10.876773834228516 -6.955595016479492 0.0005846023559570312
-9.363151550292969 -7.1303300857543945 -0.019960403442382812
-7.653354644775391 -7.348098278045654 -0.02415943145751953
-6.045984268188477 -7.567349910736084 -0.023182392120361328
-4.514904022216797 -7.773288726806641 -0.031067848205566406
-3.566619873046875 -6.972644805908203 -0.06443071365356445
-3.1210250854492188 -5.3888444900512695 -0.11844015121459961
-2.4970474243164062 -3.84566593170166 -0.1757969856262207
-3.5879440307617188 -3.232516288757324 -0.18600797653198242
-5.145851135253906 -3.02864933013916 -0.18729686737060547
-6.817028045654297 -2.822422981262207 -0.1806020736694336
-8.451862335205078 -2.5860061645507812 -0.17115306854248047
-9.935535430908203 -2.422396659851074 -0.17525243759155273
-11.570913314819336 -2.2119760513305664 -0.1661539077758789
-13.236312866210938 -1.9579887390136719 -0.1613602638244629
-13.635030746459961 -3.316408157348633 -0.11415910720825195
-13.934379577636719 -4.874939918518066 -0.057216644287109375
-14.134475708007812 -6.576068878173828 -0.0028519630432128906

1
-12.705549240112305 -2.609860420227051 -0.1994938850402832
-12.483476638793945 -0.8346500396728516 -0.2088313102722168
-12.198122024536133 0.9530801773071289 -0.23120737075805664
-11.856395721435547 2.6978187561035156 -0.2417902946472168
-11.481426239013672 4.396492004394531 -0.2361612319946289
-11.2442626953125 6.137392044067383 -0.2570772171020508
-10.878738403320312 7.943899154663086 -0.2794981002807617
-10.7535400390625 9.74593734741211 -0.2913856506347656
-11.636543273925781 10.235870361328125 -0.23940515518188477
-13.43906021118164 10.044683456420898 -0.16905593872070312
-15.290115356445312 9.911333084106445 -0.12085819244384766
-15.698053359985352 8.257421493530273 -0.1067209243774414
-15.946501731872559 6.531732559204102 -0.10900115966796875
-16.299541473388672 4.554218292236328 -0.1127934455871582
-16.617183685302734 2.920919418334961 -0.11206340789794922
-16.876869201660156 1.130575180053711 -0.10185813903808594
-17.176101684570312 -0.6102819442749023 -0.0975337028503418
-16.121479034423828 -1.5920143127441406 -0.10291528701782227
-14.418171882629395 -2.1866626739501953 -0.12804603576660156
-12.729032516479492 -2.5445079803466797 -0.18131256103515625

0
-18.057565689086914 3.9856185913085938 -0.22037410736083984
-18.778545379638672 4.129264831542969 -0.22422456741333008
-19.44549560546875 4.245754241943359 -0.2200937271118164
-20.15129852294922 4.3256683349609375 -0.21455621719360352
-20.73129653930664 4.435070037841797 -0.2091078758239746
-21.4732723236084 4.572484970092773 -0.2150421142578125
-22.097007751464844 4.6406707763671875 -0.20772838592529297
-22.662940979003906 4.706075668334961 -0.20564794540405273
-23.26329803466797 4.828985214233398 -0.20941400527954102
-23.874116897583008 4.924198150634766 -0.2086348533630371
-24.370779037475586 5.029638290405273 -0.2072916030883789
-25.017332077026367 5.117242813110352 -0.20505332946777344
-25.773178100585938 5.22950553894043 -0.19988632202148438
-26.365882873535156 5.328763961791992 -0.2015547752380371
-26.9608154296875 5.425392150878906 -0.1990032196044922
-27.62676429748535 5.498075485229492 -0.1975259780883789
-28.253591537475586 5.587287902832031 -0.20681285858154297
-28.797513961791992 5.711238861083984 -0.1994309425354004
-29.443906784057617 5.74809455871582 -0.19606971740722656
-29.980621337890625 5.856157302856445 -0.20554256439208984

1
-1.897573471069336 5.925849914550781 -0.2787299156188965
-2.125072479248047 4.470808029174805 -0.2631840705871582
-2.3705883026123047 2.9435062408447266 -0.2443404197692871
-2.568096160888672 1.5399169921875 -0.2265934944152832
-2.931882858276367 0.04092884063720703 -0.20795822143554688
-3.2306652069091797 -1.5262031555175781 -0.19694185256958008
-3.506044387817383 -2.861539840698242 -0.1812143325805664
-3.5169239044189453 -4.303699493408203 -0.16758394241333008
-2.116790771484375 -4.072334289550781 -0.1588273048400879
-0.7769126892089844 -3.8460474014282227 -0.16895818710327148
0.9157142639160156 -3.642857551574707 -0.18875551223754883
1.603586196899414 -2.536590576171875 -0.20678949356079102
1.7794876098632812 -1.1466236114501953 -0.23716115951538086
2.0295753479003906 0.3503551483154297 -0.27110958099365234
2.2334823608398438 1.8288822174072266 -0.2963266372680664
2.428173065185547 3.362955093383789 -0.3277549743652344
2.496246337890625 4.645406723022461 -0.3469228744506836
1.08465576171875 5.025884628295898 -0.3257589340209961
-0.290283203125 5.469577789306641 -0.30925989151000977
-1.8926963806152344 5.962158203125 -0.29280614852905273

