2
-14.337135314941406 -14.80627155303955 0.04170703887939453
-14.052976608276367 -13.266427040100098 -0.006041526794433594
-13.847200393676758 -11.703722953796387 -0.03627634048461914
-13.62430191040039 -10.030364990234375 -0.05697822570800781
-13.41459846496582 -8.59058952331543 -0.08014678955078125
-13.198970794677734 -6.858432769775391 -0.11155366897583008
-13.045780181884766 -5.341887474060059 -0.1483006477355957
-12.824186325073242 -3.686661720275879 -0.18990802764892578
-13.013320922851562 -2.0926647186279297 -0.21610546112060547
-14.05838394165039 -0.9332141876220703 -0.25343847274780273
-15.629919052124023 -0.4449653625488281 -0.25897884368896484
-17.116191864013672 -0.20936203002929688 -0.24327564239501953
-18.726516723632812 -0.0026988983154296875 -0.21879863739013672
-20.350034713745117 0.2597322463989258 -0.20630645751953125
-21.87310791015625 0.4092226028442383 -0.1991128921508789
-23.541667938232422 0.6475677490234375 -0.1952071189880371
-25.01193618774414 0.8212175369262695 -0.18532991409301758
-26.53612518310547 0.9478549957275391 -0.1741800308227539
-28.240684509277344 1.1704673767089844 -0.18494033813476562
-29.80086898803711 1.3351860046386719 -0.17457914352416992

1
-13.025575637817383 -2.943831443786621 -0.20609760284423828
-12.736200332641602 -1.0787506103515625 -0.2151350975036621
-12.54345703125 0.6662235260009766 -0.2344503402709961
-12.238170623779297 2.39288330078125 -0.2442169189453125
-11.85719108581543 4.091163635253906 -0.23907470703125
-11.729061126708984 5.828710556030273 -0.2511782646179199
-11.30839729309082 7.587474822998047 -0.2724900245666504
-11.238534927368164 9.442333221435547 -0.2850017547607422
-12.045564651489258 9.907047271728516 -0.23432302474975586
-14.052637100219727 9.666194915771484 -0.16388273239135742
-15.77374267578125 9.510625839233398 -0.11174535751342773
-16.094913482666016 7.767190933227539 -0.10928964614868164
-16.4184513092041 6.027557373046875 -0.10973691940307617
-16.75490951538086 4.206598281860352 -0.11300325393676758
-16.965084075927734 2.461505889892578 -0.10540628433227539
-17.165042877197266 0.6905755996704102 -0.10296201705932617
-17.531349182128906 -0.9861221313476562 -0.11383247375488281
-16.400951385498047 -1.9093923568725586 -0.11336851119995117
-14.680418014526367 -2.524174690246582 -0.1380295753479004
-13.035245895385742 -2.9386701583862305 -0.18846750259399414

2
29.862201690673828 1.561452865600586 -0.4889960289001465
27.423370361328125 1.8650875091552734 -0.47051143646240234
24.980098724365234 2.1574172973632812 -0.4506840705871582
22.643775939941406 2.4684486389160156 -0.43638181686401367
20.354061126708984 2.7816429138183594 -0.4238739013671875
17.87732696533203 3.1505603790283203 -0.4152212142944336
15.516864776611328 3.499645233154297 -0.4092836380004883
13.15958023071289 3.8286819458007812 -0.39661502838134766
10.727592468261719 4.140920639038086 -0.39276552200317383
8.240779876708984 4.450193405151367 -0.38513994216918945
5.8040924072265625 4.722269058227539 -0.3800506591796875
3.5877227783203125 4.815814971923828 -0.3732748031616211
2.113109588623047 3.6253128051757812 -0.36421680450439453
-0.2408447265625 3.686779022216797 -0.3252086639404297
-2.2647132873535156 4.565547943115234 -0.28926706314086914
-3.9990406036376953 6.447145462036133 -0.3214855194091797
-4.2392425537109375 8.96267318725586 -0.38291406631469727
-2.8531932830810547 10.03799819946289 -0.36362314224243164
-2.4573326110839844 12.456443786621094 -0.41216230392456055
-2.1160430908203125 14.804754257202148 -0.4268798828125

2
-10.416139602661133 14.807363510131836 -0.27882814407348633
-10.581544876098633 13.520574569702148 -0.2866511344909668
-10.657173156738281 12.302957534790039 -0.2850322723388672
-10.825563430786133 10.901851654052734 -0.29899120330810547
-11.219165802001953 9.593746185302734 -0.2933535575866699
-11.622552871704102 8.340879440307617 -0.292421817779541
-12.651630401611328 7.445253372192383 -0.2862977981567383
-14.056098937988281 7.181612014770508 -0.25777578353881836
-15.171525955200195 7.289220809936523 -0.2380046844482422
-16.620786666870117 7.48822021484375 -0.2254347801208496
-18.101112365722656 7.683206558227539 -0.2289280891418457
-19.5126953125 7.898839950561523 -0.22237300872802734
-20.718120574951172 8.059808731079102 -0.2265009880065918
-21.98992156982422 8.24464225769043 -0.22881412506103516
-23.31492042541504 8.453826904296875 -0.2253584861755371
-24.6907958984375 8.648822784423828 -0.22335004806518555
-25.945430755615234 8.871612548828125 -0.20418643951416016
-27.211200714111328 9.043663024902344 -0.20230388641357422
-28.524456024169922 9.20904541015625 -0.1790604591369629
-29.842456817626953 9.43426513671875 -0.17619943618774414

2
29.86568832397461 -6.105258941650391 -0.4283256530761719
27.49791717529297 -5.885514259338379 -0.4082975387573242
25.050003051757812 -5.632411956787109 -0.3740530014038086
22.648826599121094 -5.300054550170898 -0.3704380989074707
20.271339416503906 -5.005030632019043 -0.3667168617248535
17.888511657714844 -4.708889961242676 -0.35614919662475586
15.469490051269531 -4.381894111633301 -0.3452944755554199
13.141502380371094 -4.058656692504883 -0.3256659507751465
10.614593505859375 -3.7208385467529297 -0.31740522384643555
8.129837036132812 -3.395496368408203 -0.3268265724182129
5.870578765869141 -3.1009063720703125 -0.31595849990844727
3.4819869995117188 -2.80942440032959 -0.31594276428222656
1.0239486694335938 -2.447835922241211 -0.30950021743774414
-1.4285774230957031 -2.2241601943969727 -0.30986928939819336
-3.5874462127685547 -3.049637794494629 -0.23356008529663086
-4.650979995727539 -5.192862510681152 -0.19614410400390625
-4.94970703125 -7.590560436248779 -0.13266324996948242
-5.214582443237305 -10.099449157714844 -0.05803489685058594
-5.623363494873047 -12.437167167663574 0.012909412384033203
-5.826597213745117 -14.81217098236084 0.07329273223876953

0
-18.546600341796875 3.546945571899414 -0.20943832397460938
-19.16888427734375 3.659391403198242 -0.21367740631103516
-19.707290649414062 3.742755889892578 -0.21068954467773438
-20.391376495361328 3.798776626586914 -0.20144033432006836
-21.066600799560547 3.9010143280029297 -0.1956782341003418
-21.72723388671875 3.9699573516845703 -0.20445632934570312
-22.323158264160156 4.0334930419921875 -0.20268011093139648
-22.856571197509766 4.095914840698242 -0.20128345489501953
-23.50554084777832 4.17462158203125 -0.20733404159545898
-24.075233459472656 4.261819839477539 -0.20595169067382812
-24.557479858398438 4.3317718505859375 -0.20369672775268555
-25.206907272338867 4.419189453125 -0.20447969436645508
-25.892131805419922 4.507900238037109 -0.19874954223632812
-26.474050521850586 4.592702865600586 -0.20052337646484375
-27.047779083251953 4.649477005004883 -0.20045804977416992
-27.68486785888672 4.748353958129883 -0.2014760971069336
-28.31340217590332 4.841335296630859 -0.21056509017944336
-28.774248123168945 4.908906936645508 -0.2025613784790039
-29.41827392578125 4.982921600341797 -0.19738483428955078
-29.975709915161133 5.052698135375977 -0.20444345474243164

1
-14.325922966003418 -6.8475751876831055 -0.006538867950439453
-12.74453353881836 -6.996188163757324 -0.0034918785095214844
-11.101371765136719 -7.197629928588867 -0.008619308471679688
-9.549171447753906 -7.374879360198975 -0.02990865707397461
-7.880228042602539 -7.5493550300598145 -0.03212738037109375
-6.23682975769043 -7.729611873626709 -0.03193044662475586
-4.705583572387695 -7.938472270965576 -0.040502071380615234
-3.7693920135498047 -7.067335605621338 -0.0695352554321289
-3.347217559814453 -5.498459815979004 -0.1231541633605957
-2.7494583129882812 -3.909611701965332 -0.17759990692138672
-3.8697452545166016 -3.341653823852539 -0.18851566314697266
-5.45855712890625 -3.1593809127807617 -0.1928086280822754
-7.115814208984375 -2.9935083389282227 -0.18347930908203125
-8.7261962890625 -2.7986936569213867 -0.17629003524780273
-10.25865364074707 -2.6612157821655273 -0.1769580841064453
-11.844244003295898 -2.4604721069335938 -0.1741185188293457
-13.537137985229492 -2.2838830947875977 -0.16621732711791992
-13.932987213134766 -3.6862077713012695 -0.12094449996948242
-14.154265403747559 -5.2098798751831055 -0.06946420669555664
-14.32999324798584 -6.897771835327148 -0.016298294067382812

1
-10.89468002319336 11.55752944946289 -0.24096965789794922
-11.950092315673828 10.264322280883789 -0.24159574508666992
-12.929691314697266 8.941886901855469 -0.2541823387145996
-13.989021301269531 7.689580917358398 -0.25043773651123047
-13.143898010253906 7.1234130859375 -0.26218366622924805
-11.353565216064453 7.014196395874023 -0.26250171661376953
-9.796573638916016 6.675924301147461 -0.26662778854370117
-8.293861389160156 6.4456787109375 -0.2605419158935547
-6.7558746337890625 6.226299285888672 -0.2648587226867676
-5.085224151611328 6.01953125 -0.2682313919067383
-3.4616832733154297 5.809885025024414 -0.2678689956665039
-2.464365005493164 6.509479522705078 -0.2785758972167969
-2.360210418701172 8.221446990966797 -0.308779239654541
-2.117694854736328 9.774585723876953 -0.32621097564697266
-3.0459747314453125 10.491571426391602 -0.32326650619506836
-4.7465667724609375 10.773298263549805 -0.3004002571105957
-6.195817947387695 10.96170425415039 -0.29422712326049805
-7.697425842285156 11.083415985107422 -0.2808418273925781
-9.328815460205078 11.234687805175781 -0.2719697952270508
-10.903169631958008 11.47913932800293 -0.26356935501098633

1
-2.3813228607177734 5.856433868408203 -0.26684045791625977
-2.517627716064453 4.370250701904297 -0.25309133529663086
-2.732879638671875 2.9156322479248047 -0.2419114112854004
-2.8773365020751953 1.4609336853027344 -0.22235870361328125
-3.187877655029297 -0.06734466552734375 -0.20456409454345703
-3.4383621215820312 -1.629861831665039 -0.19272899627685547
-3.6944732666015625 -2.9658451080322266 -0.17927885055541992
-3.684539794921875 -4.360175132751465 -0.1682114601135254
-2.295412063598633 -4.116366386413574 -0.15911865234375
-0.8863124847412109 -3.867415428161621 -0.16945743560791016
0.7995014190673828 -3.6115455627441406 -0.1855912208557129
1.4281578063964844 -2.492685317993164 -0.20389366149902344
1.5638751983642578 -1.0534629821777344 -0.23694562911987305
1.7049236297607422 0.4145984649658203 -0.27196693420410156
1.9139423370361328 1.8992156982421875 -0.2918858528137207
2.0310592651367188 3.4320240020751953 -0.318387508392334
2.0294876098632812 4.676778793334961 -0.3399648666381836
0.5593585968017578 5.043083190917969 -0.3147406578063965
-0.8945331573486328 5.458301544189453 -0.2987680435180664
-2.411050796508789 5.881603240966797 -0.2837333679199219

