1
-13.396631240844727 -3.22894287109375 -0.2194218635559082
-13.115819931030273 -1.407027244567871 -0.23085927963256836
-12.908111572265625 0.3000211715698242 -0.2416834831237793
-12.675580978393555 2.126688003540039 -0.255465030670166
-12.374958038330078 3.8873023986816406 -0.25218915939331055
-12.260665893554688 5.570476531982422 -0.26799488067626953
-11.893339157104492 7.421558380126953 -0.29195547103881836
-11.883760452270508 9.19073486328125 -0.2975316047668457
-12.83359146118164 9.625354766845703 -0.24606943130493164
-14.663153648376465 9.314767837524414 -0.1838088035583496
-16.43447494506836 9.178691864013672 -0.1261281967163086
-16.80034065246582 7.357717514038086 -0.11837530136108398
-16.92693519592285 5.659387588500977 -0.1277761459350586
-17.190013885498047 3.8631019592285156 -0.12960243225097656
-17.334552764892578 2.149026870727539 -0.12705659866333008
-17.63890838623047 0.3108358383178711 -0.12555837631225586
-17.965869903564453 -1.4107093811035156 -0.1342320442199707
-16.815397262573242 -2.2910003662109375 -0.13691997528076172
-15.066237449645996 -2.7887516021728516 -0.16382217407226562
-13.349977493286133 -3.215953826904297 -0.20543718338012695

2
29.87200927734375 2.1312179565429688 -0.4512176513671875
27.42061996459961 2.3541297912597656 -0.436431884765625
24.937984466552734 2.659116744995117 -0.43163347244262695
22.72915267944336 2.9133853912353516 -0.4126758575439453
20.298484802246094 3.222391128540039 -0.413698673248291
17.797161102294922 3.531444549560547 -0.4048194885253906
15.41842269897461 3.831838607788086 -0.40123558044433594
12.991024017333984 4.1057586669921875 -0.3915281295776367
10.694774627685547 4.334295272827148 -0.3919367790222168
8.169376373291016 4.58479118347168 -0.3843727111816406
5.629230499267578 4.796039581298828 -0.38086509704589844
3.2490806579589844 4.86182975769043 -0.3764796257019043
1.7591075897216797 3.672100067138672 -0.3659024238586426
-0.5306777954101562 3.510007858276367 -0.33336734771728516
-2.628385543823242 4.435052871704102 -0.2953824996948242
-4.373653411865234 6.222379684448242 -0.32343387603759766
-4.850311279296875 8.806734085083008 -0.38460254669189453
-3.490161895751953 9.918365478515625 -0.36510610580444336
-3.169750213623047 12.398862838745117 -0.41714048385620117
-2.846830368041992 14.808271408081055 -0.4344964027404785

2
-14.347434997558594 -14.80871868133545 -0.0055866241455078125
-14.110332489013672 -13.318340301513672 -0.04428672790527344
-13.963550567626953 -11.777900695800781 -0.07077884674072266
-13.794363021850586 -10.155172348022461 -0.08878946304321289
-13.637962341308594 -8.725968360900879 -0.10033130645751953
-13.458578109741211 -7.057260513305664 -0.13418292999267578
-13.300464630126953 -5.616214752197266 -0.16478300094604492
-13.094058990478516 -3.856536865234375 -0.2046976089477539
-13.348321914672852 -2.3856210708618164 -0.22713851928710938
-14.359668731689453 -1.2400989532470703 -0.26625776290893555
-15.96414852142334 -0.8183937072753906 -0.27153778076171875
-17.3812255859375 -0.6174125671386719 -0.25469064712524414
-18.93777084350586 -0.47115612030029297 -0.24152803421020508
-20.568435668945312 -0.29487037658691406 -0.2252793312072754
-22.072607040405273 -0.13495254516601562 -0.22185277938842773
-23.658885955810547 0.047881126403808594 -0.22373151779174805
-25.10209846496582 0.21411895751953125 -0.21454858779907227
-26.609411239624023 0.37127685546875 -0.2010960578918457
-28.275270462036133 0.5188016891479492 -0.21378326416015625
-29.815933227539062 0.662449836730957 -0.2097330093383789

2
-11.198638916015625 14.80577278137207 -0.27793169021606445
-11.334991455078125 13.531360626220703 -0.27620649337768555
-11.421073913574219 12.326345443725586 -0.28781843185424805
-11.459693908691406 10.920478820800781 -0.299837589263916
-11.75363540649414 9.708667755126953 -0.29372644424438477
-12.111318588256836 8.345239639282227 -0.3033175468444824
-12.918935775756836 7.312160491943359 -0.30673646926879883
-14.25855827331543 6.873077392578125 -0.28026628494262695
-15.469316482543945 6.907196044921875 -0.2644968032836914
-16.827350616455078 7.034553527832031 -0.25427913665771484
-18.219058990478516 7.194425582885742 -0.2589249610900879
-19.606740951538086 7.402252197265625 -0.2556138038635254
-20.78547477722168 7.5399017333984375 -0.26518869400024414
-22.03396987915039 7.723508834838867 -0.2691173553466797
-23.338417053222656 7.896661758422852 -0.26754283905029297
-24.718791961669922 8.080743789672852 -0.2561984062194824
-25.96895980834961 8.207059860229492 -0.24532079696655273
-27.232898712158203 8.339645385742188 -0.2427687644958496
-28.523767471313477 8.49676513671875 -0.22484779357910156
-29.821130752563477 8.684505462646484 -0.22034549713134766

2
29.858291625976562 -5.464714050292969 -0.3939685821533203
27.47551727294922 -5.299034118652344 -0.3736724853515625
25.053359985351562 -5.081687927246094 -0.35961389541625977
22.668548583984375 -4.848708152770996 -0.35201311111450195
20.284393310546875 -4.604035377502441 -0.34665441513061523
17.89261245727539 -4.344089508056641 -0.34322452545166016
15.440757751464844 -4.0747480392456055 -0.3328876495361328
13.075408935546875 -3.7972497940063477 -0.3162727355957031
10.595108032226562 -3.5186634063720703 -0.30809497833251953
7.9869232177734375 -3.234273910522461 -0.31488656997680664
5.715110778808594 -2.996548652648926 -0.3060173988342285
3.3310585021972656 -2.771479606628418 -0.3108959197998047
0.8383617401123047 -2.4912586212158203 -0.3079996109008789
-1.6448974609375 -2.2756471633911133 -0.30497121810913086
-3.7981834411621094 -3.048250198364258 -0.23172855377197266
-4.9600830078125 -5.171075820922852 -0.2046828269958496
-5.18269157409668 -7.561509132385254 -0.14705133438110352
-5.415273666381836 -10.037940979003906 -0.07385921478271484
-5.741004943847656 -12.411514282226562 -0.007547855377197266
-5.955810546875 -14.806296348571777 0.048336029052734375

1
-14.576384544372559 -7.166952610015869 -0.030974864959716797
-12.976959228515625 -7.276296615600586 -0.023969173431396484
-11.393896102905273 -7.408519744873047 -0.03372526168823242
-9.73629379272461 -7.616702079772949 -0.0461273193359375
-8.134418487548828 -7.743380069732666 -0.04967308044433594
-6.527902603149414 -7.888166904449463 -0.0503082275390625
-4.962562561035156 -8.029796600341797 -0.061580657958984375
-4.057279586791992 -7.1218461990356445 -0.08085441589355469
-3.6493358612060547 -5.577486038208008 -0.13106489181518555
-3.1547927856445312 -3.99497127532959 -0.18035554885864258
-4.233924865722656 -3.4400529861450195 -0.19095182418823242
-5.776140213012695 -3.3024749755859375 -0.1994171142578125
-7.4464263916015625 -3.16542911529541 -0.19154977798461914
-9.078754425048828 -3.018369674682617 -0.18463897705078125
-10.55256462097168 -2.902482032775879 -0.18803119659423828
-12.203329086303711 -2.7276830673217773 -0.18651247024536133
-13.832237243652344 -2.598470687866211 -0.17723798751831055
-14.211312294006348 -4.018285751342773 -0.13462209701538086
-14.427139282226562 -5.58463191986084 -0.08411312103271484
-14.616827011108398 -7.190225601196289 -0.036191463470458984

1
-2.9631385803222656 5.784854888916016 -0.261385440826416
-2.9246368408203125 4.297779083251953 -0.2558326721191406
-3.1781692504882812 2.839580535888672 -0.2436995506286621
-3.275278091430664 1.3157711029052734 -0.22275066375732422
-3.5521717071533203 -0.2181100845336914 -0.20700979232788086
-3.734830856323242 -1.7151851654052734 -0.19463157653808594
-3.9733123779296875 -3.093107223510742 -0.17943334579467773
-3.9729270935058594 -4.428772926330566 -0.1702570915222168
-2.57232666015625 -4.138538360595703 -0.16254043579101562
-1.12603759765625 -3.8756227493286133 -0.17085695266723633
0.5131282806396484 -3.6028804779052734 -0.18159914016723633
1.1126232147216797 -2.4881763458251953 -0.19925975799560547
1.212942123413086 -0.9707374572753906 -0.2328329086303711
1.3024482727050781 0.49234962463378906 -0.27379322052001953
1.490163803100586 1.9229450225830078 -0.2930908203125
1.6120834350585938 3.3898696899414062 -0.31810426712036133
1.5705833435058594 4.658330917358398 -0.33818674087524414
0.10135841369628906 5.016386032104492 -0.3130650520324707
-1.3768348693847656 5.414119720458984 -0.2935032844543457
-2.940410614013672 5.79913330078125 -0.2810854911804199

0
-19.098655700683594 3.1006507873535156 -0.2204761505126953
-19.69663429260254 3.1852359771728516 -0.22126245498657227
-20.258787155151367 3.2481002807617188 -0.2172079086303711
-20.94968032836914 3.319599151611328 -0.22022342681884766
-21.532760620117188 3.408203125 -0.21770286560058594
-22.14899444580078 3.477792739868164 -0.2269268035888672
-22.64901351928711 3.533580780029297 -0.22551918029785156
-23.200428009033203 3.585956573486328 -0.22783470153808594
-23.8154296875 3.639352798461914 -0.23560094833374023
-24.387920379638672 3.7226791381835938 -0.23347949981689453
-24.83388900756836 3.7732982635498047 -0.2314167022705078
-25.491382598876953 3.8470115661621094 -0.23860645294189453
-26.094778060913086 3.9088268280029297 -0.23555374145507812
-26.65467071533203 3.950611114501953 -0.23644590377807617
-27.188852310180664 4.007925033569336 -0.23634576797485352
-27.78775405883789 4.074563980102539 -0.23936080932617188
-28.42169189453125 4.136674880981445 -0.2458171844482422
-28.93452262878418 4.217267990112305 -0.23015785217285156
-29.506853103637695 4.276073455810547 -0.22252511978149414
-29.969953536987305 4.357917785644531 -0.21855926513671875

1
-11.497133255004883 11.246898651123047 -0.25811147689819336
-12.513298034667969 10.003988265991211 -0.2528676986694336
-13.523109436035156 8.661128997802734 -0.25859594345092773
-14.429301261901855 7.377634048461914 -0.2592010498046875
-13.66685676574707 6.765077590942383 -0.26312732696533203
-12.105279922485352 6.635564804077148 -0.26972103118896484
-10.446529388427734 6.449518203735352 -0.26497316360473633
-8.762697219848633 6.259218215942383 -0.26293277740478516
-7.289945602416992 6.12278938293457 -0.2707343101501465
-5.722156524658203 5.889200210571289 -0.26685380935668945
-4.153863906860352 5.736112594604492 -0.25737619400024414
-3.1047935485839844 6.519853591918945 -0.2790060043334961
-2.8712596893310547 8.256284713745117 -0.3092179298400879
-2.7470340728759766 9.796293258666992 -0.30719470977783203
-3.6081790924072266 10.459243774414062 -0.30539989471435547
-5.228155136108398 10.662519454956055 -0.3067502975463867
-6.86236572265625 10.819053649902344 -0.29306507110595703
-8.261850357055664 10.937629699707031 -0.27483034133911133
-9.864994049072266 11.111490249633789 -0.2697639465332031
-11.387605667114258 11.209781646728516 -0.2583909034729004

