1
7.812751770019531 -4.947254180908203 -0.2961111068725586
7.9268035888671875 -3.3167858123779297 -0.28396129608154297
8.02676010131836 -1.7118711471557617 -0.2839841842651367
8.11404800415039 -0.03689098358154297 -0.28032493591308594
8.173297882080078 1.5499114990234375 -0.2725248336791992
8.27713394165039 3.1562328338623047 -0.2716789245605469
8.343807220458984 4.714809417724609 -0.2643752098083496
8.169231414794922 6.044713973999023 -0.25830507278442383
6.539951324462891 6.16517448425293 -0.2300276756286621
4.809192657470703 6.33331298828125 -0.1956024169921875
3.7735862731933594 5.883674621582031 -0.17996740341186523
3.6947898864746094 4.246393203735352 -0.17995929718017578
3.597515106201172 2.662353515625 -0.1895298957824707
3.4708709716796875 1.0667896270751953 -0.19869613647460938
3.4094314575195312 -0.628361701965332 -0.2073225975036621
3.2762718200683594 -2.271031379699707 -0.217559814453125
3.1481361389160156 -3.81827449798584 -0.22981977462768555
4.51483154296875 -4.253473281860352 -0.25435590744018555
6.2519989013671875 -4.619265556335449 -0.2911090850830078
7.777431488037109 -4.913814544677734 -0.300168514251709

2
29.826828002929688 3.503458023071289 -0.07628679275512695
28.77005386352539 3.5712146759033203 -0.08025884628295898
27.601043701171875 3.662717819213867 -0.09415817260742188
26.456214904785156 3.745635986328125 -0.10843324661254883
25.31939697265625 3.821260452270508 -0.11755657196044922
24.13666534423828 3.9187679290771484 -0.13333845138549805
23.007308959960938 3.970102310180664 -0.14390134811401367
21.83968734741211 4.077625274658203 -0.16782808303833008
20.880146026611328 4.174264907836914 -0.18033838272094727
19.750389099121094 4.400442123413086 -0.2031092643737793
18.783843994140625 4.969240188598633 -0.2118844985961914
18.13622283935547 5.889636993408203 -0.21271610260009766
17.89739227294922 6.977582931518555 -0.20804405212402344
17.959980010986328 8.161026000976562 -0.1968827247619629
18.04941177368164 9.295854568481445 -0.19229602813720703
18.169132232666016 10.442136764526367 -0.18236160278320312
18.31269073486328 11.588750839233398 -0.17954635620117188
18.316329956054688 12.643280029296875 -0.17425870895385742
18.37154769897461 13.788459777832031 -0.17370033264160156
18.472614288330078 14.81226921081543 -0.17436599731445312

1
17.17725372314453 -4.826717376708984 -0.2196054458618164
15.698890686035156 -4.66195011138916 -0.22693729400634766
14.212303161621094 -4.553412437438965 -0.2361125946044922
12.691287994384766 -4.436653137207031 -0.24873828887939453
11.28659439086914 -4.33896541595459 -0.2524704933166504
9.716800689697266 -4.202365875244141 -0.27146339416503906
8.260677337646484 -4.116418838500977 -0.27879762649536133
6.8763580322265625 -4.039170265197754 -0.287351131439209
7.240642547607422 -5.530367851257324 -0.2914586067199707
7.522621154785156 -6.963474273681641 -0.27797889709472656
7.817798614501953 -8.507547378540039 -0.27823543548583984
8.934703826904297 -8.968372344970703 -0.2844557762145996
10.53689956665039 -9.090238571166992 -0.29189538955688477
11.929679870605469 -9.177040100097656 -0.30766725540161133
13.45241928100586 -9.320632934570312 -0.3050508499145508
14.900318145751953 -9.384553909301758 -0.30179262161254883
16.268932342529297 -9.233865737915039 -0.3015933036804199
16.549625396728516 -7.716960430145264 -0.2824983596801758
16.84626007080078 -6.298140525817871 -0.25404787063598633
17.20147705078125 -4.815837860107422 -0.2215728759765625

1
8.697586059570312 9.999162673950195 -0.18692827224731445
8.332611083984375 8.44131851196289 -0.2171916961669922
8.122932434082031 6.837224960327148 -0.2768082618713379
7.93072509765625 5.380756378173828 -0.2965254783630371
9.452445983886719 5.261682510375977 -0.29454660415649414
11.15237808227539 5.184541702270508 -0.28813982009887695
12.649726867675781 5.100589752197266 -0.2773303985595703
14.19509506225586 4.9930419921875 -0.25655698776245117
15.889270782470703 4.916511535644531 -0.25089359283447266
17.442428588867188 4.786001205444336 -0.2335052490234375
19.046844482421875 4.692554473876953 -0.21329402923583984
18.75646209716797 6.251533508300781 -0.20637845993041992
18.464889526367188 7.730281829833984 -0.19097232818603516
18.128562927246094 9.29733657836914 -0.17391443252563477
16.71767807006836 9.631772994995117 -0.17800664901733398
15.118953704833984 9.632850646972656 -0.18580961227416992
13.50784683227539 9.69791030883789 -0.18226194381713867
11.934089660644531 9.783151626586914 -0.18929290771484375
10.386070251464844 9.878803253173828 -0.1911468505859375
8.656734466552734 9.922599792480469 -0.18716716766357422

2
10.50313949584961 14.80866813659668 -0.25762224197387695
10.364341735839844 12.282060623168945 -0.2656092643737793
10.171241760253906 9.744890213012695 -0.2994837760925293
10.086261749267578 7.208759307861328 -0.35941553115844727
8.447341918945312 5.264352798461914 -0.3260488510131836
6.019176483154297 5.081626892089844 -0.2966012954711914
3.3449859619140625 5.333202362060547 -0.2743968963623047
0.8052959442138672 5.49159049987793 -0.2545928955078125
-1.7269630432128906 5.64337158203125 -0.2565593719482422
-4.363069534301758 5.839563369750977 -0.24179315567016602
-6.791540145874023 6.029407501220703 -0.24873018264770508
-9.387691497802734 6.243417739868164 -0.25395917892456055
-12.10334587097168 6.439874649047852 -0.25792551040649414
-14.620648384094238 6.606678009033203 -0.26175498962402344
-17.166837692260742 6.786378860473633 -0.26846885681152344
-19.734399795532227 6.9575347900390625 -0.27516698837280273
-22.31873321533203 7.149026870727539 -0.2843952178955078
-24.843721389770508 7.319736480712891 -0.2979135513305664
-27.410139083862305 7.46990966796875 -0.28757429122924805
-29.826955795288086 7.64671516418457 -0.2877039909362793

1
18.375404357910156 4.718687057495117 -0.27898645401000977
18.112682342529297 3.277568817138672 -0.2573728561401367
17.845619201660156 1.8973751068115234 -0.250885009765625
17.649391174316406 0.4993753433227539 -0.23719167709350586
17.426990509033203 -0.9292659759521484 -0.23020601272583008
17.300731658935547 -2.3795394897460938 -0.22106218338012695
17.003807067871094 -3.8244810104370117 -0.20865774154663086
17.711963653564453 -4.509222984313965 -0.21969127655029297
19.14244842529297 -4.664460182189941 -0.23056602478027344
20.606773376464844 -4.736003875732422 -0.2350468635559082
21.92630386352539 -4.685516357421875 -0.2226877212524414
21.898956298828125 -3.166499137878418 -0.20752382278442383
21.954727172851562 -1.762002944946289 -0.19283246994018555
22.041641235351562 -0.38640403747558594 -0.16938495635986328
22.150672912597656 1.0746173858642578 -0.15065622329711914
22.266677856445312 2.4341564178466797 -0.13635492324829102
22.420265197753906 3.851827621459961 -0.11607742309570312
21.142772674560547 4.259164810180664 -0.16529178619384766
19.77777862548828 4.467704772949219 -0.2127399444580078
18.308624267578125 4.723222732543945 -0.24921941757202148

2
8.519474029541016 -14.802736282348633 -0.39752769470214844
8.745960235595703 -12.22018051147461 -0.396817684173584
8.916873931884766 -9.772306442260742 -0.38844919204711914
9.177295684814453 -7.133945465087891 -0.40309858322143555
8.718658447265625 -4.5574235916137695 -0.35739994049072266
6.5527191162109375 -3.2468080520629883 -0.34388303756713867
3.8822708129882812 -3.0977582931518555 -0.3151969909667969
1.210062026977539 -2.9282236099243164 -0.27469301223754883
-1.3516273498535156 -2.731753349304199 -0.23888158798217773
-3.925840377807617 -2.557377815246582 -0.22821664810180664
-6.525951385498047 -2.380321502685547 -0.2413172721862793
-9.2052001953125 -2.1942148208618164 -0.26650285720825195
-11.809408187866211 -2.0007266998291016 -0.28844738006591797
-14.468005180358887 -1.8408222198486328 -0.30088376998901367
-17.07244873046875 -1.628204345703125 -0.3303337097167969
-19.631244659423828 -1.4463396072387695 -0.3557858467102051
-22.29550552368164 -1.2576656341552734 -0.37485218048095703
-24.87883186340332 -1.0690479278564453 -0.39047908782958984
-27.27836036682129 -0.9105825424194336 -0.41452980041503906
-29.839570999145508 -0.7121391296386719 -0.45352745056152344

2
29.852527618408203 -4.7815351486206055 -0.20677900314331055
28.48929214477539 -4.69962215423584 -0.22418451309204102
27.01003646850586 -4.607854843139648 -0.23541259765625
25.534832000732422 -4.487922668457031 -0.24996376037597656
24.184532165527344 -4.388131141662598 -0.2582411766052246
22.682907104492188 -4.284327507019043 -0.27010440826416016
21.279388427734375 -4.17034912109375 -0.27249908447265625
20.611202239990234 -3.5019474029541016 -0.28679323196411133
19.733562469482422 -2.7115516662597656 -0.30437660217285156
18.25936508178711 -2.8268842697143555 -0.2938070297241211
16.814109802246094 -3.6691694259643555 -0.27607297897338867
15.906879425048828 -4.676271438598633 -0.2778663635253906
15.415203094482422 -5.945629119873047 -0.29554080963134766
15.1231689453125 -7.491832733154297 -0.32239723205566406
15.101306915283203 -8.956175804138184 -0.34316301345825195
15.894760131835938 -9.531047821044922 -0.3459162712097168
16.550479888916016 -10.486133575439453 -0.3492145538330078
16.618579864501953 -12.027473449707031 -0.365811824798584
16.522563934326172 -13.412900924682617 -0.3723592758178711
16.315872192382812 -14.791303634643555 -0.3792099952697754

0
14.213249206542969 14.970060348510742 -0.21352481842041016
14.137065887451172 14.852069854736328 -0.20677471160888672
14.128631591796875 14.689678192138672 -0.2178945541381836
14.124526977539062 14.496976852416992 -0.2198019027709961
14.104248046875 14.277786254882812 -0.21121788024902344
14.101551055908203 14.065977096557617 -0.20809030532836914
14.108261108398438 13.886219024658203 -0.21415376663208008
14.07309341430664 13.691547393798828 -0.21199798583984375
14.048545837402344 13.518062591552734 -0.22212600708007812
14.025081634521484 13.277748107910156 -0.23291540145874023
14.017997741699219 13.062047958374023 -0.23379087448120117
14.001815795898438 12.83613395690918 -0.22252941131591797
13.999549865722656 12.657682418823242 -0.21932649612426758
14.004261016845703 12.453651428222656 -0.2228565216064453
14.006134033203125 12.292034149169922 -0.22342920303344727
13.970306396484375 12.065071105957031 -0.21926546096801758
13.98736572265625 11.896871566772461 -0.21811962127685547
13.970779418945312 11.715011596679688 -0.22666358947753906
13.944595336914062 11.544744491577148 -0.23606395721435547
13.941474914550781 11.32305908203125 -0.23966598510742188

