2
29.87918472290039 2.5703697204589844 -0.40987253189086914
27.398799896240234 2.8095626831054688 -0.40836191177368164
24.91952133178711 3.0482044219970703 -0.39584970474243164
22.671123504638672 3.295064926147461 -0.3850889205932617
20.12093734741211 3.555917739868164 -0.39191675186157227
17.680362701416016 3.795927047729492 -0.3829035758972168
15.240272521972656 4.043952941894531 -0.38040637969970703
12.760704040527344 4.2922821044921875 -0.370175838470459
10.457313537597656 4.472440719604492 -0.37602901458740234
8.029743194580078 4.681468963623047 -0.3717184066772461
5.46893310546875 4.829320907592773 -0.37032604217529297
2.9375381469726562 4.905799865722656 -0.36333131790161133
1.375457763671875 3.8232250213623047 -0.3573493957519531
-0.8367347717285156 3.4886417388916016 -0.32509946823120117
-2.9805850982666016 4.318470001220703 -0.2936420440673828
-4.826642990112305 6.042598724365234 -0.31243324279785156
-5.3196563720703125 8.680421829223633 -0.37598180770874023
-3.979043960571289 9.834600448608398 -0.35973501205444336
-3.7302303314208984 12.388639450073242 -0.41342878341674805
-3.455770492553711 14.811904907226562 -0.42635583877563477

1
-12.120841979980469 11.061582565307617 -0.2658209800720215
-13.17575454711914 9.770931243896484 -0.25814056396484375
-14.10620403289795 8.38729476928711 -0.2636384963989258
-15.002670288085938 7.113983154296875 -0.2634310722351074
-14.059494018554688 6.542753219604492 -0.26868534088134766
-12.611028671264648 6.4038238525390625 -0.2728157043457031
-10.895538330078125 6.24969482421875 -0.2760953903198242
-9.298772811889648 6.128314971923828 -0.2715601921081543
-7.761638641357422 5.997209548950195 -0.27651166915893555
-6.289968490600586 5.827518463134766 -0.2727069854736328
-4.630411148071289 5.631717681884766 -0.2601280212402344
-3.6357364654541016 6.422239303588867 -0.2756185531616211
-3.394227981567383 8.10506820678711 -0.3107614517211914
-3.272726058959961 9.684947967529297 -0.31017637252807617
-4.119453430175781 10.329248428344727 -0.3087730407714844
-5.88694953918457 10.528375625610352 -0.31151819229125977
-7.413434982299805 10.672945022583008 -0.29840755462646484
-8.873226165771484 10.759090423583984 -0.2812666893005371
-10.434066772460938 10.948308944702148 -0.26879119873046875
-12.091686248779297 10.984552383422852 -0.2525596618652344

1
-13.705230712890625 -3.4780330657958984 -0.23366022109985352
-13.47752571105957 -1.7166376113891602 -0.24240779876708984
-13.325944900512695 0.10857391357421875 -0.25212717056274414
-13.105409622192383 1.9316787719726562 -0.2629523277282715
-12.781599044799805 3.636423110961914 -0.26212024688720703
-12.67938232421875 5.419666290283203 -0.28090763092041016
-12.517326354980469 7.140462875366211 -0.29353809356689453
-12.380373001098633 9.067571640014648 -0.29800987243652344
-13.330886840820312 9.42694091796875 -0.24892139434814453
-15.337289810180664 9.081216812133789 -0.1872401237487793
-16.987213134765625 8.801900863647461 -0.13164138793945312
-17.31558609008789 7.026512145996094 -0.13245487213134766
-17.462711334228516 5.288890838623047 -0.1378183364868164
-17.632366180419922 3.5426197052001953 -0.14683294296264648
-17.803966522216797 1.7784461975097656 -0.14536046981811523
-17.975109100341797 -0.021117210388183594 -0.14674663543701172
-18.300025939941406 -1.7498836517333984 -0.15470314025878906
-17.130596160888672 -2.6356401443481445 -0.16236495971679688
-15.418176651000977 -3.1144399642944336 -0.19194269180297852
-13.701932907104492 -3.4584054946899414 -0.2327404022216797

2
-11.857379913330078 14.803102493286133 -0.2926807403564453
-11.895265579223633 13.513141632080078 -0.28523874282836914
-11.987556457519531 12.28811264038086 -0.3003659248352051
-12.068897247314453 10.936075210571289 -0.3041081428527832
-12.252164840698242 9.716995239257812 -0.29848289489746094
-12.536598205566406 8.382059097290039 -0.31459856033325195
-13.144662857055664 7.258281707763672 -0.3180990219116211
-14.335821151733398 6.652774810791016 -0.2943124771118164
-15.480815887451172 6.579660415649414 -0.2812004089355469
-16.84649658203125 6.697933197021484 -0.2723531723022461
-18.25775909423828 6.808073043823242 -0.2770538330078125
-19.625696182250977 6.981761932373047 -0.27770185470581055
-20.788536071777344 7.115312576293945 -0.28329944610595703
-22.071401596069336 7.289127349853516 -0.29058218002319336
-23.396753311157227 7.382150650024414 -0.2815971374511719
-24.721500396728516 7.534290313720703 -0.2691683769226074
-25.966259002685547 7.687099456787109 -0.2690258026123047
-27.201160430908203 7.810003280639648 -0.2639584541320801
-28.521438598632812 7.915746688842773 -0.2513704299926758
-29.82952308654785 8.132585525512695 -0.2545347213745117

2
-14.38762092590332 -14.811212539672852 -0.024929523468017578
-14.195326805114746 -13.365560531616211 -0.06008768081665039
-14.089645385742188 -11.850959777832031 -0.08739519119262695
-13.966772079467773 -10.298715591430664 -0.10926675796508789
-13.840009689331055 -8.838719367980957 -0.12320947647094727
-13.69045639038086 -7.260028839111328 -0.16212797164916992
-13.575407028198242 -5.8848876953125 -0.19103288650512695
-13.376249313354492 -4.127418518066406 -0.23010540008544922
-13.696399688720703 -2.7099475860595703 -0.24833250045776367
-14.705265998840332 -1.6055727005004883 -0.2864837646484375
-16.234498977661133 -1.106393814086914 -0.28876161575317383
-17.595090866088867 -0.9596776962280273 -0.27789926528930664
-19.165428161621094 -0.836430549621582 -0.2726936340332031
-20.779085159301758 -0.7037124633789062 -0.2626767158508301
-22.230436325073242 -0.57476806640625 -0.25812435150146484
-23.78383445739746 -0.4324378967285156 -0.2573890686035156
-25.209199905395508 -0.3177223205566406 -0.25384998321533203
-26.703161239624023 -0.21458148956298828 -0.24057912826538086
-28.32843780517578 -0.10903453826904297 -0.25838756561279297
-29.828893661499023 0.054289817810058594 -0.2427988052368164

2
29.84946060180664 -4.930201530456543 -0.35882139205932617
27.492286682128906 -4.81300163269043 -0.34429073333740234
25.072032928466797 -4.646920204162598 -0.32868003845214844
22.664512634277344 -4.458215713500977 -0.3234415054321289
20.3380126953125 -4.276932716369629 -0.32597923278808594
17.89022445678711 -4.050970077514648 -0.3233656883239746
15.435874938964844 -3.8133955001831055 -0.31238412857055664
13.018196105957031 -3.5693397521972656 -0.30026721954345703
10.565074920654297 -3.3536081314086914 -0.297823429107666
7.880466461181641 -3.1203956604003906 -0.30002307891845703
5.608543395996094 -2.927530288696289 -0.29554080963134766
3.2322921752929688 -2.7379512786865234 -0.30612993240356445
0.7471637725830078 -2.4892959594726562 -0.3063845634460449
-1.8016719818115234 -2.317318916320801 -0.3041267395019531
-3.9345874786376953 -3.012730598449707 -0.2451033592224121
-5.219697952270508 -5.124464988708496 -0.2169957160949707
-5.39520263671875 -7.586071491241455 -0.16594362258911133
-5.549888610839844 -10.005512237548828 -0.09923410415649414
-5.80357551574707 -12.398634910583496 -0.03620195388793945
-5.963693618774414 -14.805846214294434 0.02615976333618164

0
-19.493202209472656 2.784351348876953 -0.2593879699707031
-20.141952514648438 2.8389511108398438 -0.25895166397094727
-20.726198196411133 2.8881359100341797 -0.2581338882446289
-21.276084899902344 2.9562511444091797 -0.25786590576171875
-21.81682586669922 2.998689651489258 -0.26235437393188477
-22.32272720336914 3.058687210083008 -0.26677370071411133
-22.971384048461914 3.101522445678711 -0.2685375213623047
-23.49720573425293 3.1519813537597656 -0.27502870559692383
-23.94072914123535 3.1912841796875 -0.27700233459472656
-24.568164825439453 3.233530044555664 -0.2774524688720703
-25.132871627807617 3.2726497650146484 -0.27658653259277344
-25.69454574584961 3.324390411376953 -0.2799720764160156
-26.34904670715332 3.3770523071289062 -0.26960325241088867
-26.813678741455078 3.4003849029541016 -0.27479982376098633
-27.30019187927246 3.440114974975586 -0.27570247650146484
-27.898740768432617 3.4980220794677734 -0.272554874420166
-28.49574851989746 3.549480438232422 -0.2663745880126953
-29.03257179260254 3.6049041748046875 -0.2633213996887207
-29.51095199584961 3.6473846435546875 -0.26810407638549805
-29.978309631347656 3.714038848876953 -0.26732492446899414

1
-14.832511901855469 -7.404140472412109 -0.05318021774291992
-13.163064956665039 -7.533451080322266 -0.0489506721496582
-11.59878921508789 -7.648481369018555 -0.05461406707763672
-9.948307037353516 -7.821515083312988 -0.0632014274597168
-8.352739334106445 -7.901370048522949 -0.06899547576904297
-6.754844665527344 -8.065207481384277 -0.0688314437866211
-5.128244400024414 -8.161382675170898 -0.07988214492797852
-4.306797027587891 -7.2400288581848145 -0.09536314010620117
-3.8968544006347656 -5.657968521118164 -0.13834667205810547
-3.469635009765625 -4.113228797912598 -0.1842823028564453
-4.563913345336914 -3.5507869720458984 -0.1978912353515625
-6.136457443237305 -3.4422426223754883 -0.20744705200195312
-7.817089080810547 -3.3241758346557617 -0.2025156021118164
-9.445234298706055 -3.2121238708496094 -0.19452905654907227
-10.87777328491211 -3.1261911392211914 -0.1993408203125
-12.495933532714844 -2.982485771179199 -0.20462703704833984
-14.201179504394531 -2.8304176330566406 -0.1923661231994629
-14.513679504394531 -4.312629699707031 -0.15149497985839844
-14.65427017211914 -5.868978500366211 -0.10235834121704102
-14.806349754333496 -7.439150333404541 -0.05726432800292969

1
-3.453939437866211 5.674760818481445 -0.25328636169433594
-3.4551944732666016 4.228168487548828 -0.2504081726074219
-3.685304641723633 2.764270782470703 -0.23720359802246094
-3.7779769897460938 1.2532577514648438 -0.21959352493286133
-4.019779205322266 -0.32753753662109375 -0.20418167114257812
-4.066072463989258 -1.791031837463379 -0.19686460494995117
-4.317144393920898 -3.191319465637207 -0.1793212890625
-4.2636566162109375 -4.563690185546875 -0.17306280136108398
-2.941934585571289 -4.229043006896973 -0.16416168212890625
-1.4199066162109375 -3.8969478607177734 -0.1732344627380371
0.10484504699707031 -3.591397285461426 -0.1786360740661621
0.6286201477050781 -2.5070276260375977 -0.19164133071899414
0.8098487854003906 -0.9755477905273438 -0.22944879531860352
0.9186172485351562 0.5008811950683594 -0.26796770095825195
1.0499210357666016 1.9460639953613281 -0.2900724411010742
1.232900619506836 3.3787975311279297 -0.31386423110961914
1.15252685546875 4.660470962524414 -0.3334469795227051
-0.3702812194824219 4.988197326660156 -0.30816125869750977
-1.8745384216308594 5.393636703491211 -0.2895793914794922
-3.448373794555664 5.72300910949707 -0.2777719497680664

