1
-12.670585632324219 10.876590728759766 -0.270017147064209
-13.688959121704102 9.593399047851562 -0.26241588592529297
-14.668231964111328 8.154315948486328 -0.2648630142211914
-15.525365829467773 6.823465347290039 -0.26875877380371094
-14.5442476272583 6.3328857421875 -0.2678079605102539
-13.039342880249023 6.18507194519043 -0.27389097213745117
-11.363433837890625 6.050539016723633 -0.2824840545654297
-9.753490447998047 5.95683479309082 -0.27443695068359375
-8.149412155151367 5.869512557983398 -0.2797665596008301
-6.640785217285156 5.738569259643555 -0.27575111389160156
-5.025077819824219 5.5589447021484375 -0.2662162780761719
-4.081487655639648 6.361457824707031 -0.2691636085510254
-3.8642807006835938 8.079610824584961 -0.30507898330688477
-3.7847652435302734 9.616704940795898 -0.31001758575439453
-4.652423858642578 10.280790328979492 -0.31482744216918945
-6.307641983032227 10.45223617553711 -0.31223630905151367
-8.042198181152344 10.536962509155273 -0.303619384765625
-9.39103889465332 10.649862289428711 -0.28631591796875
-11.038928985595703 10.760261535644531 -0.2670283317565918
-12.643163681030273 10.786188125610352 -0.24834203720092773

2
29.884944915771484 3.0753402709960938 -0.3898916244506836
27.42087173461914 3.307371139526367 -0.39755821228027344
24.93121337890625 3.4649696350097656 -0.39005565643310547
22.602367401123047 3.6773948669433594 -0.38205385208129883
19.998950958251953 3.8681106567382812 -0.38666868209838867
17.536128997802734 4.086269378662109 -0.3743577003479004
15.155082702636719 4.267946243286133 -0.37446022033691406
12.624210357666016 4.489444732666016 -0.36739301681518555
10.28158950805664 4.661937713623047 -0.371920108795166
7.8008575439453125 4.823057174682617 -0.3699936866760254
5.293918609619141 4.944364547729492 -0.367642879486084
2.591632843017578 5.029260635375977 -0.3588128089904785
1.0116081237792969 3.9984169006347656 -0.35474205017089844
-1.1253662109375 3.449308395385742 -0.3181300163269043
-3.350360870361328 4.249839782714844 -0.28404808044433594
-5.359928131103516 5.986553192138672 -0.3090085983276367
-5.715192794799805 8.562734603881836 -0.36586904525756836
-4.465463638305664 9.821287155151367 -0.35301780700683594
-4.214080810546875 12.320335388183594 -0.39842987060546875
-4.091962814331055 14.810501098632812 -0.41793251037597656

2
-14.415387153625488 -14.811463356018066 -0.040647029876708984
-14.306493759155273 -13.401679992675781 -0.07636022567749023
-14.217000961303711 -11.894577026367188 -0.10180854797363281
-14.17248821258545 -10.41615104675293 -0.126312255859375
-14.06122875213623 -8.915525436401367 -0.1430191993713379
-13.96377944946289 -7.422125816345215 -0.18053722381591797
-13.805097579956055 -6.075874328613281 -0.2046360969543457
-13.626285552978516 -4.353507041931152 -0.24541234970092773
-13.949943542480469 -2.979201316833496 -0.26027631759643555
-14.953753471374512 -1.8552217483520508 -0.29720401763916016
-16.457212448120117 -1.3989458084106445 -0.30242204666137695
-17.790313720703125 -1.2325983047485352 -0.29900121688842773
-19.398435592651367 -1.136033058166504 -0.28956079483032227
-20.97694206237793 -1.0100517272949219 -0.27855396270751953
-22.406763076782227 -0.897313117980957 -0.2812776565551758
-23.88605308532715 -0.808619499206543 -0.28284597396850586
-25.305387496948242 -0.6963176727294922 -0.28052234649658203
-26.757095336914062 -0.6302099227905273 -0.2677302360534668
-28.371917724609375 -0.537693977355957 -0.2842073440551758
-29.83757209777832 -0.3875465393066406 -0.26476001739501953

2
-12.361577987670898 14.796031951904297 -0.2944455146789551
-12.410493850708008 13.50949478149414 -0.2866630554199219
-12.500158309936523 12.275030136108398 -0.30306243896484375
-12.558549880981445 10.989362716674805 -0.3083205223083496
-12.689651489257812 9.773096084594727 -0.3022189140319824
-12.975635528564453 8.347679138183594 -0.32106685638427734
-13.522891998291016 7.288064956665039 -0.32245540618896484
-14.575830459594727 6.460784912109375 -0.3106670379638672
-15.688827514648438 6.318111419677734 -0.29207277297973633
-17.01274871826172 6.404605865478516 -0.28509950637817383
-18.343677520751953 6.505321502685547 -0.29172754287719727
-19.651229858398438 6.621509552001953 -0.29105043411254883
-20.908058166503906 6.741035461425781 -0.2975006103515625
-22.150890350341797 6.865877151489258 -0.30075502395629883
-23.475732803344727 6.997684478759766 -0.29568910598754883
-24.760013580322266 7.13909912109375 -0.29137611389160156
-25.99476432800293 7.215173721313477 -0.28740406036376953
-27.21683120727539 7.3436431884765625 -0.28686046600341797
-28.557239532470703 7.42070198059082 -0.2809157371520996
-29.840116500854492 7.594125747680664 -0.277987003326416

2
29.84600067138672 -4.580340385437012 -0.33123254776000977
27.53311538696289 -4.443297386169434 -0.322049617767334
25.07740020751953 -4.287235260009766 -0.31125831604003906
22.641826629638672 -4.128426551818848 -0.30148839950561523
20.281936645507812 -3.9565773010253906 -0.30725574493408203
17.866241455078125 -3.770883560180664 -0.31154918670654297
15.383232116699219 -3.5932083129882812 -0.30318164825439453
12.930305480957031 -3.3714828491210938 -0.29431629180908203
10.501174926757812 -3.2109336853027344 -0.2918124198913574
7.805229187011719 -3.0218677520751953 -0.2922663688659668
5.4321136474609375 -2.863656997680664 -0.29035234451293945
3.0659523010253906 -2.7119665145874023 -0.30265045166015625
0.6152839660644531 -2.4954986572265625 -0.30393409729003906
-2.0038585662841797 -2.3554439544677734 -0.3055686950683594
-4.1377410888671875 -3.0123348236083984 -0.25467967987060547
-5.496879577636719 -5.079326629638672 -0.22601747512817383
-5.639682769775391 -7.596183776855469 -0.18116283416748047
-5.727201461791992 -9.965946197509766 -0.11664104461669922
-5.944005966186523 -12.37147331237793 -0.056696414947509766
-6.130422592163086 -14.801543235778809 0.010473251342773438

1
-14.02588939666748 -3.6879568099975586 -0.24436569213867188
-13.849023818969727 -1.8938179016113281 -0.24779415130615234
-13.686405181884766 -0.10050201416015625 -0.258821964263916
-13.554550170898438 1.6991291046142578 -0.2725396156311035
-13.29964828491211 3.4490127563476562 -0.27429771423339844
-13.23042106628418 5.249507904052734 -0.29724979400634766
-13.06646728515625 6.951440811157227 -0.3007025718688965
-12.899394989013672 8.86810302734375 -0.30327606201171875
-13.955711364746094 9.162239074707031 -0.25663137435913086
-15.949061393737793 8.757883071899414 -0.19455575942993164
-17.603069305419922 8.601829528808594 -0.1319904327392578
-17.903335571289062 6.781669616699219 -0.13251209259033203
-17.959918975830078 5.000537872314453 -0.1466083526611328
-18.103363037109375 3.218881607055664 -0.15491724014282227
-18.278303146362305 1.5003166198730469 -0.15743732452392578
-18.490070343017578 -0.3662090301513672 -0.15356016159057617
-18.628582000732422 -2.08819580078125 -0.16463279724121094
-17.537620544433594 -2.875307083129883 -0.18308687210083008
-15.880134582519531 -3.359766960144043 -0.21165943145751953
-14.007636070251465 -3.6483898162841797 -0.2546520233154297

0
-19.99439239501953 2.4489879608154297 -0.2673454284667969
-20.56447982788086 2.4729976654052734 -0.26705503463745117
-21.036617279052734 2.502298355102539 -0.267519474029541
-21.591976165771484 2.5420913696289062 -0.26935577392578125
-22.104394912719727 2.585428237915039 -0.27670860290527344
-22.61223793029785 2.651592254638672 -0.2862668037414551
-23.2932186126709 2.6773033142089844 -0.2863006591796875
-23.81208610534668 2.714681625366211 -0.28951358795166016
-24.247020721435547 2.753215789794922 -0.2950868606567383
-24.759496688842773 2.7983131408691406 -0.29694557189941406
-25.202661514282227 2.8277053833007812 -0.2990078926086426
-25.793766021728516 2.8601207733154297 -0.2978630065917969
-26.403961181640625 2.905282974243164 -0.28961849212646484
-26.865924835205078 2.936948776245117 -0.2983074188232422
-27.322839736938477 2.979249954223633 -0.2957763671875
-27.919734954833984 3.0077381134033203 -0.29316139221191406
-28.533679962158203 3.077085494995117 -0.29398250579833984
-29.06513023376465 3.1236839294433594 -0.28983640670776367
-29.53647232055664 3.144380569458008 -0.2901797294616699
-29.981416702270508 3.192068099975586 -0.28815793991088867

1
-3.8578968048095703 5.635101318359375 -0.25516271591186523
-3.9121532440185547 4.164365768432617 -0.24802923202514648
-4.107120513916016 2.7356624603271484 -0.23564624786376953
-4.180889129638672 1.2022266387939453 -0.2216033935546875
-4.390642166137695 -0.39127635955810547 -0.20557355880737305
-4.3619384765625 -1.855367660522461 -0.19825506210327148
-4.6181640625 -3.2765426635742188 -0.1805562973022461
-4.556709289550781 -4.679184913635254 -0.1738262176513672
-3.1517410278320312 -4.282054901123047 -0.16757678985595703
-1.6681385040283203 -3.9372711181640625 -0.1740884780883789
-0.1746044158935547 -3.623697280883789 -0.17931604385375977
0.3480186462402344 -2.546201705932617 -0.18976593017578125
0.46993446350097656 -1.0064764022827148 -0.22703981399536133
0.5296440124511719 0.5000696182250977 -0.26261043548583984
0.6312770843505859 1.9456844329833984 -0.2863583564758301
0.7637100219726562 3.346942901611328 -0.3128366470336914
0.6376247406005859 4.682041168212891 -0.32964420318603516
-0.8665504455566406 4.948703765869141 -0.30214738845825195
-2.383298873901367 5.346006393432617 -0.2837996482849121
-3.857839584350586 5.691198348999023 -0.2710089683532715

1
-15.110784530639648 -7.649547576904297 -0.07593297958374023
-13.41425895690918 -7.749963760375977 -0.07039356231689453
-11.836633682250977 -7.845930576324463 -0.07681608200073242
-10.218894958496094 -7.959037780761719 -0.08312273025512695
-8.603286743164062 -8.036604881286621 -0.09058094024658203
-6.970457077026367 -8.18726921081543 -0.09019947052001953
-5.336759567260742 -8.264874458312988 -0.09259176254272461
-4.583009719848633 -7.3250250816345215 -0.10688447952270508
-4.193788528442383 -5.767358779907227 -0.14638996124267578
-3.7428321838378906 -4.1777849197387695 -0.1862478256225586
-4.894735336303711 -3.645862579345703 -0.20278072357177734
-6.434597015380859 -3.54573917388916 -0.21224594116210938
-8.097471237182617 -3.442535400390625 -0.20898199081420898
-9.72459602355957 -3.3557872772216797 -0.2003941535949707
-11.134029388427734 -3.2921953201293945 -0.20843887329101562
-12.801570892333984 -3.1798973083496094 -0.21313762664794922
-14.494169235229492 -3.048809051513672 -0.2009449005126953
-14.79916000366211 -4.53297233581543 -0.16105318069458008
-14.937935829162598 -6.098269462585449 -0.11328458786010742
-15.09055233001709 -7.669215202331543 -0.07155990600585938

