1
-13.174976348876953 10.672199249267578 -0.2973628044128418
-14.239831924438477 9.29903793334961 -0.2928504943847656
-15.140966415405273 7.920768737792969 -0.301938533782959
-16.042095184326172 6.569276809692383 -0.2931380271911621
-14.978879928588867 6.096393585205078 -0.2916245460510254
-13.379501342773438 6.004325866699219 -0.2915205955505371
-11.88444709777832 5.884225845336914 -0.3014702796936035
-10.353212356567383 5.794057846069336 -0.29462671279907227
-8.702287673950195 5.727024078369141 -0.30150794982910156
-7.193572998046875 5.630926132202148 -0.29381799697875977
-5.470064163208008 5.489734649658203 -0.28512001037597656
-4.636537551879883 6.266071319580078 -0.2855386734008789
-4.46992301940918 7.932041168212891 -0.3251791000366211
-4.409902572631836 9.562177658081055 -0.35048341751098633
-5.201204299926758 10.214500427246094 -0.36236047744750977
-6.839469909667969 10.394487380981445 -0.35651111602783203
-8.490385055541992 10.446054458618164 -0.34650611877441406
-9.918466567993164 10.459932327270508 -0.3351469039916992
-11.474433898925781 10.562469482421875 -0.3093700408935547
-13.14712905883789 10.618097305297852 -0.28830528259277344

2
-14.57267951965332 -14.810795783996582 -0.021915435791015625
-14.507095336914062 -13.435680389404297 -0.058039188385009766
-14.403427124023438 -11.965648651123047 -0.08425331115722656
-14.410341262817383 -10.503541946411133 -0.10975790023803711
-14.32152271270752 -9.040634155273438 -0.12524986267089844
-14.256929397583008 -7.552903652191162 -0.16380882263183594
-14.091208457946777 -6.206871032714844 -0.19442367553710938
-13.956769943237305 -4.591073989868164 -0.23804998397827148
-14.301604270935059 -3.23116397857666 -0.2562103271484375
-15.243454933166504 -2.085049629211426 -0.297818660736084
-16.704669952392578 -1.655405044555664 -0.30660390853881836
-18.03578758239746 -1.5596904754638672 -0.3017392158508301
-19.602127075195312 -1.4844532012939453 -0.28713274002075195
-21.099620819091797 -1.3776512145996094 -0.2757105827331543
-22.541629791259766 -1.2903423309326172 -0.28379297256469727
-23.96255111694336 -1.162064552307129 -0.28759002685546875
-25.403284072875977 -1.0718088150024414 -0.2825593948364258
-26.845867156982422 -1.0320453643798828 -0.26775360107421875
-28.397790908813477 -0.9294605255126953 -0.28382301330566406
-29.835735321044922 -0.8454627990722656 -0.2784895896911621

2
-12.977481842041016 14.801790237426758 -0.3538022041320801
-12.95134162902832 13.526033401489258 -0.3486447334289551
-13.039295196533203 12.305780410766602 -0.35350561141967773
-13.075721740722656 11.072372436523438 -0.34995317459106445
-13.134244918823242 9.817306518554688 -0.3367609977722168
-13.366500854492188 8.432687759399414 -0.3468947410583496
-13.787206649780273 7.2586212158203125 -0.3478069305419922
-14.691248893737793 6.369457244873047 -0.33980464935302734
-15.848381042480469 6.092533111572266 -0.32517480850219727
-17.20261001586914 6.119243621826172 -0.32508373260498047
-18.435611724853516 6.207334518432617 -0.3237166404724121
-19.802766799926758 6.293722152709961 -0.3253798484802246
-21.01919937133789 6.397983551025391 -0.33038806915283203
-22.228551864624023 6.505023956298828 -0.3256516456604004
-23.573291778564453 6.6175994873046875 -0.3273472785949707
-24.829120635986328 6.699066162109375 -0.3253922462463379
-26.077051162719727 6.828969955444336 -0.32953596115112305
-27.289630889892578 6.903514862060547 -0.32193946838378906
-28.589691162109375 6.974241256713867 -0.31680774688720703
-29.846094131469727 7.103282928466797 -0.31839609146118164

2
29.820453643798828 3.481670379638672 -0.38765573501586914
27.360225677490234 3.5879249572753906 -0.3862185478210449
24.883953094482422 3.7083168029785156 -0.3900156021118164
22.37020492553711 3.8987884521484375 -0.38447999954223633
19.86916732788086 4.058385848999023 -0.37964487075805664
17.194026947021484 4.250041961669922 -0.37842893600463867
14.663429260253906 4.4097442626953125 -0.38292884826660156
12.285945892333984 4.584611892700195 -0.3638782501220703
9.881904602050781 4.740680694580078 -0.36671876907348633
7.284175872802734 4.864130020141602 -0.38271570205688477
4.786231994628906 4.95313835144043 -0.38749217987060547
2.222911834716797 5.023069381713867 -0.37807178497314453
0.42867469787597656 4.134265899658203 -0.35680580139160156
-1.5174503326416016 3.539043426513672 -0.33736324310302734
-3.973936080932617 4.18865966796875 -0.31050920486450195
-5.914461135864258 5.897682189941406 -0.3558025360107422
-6.122613906860352 8.568920135498047 -0.41550636291503906
-5.119569778442383 9.721961975097656 -0.40920066833496094
-4.820243835449219 12.295068740844727 -0.4362959861755371
-4.619150161743164 14.7984619140625 -0.4761161804199219

2
29.83924102783203 -4.183523178100586 -0.3066115379333496
27.531028747558594 -4.0777997970581055 -0.29965639114379883
25.085922241210938 -3.9506826400756836 -0.2917909622192383
22.628910064697266 -3.8340091705322266 -0.2854270935058594
20.228496551513672 -3.678910255432129 -0.28969621658325195
17.792861938476562 -3.540532112121582 -0.29613494873046875
15.297393798828125 -3.40915584564209 -0.28960371017456055
12.830207824707031 -3.2198190689086914 -0.2872757911682129
10.377017974853516 -3.0989151000976562 -0.2814955711364746
7.719043731689453 -2.9560794830322266 -0.28479433059692383
5.239879608154297 -2.8246288299560547 -0.28505468368530273
2.8753738403320312 -2.692689895629883 -0.29973459243774414
0.4586334228515625 -2.5032243728637695 -0.30458641052246094
-2.2216625213623047 -2.3750085830688477 -0.306978702545166
-4.3958740234375 -2.940265655517578 -0.2566404342651367
-5.784795761108398 -5.017338752746582 -0.2242445945739746
-5.9165802001953125 -7.582308292388916 -0.17180585861206055
-5.9188690185546875 -9.949920654296875 -0.10208368301391602
-6.07830810546875 -12.363251686096191 -0.03177976608276367
-6.239389419555664 -14.801197052001953 0.03246355056762695

0
-20.325843811035156 2.191852569580078 -0.2740941047668457
-20.817554473876953 2.2022857666015625 -0.27615928649902344
-21.35501480102539 2.227062225341797 -0.279538631439209
-21.889251708984375 2.2629146575927734 -0.2845325469970703
-22.362781524658203 2.296876907348633 -0.291776180267334
-22.897228240966797 2.345857620239258 -0.29860687255859375
-23.51089096069336 2.379680633544922 -0.3004951477050781
-24.03154945373535 2.408794403076172 -0.3020796775817871
-24.469959259033203 2.4324588775634766 -0.30233287811279297
-24.918384552001953 2.4717540740966797 -0.30530738830566406
-25.425682067871094 2.491395950317383 -0.31276464462280273
-25.976022720336914 2.5101318359375 -0.3073296546936035
-26.53009796142578 2.542369842529297 -0.2999758720397949
-27.023399353027344 2.5776233673095703 -0.3102097511291504
-27.467288970947266 2.605649948120117 -0.31018924713134766
-28.020204544067383 2.6409549713134766 -0.31263065338134766
-28.613143920898438 2.670297622680664 -0.3079953193664551
-29.13642120361328 2.7078819274902344 -0.30476951599121094
-29.578683853149414 2.7289199829101562 -0.30742740631103516
-29.98535919189453 2.7525558471679688 -0.30398082733154297

1
-4.342235565185547 5.61229133605957 -0.26735401153564453
-4.3954315185546875 4.116357803344727 -0.2571754455566406
-4.535888671875 2.659059524536133 -0.24343156814575195
-4.57200813293457 1.1734867095947266 -0.2306222915649414
-4.737388610839844 -0.42875099182128906 -0.21331548690795898
-4.722709655761719 -1.8722810745239258 -0.2007589340209961
-4.962331771850586 -3.32888126373291 -0.1824946403503418
-4.9012603759765625 -4.726117134094238 -0.17090272903442383
-3.4469947814941406 -4.310057640075684 -0.16769886016845703
-1.9486770629882812 -3.9484195709228516 -0.17258548736572266
-0.4830970764160156 -3.6439895629882812 -0.17975473403930664
0.03334236145019531 -2.542835235595703 -0.1892542839050293
0.11146163940429688 -0.9938383102416992 -0.2284221649169922
0.1349010467529297 0.45360660552978516 -0.26397132873535156
0.12267303466796875 1.9074344635009766 -0.2939152717590332
0.23133468627929688 3.3649940490722656 -0.33010387420654297
0.15416908264160156 4.721004486083984 -0.34429502487182617
-1.3615989685058594 4.969038009643555 -0.31639719009399414
-2.8473358154296875 5.303363800048828 -0.29971981048583984
-4.347528457641602 5.660619735717773 -0.28974008560180664

1
-15.380270004272461 -7.888638019561768 -0.05729055404663086
-13.735740661621094 -7.9627885818481445 -0.0539851188659668
-12.127691268920898 -8.038475036621094 -0.058014869689941406
-10.528139114379883 -8.127410888671875 -0.06609582901000977
-8.897302627563477 -8.189123153686523 -0.0759744644165039
-7.236320495605469 -8.299184799194336 -0.07314252853393555
-5.620326995849609 -8.352181434631348 -0.07560586929321289
-4.877285003662109 -7.436177730560303 -0.09467601776123047
-4.538183212280273 -5.863943099975586 -0.13741683959960938
-4.116504669189453 -4.240486145019531 -0.18123960494995117
-5.212284088134766 -3.70361328125 -0.1982440948486328
-6.769344329833984 -3.6146392822265625 -0.20891332626342773
-8.399820327758789 -3.5491762161254883 -0.20438098907470703
-10.034038543701172 -3.507033348083496 -0.19776630401611328
-11.46900749206543 -3.444568634033203 -0.20624351501464844
-13.168651580810547 -3.3437070846557617 -0.2053050994873047
-14.799062728881836 -3.2838897705078125 -0.19603204727172852
-15.147138595581055 -4.771332740783691 -0.15297365188598633
-15.227673530578613 -6.330450057983398 -0.10334920883178711
-15.352093696594238 -7.904372692108154 -0.053166866302490234

1
-14.348348617553711 -3.92465877532959 -0.2386002540588379
-14.1773042678833 -2.079669952392578 -0.24901437759399414
-14.083894729614258 -0.34200191497802734 -0.26230382919311523
-13.955804824829102 1.478616714477539 -0.2774825096130371
-13.765495300292969 3.2648372650146484 -0.28467321395874023
-13.748043060302734 5.001697540283203 -0.3178248405456543
-13.535039901733398 6.750520706176758 -0.32631969451904297
-13.394792556762695 8.599878311157227 -0.3315138816833496
-14.473525047302246 8.924734115600586 -0.29174232482910156
-16.470277786254883 8.501569747924805 -0.22474241256713867
-18.18149185180664 8.373226165771484 -0.15973186492919922
-18.442543029785156 6.481777191162109 -0.14692258834838867
-18.442825317382812 4.771251678466797 -0.15201044082641602
-18.5438175201416 2.936952590942383 -0.16413545608520508
-18.65433692932129 1.2620391845703125 -0.16137075424194336
-18.84105682373047 -0.6825828552246094 -0.15874195098876953
-18.977764129638672 -2.3755435943603516 -0.1632065773010254
-17.848163604736328 -3.195145606994629 -0.17798328399658203
-16.14468765258789 -3.6236257553100586 -0.20616674423217773
-14.334957122802734 -3.946749687194824 -0.25657176971435547

