1
-13.686578750610352 10.54753303527832 -0.31270694732666016
-14.728217124938965 9.186967849731445 -0.30518054962158203
-15.581725120544434 7.812526702880859 -0.3123335838317871
-16.626331329345703 6.369182586669922 -0.29619789123535156
-15.380898475646973 5.9322967529296875 -0.29583263397216797
-13.873754501342773 5.823253631591797 -0.2966580390930176
-12.253551483154297 5.75684928894043 -0.3064112663269043
-10.809595108032227 5.6662750244140625 -0.29892921447753906
-9.147283554077148 5.611173629760742 -0.3063693046569824
-7.5920257568359375 5.535497665405273 -0.30192041397094727
-5.893556594848633 5.418664932250977 -0.29392194747924805
-5.099058151245117 6.206672668457031 -0.2945690155029297
-4.912220001220703 7.814533233642578 -0.3378944396972656
-4.809627532958984 9.489372253417969 -0.3695683479309082
-5.606836318969727 10.16053581237793 -0.3851318359375
-7.339147567749023 10.273685455322266 -0.3763465881347656
-8.980600357055664 10.344650268554688 -0.3703732490539551
-10.418497085571289 10.350765228271484 -0.36299943923950195
-12.009071350097656 10.421043395996094 -0.3342247009277344
-13.675325393676758 10.496055603027344 -0.31238508224487305

2
29.83443832397461 3.806570053100586 -0.42650794982910156
27.3604736328125 3.8659095764160156 -0.42410755157470703
24.848106384277344 3.9964523315429688 -0.42275333404541016
22.315635681152344 4.162818908691406 -0.4190964698791504
19.79412078857422 4.291435241699219 -0.4121532440185547
17.13235855102539 4.435096740722656 -0.41242504119873047
14.548828125 4.57258415222168 -0.41847991943359375
12.087963104248047 4.717555999755859 -0.3951740264892578
9.624626159667969 4.856040954589844 -0.394559383392334
7.0143890380859375 4.936759948730469 -0.40119504928588867
4.427310943603516 5.007663726806641 -0.4013333320617676
1.8971939086914062 5.049585342407227 -0.39457225799560547
0.0319976806640625 4.270185470581055 -0.37485265731811523
-1.9516468048095703 3.5308074951171875 -0.34514284133911133
-4.484050750732422 4.075963973999023 -0.3171539306640625
-6.273202896118164 5.838893890380859 -0.3645772933959961
-6.5653533935546875 8.448017120361328 -0.4307575225830078
-5.555614471435547 9.772974014282227 -0.4408378601074219
-5.32037353515625 12.268709182739258 -0.4830780029296875
-5.123878479003906 14.80020523071289 -0.5208005905151367

2
-14.928106307983398 -14.812468528747559 0.044460296630859375
-14.867475509643555 -13.443140029907227 0.0026488304138183594
-14.746161460876465 -12.043289184570312 -0.024679183959960938
-14.772294998168945 -10.627187728881836 -0.050900936126708984
-14.643970489501953 -9.138713836669922 -0.07723093032836914
-14.608331680297852 -7.701437950134277 -0.11410903930664062
-14.492486953735352 -6.356681823730469 -0.15416860580444336
-14.323627471923828 -4.820034027099609 -0.21351099014282227
-14.65820598602295 -3.4826879501342773 -0.24340248107910156
-15.44667911529541 -2.315354347229004 -0.27486467361450195
-16.948965072631836 -1.8716192245483398 -0.2950868606567383
-18.313138961791992 -1.7680339813232422 -0.2905101776123047
-19.82192611694336 -1.7307548522949219 -0.2687253952026367
-21.274856567382812 -1.6704158782958984 -0.2554454803466797
-22.70090103149414 -1.6078968048095703 -0.2600388526916504
-24.065773010253906 -1.5315418243408203 -0.25946760177612305
-25.480411529541016 -1.4625511169433594 -0.2528400421142578
-26.94660186767578 -1.4081430435180664 -0.24432802200317383
-28.41921615600586 -1.3105573654174805 -0.25514936447143555
-29.8320255279541 -1.2471284866333008 -0.2498321533203125

2
-13.46572494506836 14.798791885375977 -0.38828420639038086
-13.464776992797852 13.549203872680664 -0.37157678604125977
-13.576700210571289 12.324592590332031 -0.37413454055786133
-13.606729507446289 11.10626220703125 -0.364809513092041
-13.696428298950195 9.871929168701172 -0.35079336166381836
-13.862442016601562 8.569793701171875 -0.35536670684814453
-14.172921180725098 7.334531784057617 -0.35576343536376953
-14.912125587463379 6.386682510375977 -0.3463163375854492
-16.106128692626953 5.93779182434082 -0.330777645111084
-17.428447723388672 5.935939788818359 -0.32260560989379883
-18.65105438232422 5.949176788330078 -0.3199806213378906
-19.898536682128906 6.065362930297852 -0.3201265335083008
-21.17910385131836 6.116533279418945 -0.3247370719909668
-22.364383697509766 6.265645980834961 -0.3204951286315918
-23.66729736328125 6.324836730957031 -0.3300032615661621
-24.933731079101562 6.419271469116211 -0.32390832901000977
-26.13290786743164 6.486667633056641 -0.32785749435424805
-27.351211547851562 6.573263168334961 -0.3201303482055664
-28.63422966003418 6.637819290161133 -0.31398820877075195
-29.85725975036621 6.739933013916016 -0.31133174896240234

1
-14.758149147033691 -4.1189727783203125 -0.20403766632080078
-14.538987159729004 -2.260434150695801 -0.2304387092590332
-14.474176406860352 -0.5351572036743164 -0.24751615524291992
-14.35841178894043 1.3077049255371094 -0.2618117332458496
-14.168216705322266 3.0813980102539062 -0.2773303985595703
-14.166475296020508 4.808004379272461 -0.3117356300354004
-13.96844482421875 6.556697845458984 -0.3232297897338867
-13.933595657348633 8.414119720458984 -0.3431825637817383
-14.93559455871582 8.76873779296875 -0.3014969825744629
-16.979900360107422 8.314050674438477 -0.22563552856445312
-18.66214370727539 8.143461227416992 -0.15543413162231445
-18.872331619262695 6.266836166381836 -0.15087556838989258
-18.93354034423828 4.459314346313477 -0.14351224899291992
-18.974292755126953 2.675445556640625 -0.1518707275390625
-19.024093627929688 1.0624580383300781 -0.13933324813842773
-19.136474609375 -0.838139533996582 -0.13698196411132812
-19.389877319335938 -2.5985288619995117 -0.13918209075927734
-18.20281982421875 -3.4266719818115234 -0.15271615982055664
-16.484018325805664 -3.783085823059082 -0.17833662033081055
-14.766483306884766 -4.142500877380371 -0.23521041870117188

2
29.83826446533203 -3.8745508193969727 -0.3193979263305664
27.504981994628906 -3.7681264877319336 -0.3067479133605957
25.05638885498047 -3.688626289367676 -0.3017458915710449
22.563926696777344 -3.5591115951538086 -0.29169178009033203
20.159778594970703 -3.456862449645996 -0.2904486656188965
17.717361450195312 -3.335172653198242 -0.29483747482299805
15.191463470458984 -3.241776466369629 -0.2878408432006836
12.689582824707031 -3.0910463333129883 -0.28471803665161133
10.210124969482422 -2.9921226501464844 -0.27631425857543945
7.566864013671875 -2.890615463256836 -0.284576416015625
5.045093536376953 -2.7818832397460938 -0.2859678268432617
2.6348114013671875 -2.686410903930664 -0.2977104187011719
0.245880126953125 -2.5344390869140625 -0.3014512062072754
-2.445842742919922 -2.437441825866699 -0.30529260635375977
-4.66862678527832 -2.9201812744140625 -0.24768972396850586
-6.117973327636719 -4.957236289978027 -0.2079610824584961
-6.258243560791016 -7.548590660095215 -0.13532352447509766
-6.278778076171875 -9.991877555847168 -0.052808284759521484
-6.418474197387695 -12.355674743652344 0.029871463775634766
-6.389091491699219 -14.804668426513672 0.09694862365722656

0
-20.740909576416016 1.94384765625 -0.2667536735534668
-21.307960510253906 1.9594669342041016 -0.270322322845459
-21.799423217773438 1.9828529357910156 -0.2718052864074707
-22.2877197265625 1.9988670349121094 -0.27379846572875977
-22.699993133544922 2.0246238708496094 -0.276458740234375
-23.2062931060791 2.0566329956054688 -0.2859516143798828
-23.797435760498047 2.0751876831054688 -0.2852144241333008
-24.29114532470703 2.094268798828125 -0.28790712356567383
-24.717397689819336 2.124784469604492 -0.2870521545410156
-25.134601593017578 2.1396312713623047 -0.2888193130493164
-25.667301177978516 2.179262161254883 -0.29450511932373047
-26.155433654785156 2.210969924926758 -0.2914085388183594
-26.690841674804688 2.2372207641601562 -0.2817821502685547
-27.135778427124023 2.262470245361328 -0.29319286346435547
-27.573246002197266 2.2788658142089844 -0.29020166397094727
-28.096555709838867 2.3102493286132812 -0.29625749588012695
-28.656282424926758 2.323955535888672 -0.293942928314209
-29.153898239135742 2.344797134399414 -0.2876920700073242
-29.591896057128906 2.385364532470703 -0.2893099784851074
-29.98439598083496 2.3976078033447266 -0.28981924057006836

1
-4.796010971069336 5.551525115966797 -0.2774052619934082
-4.84037971496582 4.0339202880859375 -0.26374387741088867
-4.936939239501953 2.5756072998046875 -0.24669551849365234
-5.0090484619140625 1.0959854125976562 -0.2293391227722168
-5.087911605834961 -0.48162269592285156 -0.2086315155029297
-5.113103866577148 -1.9256858825683594 -0.19285249710083008
-5.319915771484375 -3.376485824584961 -0.16945123672485352
-5.305805206298828 -4.809307098388672 -0.15669012069702148
-3.814847946166992 -4.375026702880859 -0.1521744728088379
-2.2716312408447266 -3.988393783569336 -0.15861940383911133
-0.8812808990478516 -3.669955253601074 -0.1720881462097168
-0.3544769287109375 -2.530548095703125 -0.1852574348449707
-0.2410125732421875 -1.0113515853881836 -0.22672367095947266
-0.23521804809570312 0.4458494186401367 -0.2625126838684082
-0.24338150024414062 1.8636760711669922 -0.297792911529541
-0.15113067626953125 3.3795700073242188 -0.3401651382446289
-0.2387866973876953 4.694597244262695 -0.3562736511230469
-1.7927398681640625 4.927238464355469 -0.3319730758666992
-3.2671852111816406 5.244550704956055 -0.3142223358154297
-4.797082901000977 5.57719612121582 -0.2999420166015625

1
-15.718182563781738 -8.097139358520508 -0.003090381622314453
-14.109833717346191 -8.117757797241211 -0.0029463768005371094
-12.463447570800781 -8.189535140991211 -0.012141704559326172
-10.874992370605469 -8.262863159179688 -0.021884441375732422
-9.245660781860352 -8.31348991394043 -0.029358386993408203
-7.634166717529297 -8.385149002075195 -0.03446531295776367
-5.993618011474609 -8.418367385864258 -0.041834354400634766
-5.216794967651367 -7.511054039001465 -0.0696859359741211
-4.855827331542969 -5.951143264770508 -0.11864805221557617
-4.453754425048828 -4.281004905700684 -0.17143869400024414
-5.551752090454102 -3.7441844940185547 -0.1876850128173828
-7.109075546264648 -3.685321807861328 -0.19458627700805664
-8.754753112792969 -3.6384592056274414 -0.19297027587890625
-10.334766387939453 -3.621265411376953 -0.18492841720581055
-11.861320495605469 -3.5548477172851562 -0.19341802597045898
-13.563350677490234 -3.5175771713256836 -0.18701171875
-15.171039581298828 -3.486800193786621 -0.17881011962890625
-15.513080596923828 -4.981666564941406 -0.12430334091186523
-15.605151176452637 -6.493498802185059 -0.07036066055297852
-15.688200950622559 -8.073291778564453 -0.008278369903564453

