1
-14.187687873840332 10.420883178710938 -0.2982497215270996
-15.21351432800293 9.037969589233398 -0.288482666015625
-16.14710235595703 7.640035629272461 -0.2852592468261719
-17.130168914794922 6.20225715637207 -0.2726898193359375
-15.911371231079102 5.779571533203125 -0.2697725296020508
-14.382759094238281 5.707729339599609 -0.27663230895996094
-12.787242889404297 5.661464691162109 -0.29014110565185547
-11.254674911499023 5.565141677856445 -0.2854313850402832
-9.550125122070312 5.536340713500977 -0.29446840286254883
-8.062261581420898 5.441371917724609 -0.2935028076171875
-6.334083557128906 5.340084075927734 -0.2853517532348633
-5.504085540771484 6.126914978027344 -0.29506683349609375
-5.298606872558594 7.7552947998046875 -0.3387479782104492
-5.22947883605957 9.361166000366211 -0.37067079544067383
-6.07762336730957 10.090408325195312 -0.37865638732910156
-7.8132171630859375 10.149124145507812 -0.367950439453125
-9.606101989746094 10.198806762695312 -0.36569690704345703
-10.893651962280273 10.219192504882812 -0.35546350479125977
-12.610273361206055 10.295612335205078 -0.32796525955200195
-14.221136093139648 10.369392395019531 -0.3058304786682129

2
29.827640533447266 4.032527923583984 -0.5268607139587402
27.319908142089844 4.092861175537109 -0.5071272850036621
24.80660629272461 4.225032806396484 -0.49875545501708984
22.281219482421875 4.356769561767578 -0.48516273498535156
19.7490234375 4.464048385620117 -0.47124767303466797
17.063152313232422 4.585277557373047 -0.4614725112915039
14.45815658569336 4.6967926025390625 -0.4672842025756836
11.920581817626953 4.81541633605957 -0.4376344680786133
9.456470489501953 4.93513298034668 -0.42582273483276367
6.846179962158203 5.0038299560546875 -0.42194700241088867
4.1898193359375 5.0543060302734375 -0.41909027099609375
1.563262939453125 5.082527160644531 -0.40738868713378906
-0.4043922424316406 4.311262130737305 -0.3867311477661133
-2.384134292602539 3.4844512939453125 -0.35375547409057617
-4.919292449951172 3.9292430877685547 -0.31927967071533203
-6.728494644165039 5.805103302001953 -0.3613266944885254
-6.943927764892578 8.419689178466797 -0.4281959533691406
-5.971340179443359 9.752613067626953 -0.44716930389404297
-5.744405746459961 12.215055465698242 -0.5085568428039551
-5.623506546020508 14.804033279418945 -0.5453319549560547

2
-15.177414894104004 -14.81014347076416 0.11510610580444336
-15.119067192077637 -13.437102317810059 0.07095956802368164
-14.986504554748535 -12.08668041229248 0.041779518127441406
-15.013010025024414 -10.71282958984375 0.0047092437744140625
-14.885812759399414 -9.207324028015137 -0.02822732925415039
-14.883033752441406 -7.783289432525635 -0.05989789962768555
-14.804555892944336 -6.441083908081055 -0.09941291809082031
-14.702004432678223 -4.954364776611328 -0.16087818145751953
-15.008506774902344 -3.6080150604248047 -0.1866755485534668
-15.761964797973633 -2.4598608016967773 -0.21524620056152344
-17.169784545898438 -2.0122013092041016 -0.24013662338256836
-18.582611083984375 -1.9043846130371094 -0.23412132263183594
-20.016860961914062 -1.8747797012329102 -0.20326757431030273
-21.466602325439453 -1.820570945739746 -0.18587350845336914
-22.80608367919922 -1.7707891464233398 -0.1780838966369629
-24.170780181884766 -1.7354316711425781 -0.17044734954833984
-25.579608917236328 -1.6918601989746094 -0.16312646865844727
-27.008756637573242 -1.6593999862670898 -0.14976215362548828
-28.439739227294922 -1.5769472122192383 -0.1590423583984375
-29.83116912841797 -1.548293113708496 -0.14666509628295898

2
29.839431762695312 -3.532656669616699 -0.4182620048522949
27.458820343017578 -3.5211286544799805 -0.4001126289367676
25.000762939453125 -3.4466514587402344 -0.3770766258239746
22.520008087158203 -3.3514041900634766 -0.3606252670288086
20.077659606933594 -3.294978141784668 -0.3469882011413574
17.635818481445312 -3.1875391006469727 -0.33215999603271484
15.089118957519531 -3.1233701705932617 -0.31968212127685547
12.577659606933594 -3.000552177429199 -0.30826854705810547
10.112403869628906 -2.9052343368530273 -0.29747867584228516
7.4666748046875 -2.826242446899414 -0.30469465255737305
4.8936767578125 -2.733163833618164 -0.29646730422973633
2.4666061401367188 -2.651738166809082 -0.30057525634765625
0.0596771240234375 -2.523752212524414 -0.29912757873535156
-2.6189441680908203 -2.4228410720825195 -0.2999868392944336
-4.862274169921875 -2.870058059692383 -0.2347865104675293
-6.3628387451171875 -4.837838172912598 -0.17323589324951172
-6.471254348754883 -7.443660259246826 -0.09968328475952148
-6.510166168212891 -9.97697639465332 -0.0027937889099121094
-6.675443649291992 -12.398548126220703 0.08416223526000977
-6.743429183959961 -14.807587623596191 0.15839481353759766

2
-14.033750534057617 14.801403045654297 -0.3813962936401367
-14.02522087097168 13.567146301269531 -0.3664541244506836
-14.113532066345215 12.352912902832031 -0.3661670684814453
-14.15620231628418 11.152774810791016 -0.35341787338256836
-14.21750259399414 9.9073486328125 -0.3411555290222168
-14.326601028442383 8.62797737121582 -0.33968400955200195
-14.557575225830078 7.385707855224609 -0.3360433578491211
-15.205259323120117 6.477256774902344 -0.32465410232543945
-16.389284133911133 5.833518981933594 -0.3011589050292969
-17.611534118652344 5.77867317199707 -0.2807126045227051
-18.89035415649414 5.761226654052734 -0.27147579193115234
-20.061031341552734 5.81330680847168 -0.2689504623413086
-21.31625747680664 5.87507438659668 -0.27136850357055664
-22.47027587890625 5.998634338378906 -0.26493024826049805
-23.79318618774414 6.044824600219727 -0.27046728134155273
-25.031185150146484 6.109462738037109 -0.25765085220336914
-26.225053787231445 6.1909332275390625 -0.2598414421081543
-27.40621566772461 6.255985260009766 -0.24959707260131836
-28.66128921508789 6.3028106689453125 -0.23946809768676758
-29.86349105834961 6.382375717163086 -0.2341446876525879

1
-15.099536895751953 -4.23775577545166 -0.14449596405029297
-14.879450798034668 -2.4354248046875 -0.18191146850585938
-14.810990333557129 -0.6710901260375977 -0.21088266372680664
-14.762726783752441 1.207204818725586 -0.2269458770751953
-14.564264297485352 2.9369068145751953 -0.2447681427001953
-14.484484672546387 4.704982757568359 -0.2734355926513672
-14.37336254119873 6.455162048339844 -0.29533863067626953
-14.399250030517578 8.313928604125977 -0.3212580680847168
-15.39208984375 8.593524932861328 -0.2723960876464844
-17.43964385986328 8.194372177124023 -0.20135784149169922
-18.985126495361328 7.886875152587891 -0.12526941299438477
-19.312883377075195 6.1375579833984375 -0.12105941772460938
-19.349868774414062 4.292278289794922 -0.10364198684692383
-19.394453048706055 2.529775619506836 -0.09745025634765625
-19.519046783447266 0.7975015640258789 -0.08362436294555664
-19.571853637695312 -0.9290390014648438 -0.08356809616088867
-19.724010467529297 -2.7655887603759766 -0.0742025375366211
-18.543670654296875 -3.565018653869629 -0.07787036895751953
-16.796085357666016 -3.9456186294555664 -0.1095743179321289
-15.083280563354492 -4.295453071594238 -0.1687793731689453

1
-5.190406799316406 5.44944953918457 -0.2681708335876465
-5.229869842529297 3.9189281463623047 -0.25905704498291016
-5.340644836425781 2.4552478790283203 -0.23636627197265625
-5.378984451293945 0.9540348052978516 -0.21292543411254883
-5.435924530029297 -0.5816593170166016 -0.19664859771728516
-5.4498291015625 -2.0074338912963867 -0.1734299659729004
-5.608314514160156 -3.420750617980957 -0.14774703979492188
-5.578287124633789 -4.8418073654174805 -0.13923931121826172
-4.155961990356445 -4.431704521179199 -0.13114404678344727
-2.5672607421875 -3.997041702270508 -0.14061307907104492
-1.1534404754638672 -3.6588525772094727 -0.1594247817993164
-0.6773586273193359 -2.51210880279541 -0.1741008758544922
-0.5661640167236328 -1.0104494094848633 -0.22058677673339844
-0.5756263732910156 0.4339599609375 -0.25648021697998047
-0.5821189880371094 1.845693588256836 -0.29280614852905273
-0.5043239593505859 3.3718700408935547 -0.33591556549072266
-0.5702323913574219 4.667724609375 -0.36093568801879883
-2.181528091430664 4.8763275146484375 -0.3367805480957031
-3.6702613830566406 5.157413482666016 -0.31772375106811523
-5.209684371948242 5.470100402832031 -0.3007931709289551

0
-21.11363410949707 1.7138690948486328 -0.2063465118408203
-21.669939041137695 1.7370033264160156 -0.21288156509399414
-22.151081085205078 1.7574577331542969 -0.2130570411682129
-22.620128631591797 1.7802886962890625 -0.20956754684448242
-23.006343841552734 1.8024959564208984 -0.2057180404663086
-23.473970413208008 1.8311634063720703 -0.21508312225341797
-24.058895111083984 1.8334407806396484 -0.2136673927307129
-24.528236389160156 1.8444099426269531 -0.21830368041992188
-24.945249557495117 1.8644790649414062 -0.2151961326599121
-25.34157371520996 1.8729362487792969 -0.21486282348632812
-25.833833694458008 1.8793315887451172 -0.21539735794067383
-26.311424255371094 1.8925113677978516 -0.20851373672485352
-26.8507022857666 1.929443359375 -0.19797325134277344
-27.24964141845703 1.958517074584961 -0.20627880096435547
-27.667667388916016 1.9645938873291016 -0.20395755767822266
-28.158918380737305 1.97869873046875 -0.20809125900268555
-28.685104370117188 1.9923553466796875 -0.21427202224731445
-29.15606689453125 2.0113887786865234 -0.20827388763427734
-29.60668182373047 2.0702743530273438 -0.20294713973999023
-29.984121322631836 2.077880859375 -0.20995521545410156

1
-15.97077465057373 -8.234786987304688 0.06480932235717773
-14.383233070373535 -8.276281356811523 0.06298589706420898
-12.720602035522461 -8.347043991088867 0.049207210540771484
-11.092037200927734 -8.387738227844238 0.038869380950927734
-9.476165771484375 -8.456436157226562 0.03200340270996094
-7.893375396728516 -8.487237930297852 0.01569509506225586
-6.241565704345703 -8.530241012573242 0.00029659271240234375
-5.455509185791016 -7.580160140991211 -0.027989864349365234
-5.095888137817383 -6.000007629394531 -0.08354806900024414
-4.803356170654297 -4.377352714538574 -0.13808107376098633
-5.87498664855957 -3.8061113357543945 -0.1599588394165039
-7.416921615600586 -3.7652149200439453 -0.16348838806152344
-9.088428497314453 -3.734623908996582 -0.15626764297485352
-10.686880111694336 -3.7431297302246094 -0.14423084259033203
-12.1783447265625 -3.6949520111083984 -0.15043258666992188
-13.847188949584961 -3.6357526779174805 -0.1426858901977539
-15.458320617675781 -3.634145736694336 -0.12877130508422852
-15.788501739501953 -5.125068664550781 -0.06205320358276367
-15.887359619140625 -6.610526084899902 -0.006889820098876953
-15.96923542022705 -8.23451042175293 0.060939788818359375

