1
-14.637185096740723 10.278236389160156 -0.2658114433288574
-15.572769165039062 8.91274642944336 -0.2614402770996094
-16.49421501159668 7.507423400878906 -0.2546405792236328
-17.40966033935547 6.076852798461914 -0.244903564453125
-16.255897521972656 5.662370681762695 -0.2430281639099121
-14.689144134521484 5.607290267944336 -0.24908924102783203
-13.205442428588867 5.559932708740234 -0.2633366584777832
-11.569303512573242 5.493968963623047 -0.2638587951660156
-9.962104797363281 5.465877532958984 -0.2729778289794922
-8.44587516784668 5.393014907836914 -0.2740960121154785
-6.688323974609375 5.290121078491211 -0.2716546058654785
-5.908683776855469 6.109241485595703 -0.28826904296875
-5.837518692016602 7.750856399536133 -0.32422828674316406
-5.756229400634766 9.351900100708008 -0.35124969482421875
-6.567571640014648 10.04775619506836 -0.3512392044067383
-8.292057037353516 10.121265411376953 -0.3335752487182617
-10.05528450012207 10.145685195922852 -0.32929134368896484
-11.399202346801758 10.096561431884766 -0.3098793029785156
-13.056549072265625 10.214128494262695 -0.2851071357727051
-14.685507774353027 10.26123046875 -0.2659115791320801

2
29.815338134765625 4.221092224121094 -0.572871208190918
27.249576568603516 4.305793762207031 -0.549896240234375
24.74932861328125 4.407112121582031 -0.5367846488952637
22.2108154296875 4.508623123168945 -0.5209712982177734
19.600982666015625 4.597408294677734 -0.49512290954589844
16.909709930419922 4.693531036376953 -0.47505760192871094
14.326225280761719 4.780635833740234 -0.4790668487548828
11.689777374267578 4.885812759399414 -0.44803428649902344
9.185909271240234 4.97907829284668 -0.43163251876831055
6.607631683349609 5.047567367553711 -0.42656612396240234
3.901397705078125 5.082124710083008 -0.41686058044433594
1.1970977783203125 5.099508285522461 -0.40163087844848633
-0.9490737915039062 4.56568717956543 -0.3830246925354004
-2.778270721435547 3.518047332763672 -0.34244537353515625
-5.314695358276367 3.927671432495117 -0.30692529678344727
-7.213695526123047 5.749994277954102 -0.34000253677368164
-7.455862045288086 8.368419647216797 -0.4066147804260254
-6.547151565551758 9.679141998291016 -0.42035531997680664
-6.399845123291016 12.1768798828125 -0.48059844970703125
-6.331764221191406 14.803079605102539 -0.522911548614502

1
-15.434033393859863 -4.313426971435547 -0.11845779418945312
-15.224998474121094 -2.4854888916015625 -0.15486621856689453
-15.1680269241333 -0.7447071075439453 -0.1886439323425293
-15.143095970153809 1.1045570373535156 -0.20810556411743164
-15.001729011535645 2.819906234741211 -0.21992063522338867
-14.817205429077148 4.610589981079102 -0.2480158805847168
-14.743979454040527 6.327594757080078 -0.2660951614379883
-14.822510719299316 8.170875549316406 -0.29506397247314453
-15.784811019897461 8.388626098632812 -0.2445993423461914
-17.83428955078125 8.024017333984375 -0.1801290512084961
-19.27735137939453 7.764898300170898 -0.10793447494506836
-19.686336517333984 5.911659240722656 -0.09927892684936523
-19.747709274291992 4.119874954223633 -0.07667255401611328
-19.792827606201172 2.3568344116210938 -0.06693696975708008
-19.885595321655273 0.6274299621582031 -0.056572914123535156
-19.929004669189453 -1.1377792358398438 -0.055997371673583984
-20.119274139404297 -2.922609329223633 -0.045877933502197266
-18.88533592224121 -3.731814384460449 -0.05142545700073242
-17.15093994140625 -4.07073974609375 -0.0773615837097168
-15.424291610717773 -4.373664855957031 -0.12817907333374023

2
-15.442355155944824 -14.804366111755371 0.13335275650024414
-15.39681339263916 -13.448925971984863 0.09207487106323242
-15.268367767333984 -12.158615112304688 0.05936288833618164
-15.290496826171875 -10.795126914978027 0.019318580627441406
-15.194940567016602 -9.310052871704102 -0.012779712677001953
-15.17915153503418 -7.881356239318848 -0.04288148880004883
-15.16763687133789 -6.583554267883301 -0.07474327087402344
-15.063551902770996 -5.042743682861328 -0.13240623474121094
-15.349064826965332 -3.7862348556518555 -0.16106081008911133
-16.059951782226562 -2.6864423751831055 -0.17968416213989258
-17.39099884033203 -2.195591926574707 -0.21807050704956055
-18.83672523498535 -2.0949201583862305 -0.2059335708618164
-20.207563400268555 -2.060861587524414 -0.16956043243408203
-21.622417449951172 -2.000615119934082 -0.15602493286132812
-22.95197296142578 -1.9884214401245117 -0.14994192123413086
-24.31478500366211 -1.943263053894043 -0.13727712631225586
-25.694686889648438 -1.9264678955078125 -0.12912702560424805
-27.08668327331543 -1.9071588516235352 -0.10663747787475586
-28.491220474243164 -1.8549299240112305 -0.10901260375976562
-29.83355712890625 -1.8554506301879883 -0.08971214294433594

2
29.84947967529297 -3.28717041015625 -0.44518470764160156
27.436092376708984 -3.2147340774536133 -0.4259786605834961
24.9705810546875 -3.2328224182128906 -0.4022250175476074
22.47052001953125 -3.1517438888549805 -0.3857288360595703
20.085128784179688 -3.12640380859375 -0.3686842918395996
17.5869140625 -3.047269821166992 -0.34788084030151367
15.040061950683594 -3.005234718322754 -0.33177757263183594
12.500556945800781 -2.9096412658691406 -0.3209257125854492
10.017845153808594 -2.825277328491211 -0.3081855773925781
7.394401550292969 -2.7711143493652344 -0.31344079971313477
4.798980712890625 -2.6923866271972656 -0.2986416816711426
2.2835350036621094 -2.6302614212036133 -0.3011207580566406
-0.1748638153076172 -2.5482988357543945 -0.2997450828552246
-2.7848663330078125 -2.4670143127441406 -0.29331254959106445
-5.129995346069336 -2.8500518798828125 -0.22943830490112305
-6.674465179443359 -4.771174430847168 -0.16239547729492188
-6.795520782470703 -7.350947856903076 -0.09585809707641602
-6.754741668701172 -9.947029113769531 0.004525184631347656
-6.900476455688477 -12.364014625549316 0.09015703201293945
-6.864599227905273 -14.80545425415039 0.16334056854248047

2
-14.472776412963867 14.796459197998047 -0.3285408020019531
-14.530872344970703 13.57455825805664 -0.31554460525512695
-14.580988883972168 12.426755905151367 -0.31590986251831055
-14.62120246887207 11.21660041809082 -0.3038768768310547
-14.609745979309082 9.968976974487305 -0.30057621002197266
-14.70697021484375 8.681941986083984 -0.304654598236084
-14.875946044921875 7.45783805847168 -0.30022335052490234
-15.335691452026367 6.513370513916016 -0.28287744522094727
-16.485492706298828 5.746210098266602 -0.2544398307800293
-17.69279670715332 5.6089324951171875 -0.23163366317749023
-18.983646392822266 5.595607757568359 -0.22540521621704102
-20.107479095458984 5.616024017333984 -0.22300100326538086
-21.370361328125 5.696071624755859 -0.21934127807617188
-22.558626174926758 5.765275955200195 -0.21031904220581055
-23.847919464111328 5.809234619140625 -0.2146778106689453
-25.072925567626953 5.878545761108398 -0.21224594116210938
-26.227102279663086 5.94639778137207 -0.20674848556518555
-27.390737533569336 6.033664703369141 -0.19213056564331055
-28.65435028076172 6.043750762939453 -0.18602466583251953
-29.866830825805664 6.162487030029297 -0.17618083953857422

0
-21.605575561523438 1.5533790588378906 -0.17422723770141602
-22.098838806152344 1.5558948516845703 -0.17765092849731445
-22.52068328857422 1.5723285675048828 -0.17691993713378906
-22.972896575927734 1.5999069213867188 -0.17644596099853516
-23.33332061767578 1.5958881378173828 -0.17289257049560547
-23.81586456298828 1.6224594116210938 -0.18242120742797852
-24.34423065185547 1.6261062622070312 -0.17673301696777344
-24.805278778076172 1.6315975189208984 -0.17620134353637695
-25.19927978515625 1.6512641906738281 -0.17593002319335938
-25.604570388793945 1.6548900604248047 -0.17358875274658203
-26.0208740234375 1.6746864318847656 -0.16936302185058594
-26.49268913269043 1.6818962097167969 -0.16477680206298828
-27.012744903564453 1.7005233764648438 -0.15659523010253906
-27.400907516479492 1.723928451538086 -0.1622023582458496
-27.81928253173828 1.7358131408691406 -0.1603684425354004
-28.26742172241211 1.7482109069824219 -0.1617136001586914
-28.749929428100586 1.7631416320800781 -0.16489124298095703
-29.188264846801758 1.7707099914550781 -0.1626133918762207
-29.61446189880371 1.795745849609375 -0.15982294082641602
-29.98221206665039 1.815256118774414 -0.16686630249023438

1
-5.593715667724609 5.403932571411133 -0.2507658004760742
-5.648113250732422 3.877084732055664 -0.24250507354736328
-5.759437561035156 2.395275115966797 -0.22049188613891602
-5.782001495361328 0.8742084503173828 -0.19947147369384766
-5.839517593383789 -0.6125946044921875 -0.18602705001831055
-5.844884872436523 -2.0402908325195312 -0.16283655166625977
-6.016490936279297 -3.491570472717285 -0.13746929168701172
-5.974908828735352 -4.904117584228516 -0.13527488708496094
-4.556941986083984 -4.4769744873046875 -0.12103414535522461
-3.101276397705078 -4.084684371948242 -0.13249540328979492
-1.6480083465576172 -3.6919126510620117 -0.15026235580444336
-1.1408119201660156 -2.516657829284668 -0.1668691635131836
-1.0352020263671875 -1.0215435028076172 -0.21114683151245117
-1.0526046752929688 0.48451995849609375 -0.24907875061035156
-1.0788459777832031 1.8802165985107422 -0.28537416458129883
-0.9361095428466797 3.4201431274414062 -0.3246946334838867
-0.985809326171875 4.773416519165039 -0.34938573837280273
-2.569385528564453 4.929981231689453 -0.3215522766113281
-4.135290145874023 5.130546569824219 -0.3013448715209961
-5.619915008544922 5.410282135009766 -0.2854480743408203

1
-16.282325744628906 -8.33370590209961 0.09267187118530273
-14.666112899780273 -8.373881340026855 0.08943891525268555
-13.028263092041016 -8.427732467651367 0.07575368881225586
-11.369956970214844 -8.483253479003906 0.06332778930664062
-9.745275497436523 -8.523855209350586 0.05333089828491211
-8.167591094970703 -8.561897277832031 0.032837867736816406
-6.540971755981445 -8.579553604125977 0.015743732452392578
-5.766855239868164 -7.589963436126709 -0.012003421783447266
-5.4647674560546875 -6.017778396606445 -0.07304048538208008
-5.225278854370117 -4.416611671447754 -0.12642431259155273
-6.291080474853516 -3.8673477172851562 -0.14701318740844727
-7.893999099731445 -3.8524017333984375 -0.14435386657714844
-9.532552719116211 -3.8429298400878906 -0.1381850242614746
-11.02876091003418 -3.839552879333496 -0.12181472778320312
-12.602432250976562 -3.773747444152832 -0.1287994384765625
-14.27939224243164 -3.7105236053466797 -0.11867856979370117
-15.859902381896973 -3.7288436889648438 -0.10415458679199219
-16.129947662353516 -5.239713668823242 -0.0330805778503418
-16.253847122192383 -6.714191436767578 0.024103641510009766
-16.271583557128906 -8.326451301574707 0.08591127395629883

