1
-15.297713279724121 10.177408218383789 -0.20721769332885742
-16.193675994873047 8.873897552490234 -0.20739507675170898
-17.066925048828125 7.3619232177734375 -0.2123122215270996
-17.94288444519043 5.942323684692383 -0.20037508010864258
-16.716949462890625 5.562114715576172 -0.20279169082641602
-15.18331527709961 5.473865509033203 -0.20786428451538086
-13.80584716796875 5.434724807739258 -0.224365234375
-12.075847625732422 5.374624252319336 -0.2246861457824707
-10.485939025878906 5.345632553100586 -0.23444652557373047
-8.917463302612305 5.288494110107422 -0.23147153854370117
-7.153875350952148 5.16673469543457 -0.23249101638793945
-6.316684722900391 6.021459579467773 -0.25252580642700195
-6.420049667358398 7.71556282043457 -0.2846837043762207
-6.310415267944336 9.337804794311523 -0.30115652084350586
-7.102626800537109 9.971061706542969 -0.3014402389526367
-8.894342422485352 10.060379028320312 -0.2727847099304199
-10.529340744018555 10.109357833862305 -0.2528667449951172
-11.997228622436523 10.090017318725586 -0.23136472702026367
-13.603946685791016 10.132686614990234 -0.2070021629333496
-15.222293853759766 10.23077392578125 -0.19627141952514648

2
29.803150177001953 4.475873947143555 -0.5675125122070312
27.238933563232422 4.565120697021484 -0.5365028381347656
24.75662612915039 4.6035919189453125 -0.5217528343200684
22.19143295288086 4.691326141357422 -0.5025177001953125
19.541343688964844 4.762439727783203 -0.4663519859313965
16.813865661621094 4.837015151977539 -0.448091983795166
14.18035888671875 4.903005599975586 -0.44797182083129883
11.519908905029297 4.996305465698242 -0.42100048065185547
8.89083480834961 5.070959091186523 -0.40704870223999023
6.319385528564453 5.132598876953125 -0.4093966484069824
3.5347747802734375 5.152273178100586 -0.39740800857543945
0.782257080078125 5.106895446777344 -0.374239444732666
-1.2445240020751953 4.544822692871094 -0.353607177734375
-3.1462268829345703 3.4851760864257812 -0.3166694641113281
-5.598825454711914 3.9173965454101562 -0.2776527404785156
-7.583221435546875 5.62188720703125 -0.29172277450561523
-7.954326629638672 8.273433685302734 -0.34914159774780273
-7.007444381713867 9.680891036987305 -0.34996795654296875
-6.866598129272461 12.181692123413086 -0.3848400115966797
-6.758693695068359 14.806407928466797 -0.42354917526245117

1
-15.774284362792969 -4.472694396972656 -0.11862707138061523
-15.576780319213867 -2.6165332794189453 -0.14727020263671875
-15.516956329345703 -0.8912143707275391 -0.17256402969360352
-15.491988182067871 0.9641132354736328 -0.18993139266967773
-15.491382598876953 2.6641616821289062 -0.1937565803527832
-15.335176467895508 4.452329635620117 -0.21637773513793945
-15.2931547164917 6.203289031982422 -0.22748231887817383
-15.363771438598633 8.079988479614258 -0.24377870559692383
-16.372600555419922 8.309396743774414 -0.19930601119995117
-18.299943923950195 7.9261627197265625 -0.14330673217773438
-19.873992919921875 7.601049423217773 -0.07543230056762695
-20.166629791259766 5.794216156005859 -0.060543060302734375
-20.1804256439209 3.991861343383789 -0.045755863189697266
-20.205900192260742 2.2431259155273438 -0.04678535461425781
-20.220600128173828 0.4780731201171875 -0.038681983947753906
-20.32845687866211 -1.3011703491210938 -0.04095315933227539
-20.535327911376953 -3.0217247009277344 -0.044583797454833984
-19.224071502685547 -3.862030029296875 -0.053469181060791016
-17.497194290161133 -4.20289421081543 -0.08337831497192383
-15.775482177734375 -4.522047996520996 -0.12754106521606445

2
-15.741199493408203 -14.80578899383545 0.06698417663574219
-15.76314926147461 -13.492233276367188 0.03333902359008789
-15.610006332397461 -12.259660720825195 6.198883056640625e-05
-15.634443283081055 -10.877676963806152 -0.021839141845703125
-15.585184097290039 -9.443765640258789 -0.04187631607055664
-15.571395874023438 -8.06303596496582 -0.06330394744873047
-15.513641357421875 -6.789261817932129 -0.08805608749389648
-15.429887771606445 -5.231687545776367 -0.14091873168945312
-15.658647537231445 -3.990020751953125 -0.1635298728942871
-16.358196258544922 -2.875788688659668 -0.17772293090820312
-17.613849639892578 -2.3430471420288086 -0.21626520156860352
-19.041810989379883 -2.224964141845703 -0.20378732681274414
-20.387950897216797 -2.190267562866211 -0.16544771194458008
-21.765533447265625 -2.1651411056518555 -0.15317344665527344
-23.05855369567871 -2.163271903991699 -0.14343738555908203
-24.369701385498047 -2.1341047286987305 -0.13089799880981445
-25.756938934326172 -2.1115970611572266 -0.12041378021240234
-27.12010383605957 -2.094268798828125 -0.09988975524902344
-28.507339477539062 -2.088930130004883 -0.09924030303955078
-29.83770751953125 -2.0831832885742188 -0.07984542846679688

2
-15.150284767150879 14.807178497314453 -0.2537975311279297
-15.174405097961426 13.606527328491211 -0.23965024948120117
-15.246326446533203 12.479846954345703 -0.24567127227783203
-15.230550765991211 11.260622024536133 -0.23953628540039062
-15.21863842010498 10.083354949951172 -0.23420381546020508
-15.296557426452637 8.883861541748047 -0.23958110809326172
-15.472366333007812 7.642131805419922 -0.2394275665283203
-15.851846694946289 6.688743591308594 -0.23274755477905273
-16.778505325317383 5.744861602783203 -0.20499134063720703
-17.955326080322266 5.477058410644531 -0.1876668930053711
-19.165809631347656 5.421026229858398 -0.1741800308227539
-20.298137664794922 5.462745666503906 -0.1660633087158203
-21.56914520263672 5.501317977905273 -0.16069746017456055
-22.735551834106445 5.560651779174805 -0.15016984939575195
-23.977205276489258 5.5994110107421875 -0.1542057991027832
-25.167402267456055 5.660463333129883 -0.15566062927246094
-26.267822265625 5.732000350952148 -0.14437007904052734
-27.40770721435547 5.749780654907227 -0.1347966194152832
-28.656414031982422 5.79979133605957 -0.13274526596069336
-29.865270614624023 5.863208770751953 -0.1278982162475586

2
29.84921646118164 -3.134185791015625 -0.47554588317871094
27.38567352294922 -3.059746742248535 -0.4513101577758789
24.86136245727539 -3.071958541870117 -0.43568849563598633
22.327911376953125 -3.01531982421875 -0.4176478385925293
19.932003021240234 -2.9940185546875 -0.3948941230773926
17.41577911376953 -2.94256591796875 -0.37154340744018555
14.869209289550781 -2.901090621948242 -0.3524899482727051
12.306743621826172 -2.8359193801879883 -0.3404531478881836
9.78411865234375 -2.7631874084472656 -0.32566213607788086
7.2340087890625 -2.716109275817871 -0.32185983657836914
4.696765899658203 -2.6632843017578125 -0.3050403594970703
2.0084075927734375 -2.606039047241211 -0.3047957420349121
-0.4694538116455078 -2.537446975708008 -0.3020477294921875
-3.075620651245117 -2.4793386459350586 -0.2898874282836914
-5.523103713989258 -2.8243541717529297 -0.22918939590454102
-7.071941375732422 -4.688431739807129 -0.17797517776489258
-7.283576965332031 -7.32265043258667 -0.12810754776000977
-7.192010879516602 -9.89614486694336 -0.04319334030151367
-7.309665679931641 -12.322942733764648 0.04161405563354492
-7.212503433227539 -14.799489974975586 0.0950779914855957

0
-22.063724517822266 1.3791179656982422 -0.15268325805664062
-22.4976863861084 1.375741958618164 -0.15765619277954102
-22.873695373535156 1.3774089813232422 -0.15678977966308594
-23.30652618408203 1.3936519622802734 -0.15572595596313477
-23.65524673461914 1.3911933898925781 -0.15244007110595703
-24.085102081298828 1.4100914001464844 -0.15906238555908203
-24.61939239501953 1.4177665710449219 -0.153350830078125
-25.03705596923828 1.4245109558105469 -0.15221452713012695
-25.44658851623535 1.4396705627441406 -0.15010356903076172
-25.863964080810547 1.4446983337402344 -0.1502370834350586
-26.25153350830078 1.462301254272461 -0.1429743766784668
-26.661855697631836 1.475534439086914 -0.14355182647705078
-27.158248901367188 1.4950065612792969 -0.13590669631958008
-27.56227684020996 1.5104427337646484 -0.14060640335083008
-27.957565307617188 1.5070419311523438 -0.13724899291992188
-28.380014419555664 1.522684097290039 -0.13522815704345703
-28.82699203491211 1.5168342590332031 -0.13709545135498047
-29.223657608032227 1.5247478485107422 -0.13585853576660156
-29.630250930786133 1.5425071716308594 -0.13576078414916992
-29.98175048828125 1.5478744506835938 -0.13934707641601562

1
-5.983282089233398 5.323648452758789 -0.21978759765625
-6.074760437011719 3.831735610961914 -0.2131943702697754
-6.15458869934082 2.3555030822753906 -0.20109987258911133
-6.212472915649414 0.8676300048828125 -0.1882166862487793
-6.243843078613281 -0.6159687042236328 -0.17785882949829102
-6.248048782348633 -2.0852622985839844 -0.15869951248168945
-6.450883865356445 -3.5284786224365234 -0.13817167282104492
-6.418605804443359 -4.917625427246094 -0.14569997787475586
-4.920774459838867 -4.461122512817383 -0.1284470558166504
-3.430025100708008 -4.0632429122924805 -0.14061403274536133
-2.0469589233398438 -3.6698217391967773 -0.15160417556762695
-1.5570545196533203 -2.504876136779785 -0.1642913818359375
-1.3933849334716797 -1.0469856262207031 -0.20257043838500977
-1.4660263061523438 0.45197391510009766 -0.23958826065063477
-1.4634590148925781 1.8894023895263672 -0.26728248596191406
-1.2668190002441406 3.4047279357910156 -0.29414892196655273
-1.3123836517333984 4.712779998779297 -0.32187414169311523
-3.013181686401367 4.902063369750977 -0.29462146759033203
-4.553825378417969 5.080221176147461 -0.27336740493774414
-5.9898529052734375 5.367006301879883 -0.2555656433105469

1
-16.655677795410156 -8.47758674621582 0.053032875061035156
-15.015708923339844 -8.429887771606445 0.05133342742919922
-13.433660507202148 -8.501461029052734 0.03454780578613281
-11.755094528198242 -8.55869197845459 0.027982234954833984
-10.129039764404297 -8.566043853759766 0.019623279571533203
-8.57528305053711 -8.603371620178223 0.0023751258850097656
-6.9821929931640625 -8.557787895202637 -0.020374298095703125
-6.206211090087891 -7.559394359588623 -0.040175437927246094
-5.87382698059082 -5.9919538497924805 -0.09697818756103516
-5.665943145751953 -4.426399230957031 -0.13785982131958008
-6.6686553955078125 -3.8942623138427734 -0.15170669555664062
-8.304937362670898 -3.893075942993164 -0.14988374710083008
-9.99693489074707 -3.9024524688720703 -0.14145851135253906
-11.412513732910156 -3.9253997802734375 -0.12392473220825195
-12.908449172973633 -3.8412704467773438 -0.13052129745483398
-14.606053352355957 -3.791706085205078 -0.12058115005493164
-16.305179595947266 -3.8244056701660156 -0.1109161376953125
-16.506065368652344 -5.30356502532959 -0.04827880859375
-16.643274307250977 -6.814985275268555 0.004549980163574219
-16.63818359375 -8.428872108459473 0.05204582214355469

