1
-15.625157356262207 10.035867691040039 -0.2165822982788086
-16.636505126953125 8.694093704223633 -0.21242523193359375
-17.42784309387207 7.281530380249023 -0.2144160270690918
-18.27252197265625 5.86895751953125 -0.20456743240356445
-17.20244026184082 5.405878067016602 -0.20324373245239258
-15.495217323303223 5.395519256591797 -0.2107858657836914
-14.187483787536621 5.361171722412109 -0.2276144027709961
-12.495954513549805 5.279289245605469 -0.2290172576904297
-10.893184661865234 5.244480133056641 -0.23839569091796875
-9.28404426574707 5.22698974609375 -0.23650121688842773
-7.54008674621582 5.138607025146484 -0.2358407974243164
-6.693103790283203 6.017669677734375 -0.25889158248901367
-6.772920608520508 7.65104866027832 -0.29184484481811523
-6.616462707519531 9.265220642089844 -0.31178903579711914
-7.463956832885742 9.905372619628906 -0.3106856346130371
-9.27395248413086 9.924739837646484 -0.2822909355163574
-10.938650131225586 9.987443923950195 -0.26708173751831055
-12.389345169067383 9.986429214477539 -0.2436666488647461
-13.999959945678711 10.036474227905273 -0.221954345703125
-15.603107452392578 10.064922332763672 -0.2058243751525879

1
-16.130050659179688 -4.5512237548828125 -0.1044158935546875
-15.93464183807373 -2.7099504470825195 -0.13317632675170898
-15.866578102111816 -1.0074081420898438 -0.1629467010498047
-15.88440990447998 0.8918132781982422 -0.18172311782836914
-15.893789291381836 2.5994739532470703 -0.18967151641845703
-15.834709167480469 4.305948257446289 -0.21285200119018555
-15.631482124328613 6.087757110595703 -0.2273240089416504
-15.869927406311035 7.929746627807617 -0.24563837051391602
-16.80388832092285 8.18470573425293 -0.20231389999389648
-18.73837661743164 7.744260787963867 -0.13646459579467773
-20.302738189697266 7.454750061035156 -0.07010030746459961
-20.56535530090332 5.63496208190918 -0.058320045471191406
-20.64490509033203 3.8565101623535156 -0.03821134567260742
-20.614559173583984 2.0477046966552734 -0.0371246337890625
-20.655925750732422 0.3548164367675781 -0.02454376220703125
-20.731693267822266 -1.485957145690918 -0.02648162841796875
-20.88783836364746 -3.212392807006836 -0.027858734130859375
-19.62462615966797 -3.9725475311279297 -0.03807353973388672
-17.897541046142578 -4.316298484802246 -0.06716060638427734
-16.18808937072754 -4.634072303771973 -0.1132516860961914

2
29.80664825439453 4.635585784912109 -0.5944614410400391
27.20600128173828 4.682718276977539 -0.5644373893737793
24.681251525878906 4.702299118041992 -0.5421161651611328
22.08586883544922 4.773565292358398 -0.5248403549194336
19.374557495117188 4.836143493652344 -0.4912753105163574
16.655982971191406 4.906558990478516 -0.4692416191101074
13.961288452148438 4.967418670654297 -0.46812868118286133
11.327735900878906 5.053766250610352 -0.43818187713623047
8.621940612792969 5.132425308227539 -0.4204244613647461
6.096424102783203 5.181644439697266 -0.4154939651489258
3.3223342895507812 5.175722122192383 -0.4041452407836914
0.6147937774658203 5.112691879272461 -0.38259458541870117
-1.4898567199707031 4.673267364501953 -0.36582279205322266
-3.3512935638427734 3.382373809814453 -0.3228421211242676
-5.902797698974609 3.851083755493164 -0.28455018997192383
-7.967142105102539 5.581550598144531 -0.2978706359863281
-8.324989318847656 8.173389434814453 -0.3577709197998047
-7.361083984375 9.638593673706055 -0.3695855140686035
-7.233509063720703 12.175859451293945 -0.40585756301879883
-7.13184928894043 14.805841445922852 -0.45000696182250977

2
-16.124900817871094 -14.798517227172852 0.10675764083862305
-16.110158920288086 -13.508942604064941 0.07366323471069336
-16.026866912841797 -12.265997886657715 0.037343502044677734
-15.997784614562988 -10.952796936035156 0.012756824493408203
-15.977079391479492 -9.536473274230957 -0.013671398162841797
-15.987380027770996 -8.231576919555664 -0.036131858825683594
-15.9290132522583 -6.927911758422852 -0.060622215270996094
-15.809562683105469 -5.404664993286133 -0.11828851699829102
-16.007850646972656 -4.113987922668457 -0.14256572723388672
-16.63460922241211 -3.0842771530151367 -0.1557917594909668
-17.861831665039062 -2.5015735626220703 -0.19616413116455078
-19.28135108947754 -2.348379135131836 -0.17976760864257812
-20.54743766784668 -2.322338104248047 -0.15395832061767578
-21.908777236938477 -2.3219594955444336 -0.13456249237060547
-23.153461456298828 -2.315244674682617 -0.12602519989013672
-24.50696563720703 -2.296894073486328 -0.11427545547485352
-25.87537956237793 -2.2797317504882812 -0.09981679916381836
-27.1871337890625 -2.2584171295166016 -0.08065986633300781
-28.540077209472656 -2.2705020904541016 -0.0779571533203125
-29.841413497924805 -2.2604761123657227 -0.06096696853637695

2
-15.526474952697754 14.808412551879883 -0.2742295265197754
-15.548164367675781 13.62735366821289 -0.2582845687866211
-15.680486679077148 12.52951431274414 -0.25503063201904297
-15.617997169494629 11.27396011352539 -0.24526500701904297
-15.588607788085938 10.129045486450195 -0.23960113525390625
-15.648967742919922 8.928224563598633 -0.2460341453552246
-15.7349214553833 7.682575225830078 -0.2456507682800293
-16.070316314697266 6.709281921386719 -0.24026012420654297
-16.928062438964844 5.729604721069336 -0.21515798568725586
-18.091421127319336 5.380277633666992 -0.1956024169921875
-19.252166748046875 5.282436370849609 -0.1809988021850586
-20.43563461303711 5.326772689819336 -0.171142578125
-21.675212860107422 5.34904670715332 -0.16553735733032227
-22.770774841308594 5.425258636474609 -0.15776491165161133
-24.00876235961914 5.451988220214844 -0.1603860855102539
-25.172019958496094 5.496904373168945 -0.15707111358642578
-26.278806686401367 5.561101913452148 -0.14808368682861328
-27.428462982177734 5.575139999389648 -0.1359424591064453
-28.663494110107422 5.618326187133789 -0.1348862648010254
-29.869287490844727 5.6541748046875 -0.13196849822998047

2
29.847938537597656 -2.9995765686035156 -0.4696187973022461
27.377246856689453 -2.9153852462768555 -0.44684410095214844
24.874675750732422 -2.934488296508789 -0.42890453338623047
22.334285736083984 -2.8821754455566406 -0.409238338470459
19.918869018554688 -2.8846187591552734 -0.38510608673095703
17.368228912353516 -2.857874870300293 -0.36292409896850586
14.796142578125 -2.8221921920776367 -0.3443264961242676
12.19793701171875 -2.773909568786621 -0.331387996673584
9.67898941040039 -2.716054916381836 -0.31632518768310547
7.131389617919922 -2.679830551147461 -0.3158426284790039
4.626918792724609 -2.6452865600585938 -0.29993438720703125
1.9180049896240234 -2.60003662109375 -0.3017573356628418
-0.6762447357177734 -2.553553581237793 -0.29830026626586914
-3.288118362426758 -2.528691291809082 -0.28965330123901367
-5.74072265625 -2.8051319122314453 -0.23165464401245117
-7.3587188720703125 -4.644190788269043 -0.1677703857421875
-7.602960586547852 -7.291452884674072 -0.11274051666259766
-7.4871673583984375 -9.886147499084473 -0.019640445709228516
-7.491401672363281 -12.299263000488281 0.0707540512084961
-7.236408233642578 -14.801746368408203 0.13779449462890625

0
-22.376522064208984 1.2290725708007812 -0.13738393783569336
-22.835350036621094 1.2337913513183594 -0.14267253875732422
-23.2109375 1.2298336029052734 -0.14278459548950195
-23.603092193603516 1.2439727783203125 -0.1445145606994629
-23.99363899230957 1.2433891296386719 -0.14030027389526367
-24.413314819335938 1.258749008178711 -0.14540863037109375
-24.882850646972656 1.267019271850586 -0.1432323455810547
-25.27100944519043 1.275838851928711 -0.138946533203125
-25.65727424621582 1.2905864715576172 -0.1348581314086914
-26.120615005493164 1.2982673645019531 -0.13355636596679688
-26.483489990234375 1.3048210144042969 -0.12728643417358398
-26.883377075195312 1.3224716186523438 -0.1285400390625
-27.30561637878418 1.3366584777832031 -0.12155914306640625
-27.703296661376953 1.3475093841552734 -0.12666654586791992
-28.075897216796875 1.343057632446289 -0.12232255935668945
-28.471466064453125 1.3571109771728516 -0.12077522277832031
-28.877792358398438 1.352212905883789 -0.12246179580688477
-29.26006317138672 1.3622570037841797 -0.1234288215637207
-29.64822769165039 1.3725872039794922 -0.12077474594116211
-29.980966567993164 1.3774337768554688 -0.1265702247619629

1
-6.450740814208984 5.29277229309082 -0.22601747512817383
-6.55267333984375 3.7967166900634766 -0.21769094467163086
-6.620302200317383 2.3551902770996094 -0.20204782485961914
-6.711477279663086 0.8721847534179688 -0.18816852569580078
-6.672863006591797 -0.6092958450317383 -0.17545604705810547
-6.704723358154297 -2.111400604248047 -0.15317869186401367
-6.868291854858398 -3.559389114379883 -0.1298666000366211
-6.8296661376953125 -4.975106239318848 -0.13283348083496094
-5.408021926879883 -4.5382490158081055 -0.11879158020019531
-3.881498336791992 -4.107497215270996 -0.12489843368530273
-2.4156627655029297 -3.7054080963134766 -0.14062213897705078
-1.979604721069336 -2.585012435913086 -0.15682649612426758
-1.8659553527832031 -1.0794429779052734 -0.19796228408813477
-1.8982200622558594 0.44636058807373047 -0.23350858688354492
-1.8937854766845703 1.8626823425292969 -0.2661256790161133
-1.7986087799072266 3.3857269287109375 -0.29657745361328125
-1.8621234893798828 4.641939163208008 -0.32425594329833984
-3.5699615478515625 4.823585510253906 -0.303189754486084
-5.0245361328125 5.031682968139648 -0.2787928581237793
-6.433418273925781 5.30369758605957 -0.2611045837402344

1
-17.069278717041016 -8.617033004760742 0.08823823928833008
-15.417754173278809 -8.571065902709961 0.08140325546264648
-13.842399597167969 -8.586814880371094 0.06404399871826172
-12.160470962524414 -8.632766723632812 0.05510568618774414
-10.503883361816406 -8.631928443908691 0.045630455017089844
-8.902481079101562 -8.667097091674805 0.03117990493774414
-7.288372039794922 -8.604366302490234 0.010230541229248047
-6.517452239990234 -7.625230312347412 -0.014949321746826172
-6.157251358032227 -6.037003517150879 -0.08118581771850586
-6.009239196777344 -4.4773759841918945 -0.12669944763183594
-7.028284072875977 -3.9458017349243164 -0.1422886848449707
-8.674947738647461 -3.9557104110717773 -0.1387014389038086
-10.398244857788086 -3.9722652435302734 -0.12854290008544922
-11.808486938476562 -3.987959861755371 -0.11402606964111328
-13.275798797607422 -3.93190860748291 -0.11661481857299805
-14.880223274230957 -3.9443368911743164 -0.10831165313720703
-16.705242156982422 -3.9185047149658203 -0.09719514846801758
-16.897598266601562 -5.394715309143066 -0.027652740478515625
-17.037700653076172 -6.854094505310059 0.02727651596069336
-17.081951141357422 -8.551794052124023 0.08493185043334961

