1
-16.09991455078125 10.007139205932617 -0.21198368072509766
-17.116004943847656 8.618938446044922 -0.20923757553100586
-17.93661117553711 7.242835998535156 -0.20726680755615234
-18.823932647705078 5.755397796630859 -0.20046520233154297
-17.714717864990234 5.378606796264648 -0.20079994201660156
-16.01211929321289 5.363250732421875 -0.20720481872558594
-14.679699897766113 5.325010299682617 -0.22208309173583984
-13.065988540649414 5.251447677612305 -0.22638988494873047
-11.331535339355469 5.206737518310547 -0.23738956451416016
-9.814878463745117 5.239175796508789 -0.23579168319702148
-8.049964904785156 5.158662796020508 -0.23411035537719727
-7.226276397705078 6.081920623779297 -0.259615421295166
-7.270229339599609 7.73582649230957 -0.29382944107055664
-7.162487030029297 9.340906143188477 -0.3137068748474121
-8.012258529663086 9.96452522277832 -0.3107333183288574
-9.73552131652832 9.950773239135742 -0.2821664810180664
-11.452667236328125 9.970174789428711 -0.27016401290893555
-12.887811660766602 9.962217330932617 -0.24700307846069336
-14.557191848754883 9.994983673095703 -0.22088861465454102
-16.144472122192383 9.976203918457031 -0.20540904998779297

1
-16.639081954956055 -4.61998176574707 -0.08849954605102539
-16.466215133666992 -2.7864789962768555 -0.11809444427490234
-16.462303161621094 -1.0700569152832031 -0.15260982513427734
-16.471988677978516 0.7837123870849609 -0.17147016525268555
-16.405227661132812 2.5525474548339844 -0.1846613883972168
-16.368993759155273 4.250295639038086 -0.20596790313720703
-16.073150634765625 6.102691650390625 -0.2246408462524414
-16.353782653808594 7.891410827636719 -0.24326705932617188
-17.28577995300293 8.172416687011719 -0.20593023300170898
-19.224388122558594 7.69282341003418 -0.13440465927124023
-20.90485382080078 7.289846420288086 -0.06882476806640625
-20.995201110839844 5.543067932128906 -0.05448293685913086
-21.233993530273438 3.8866939544677734 -0.031551361083984375
-21.112812042236328 1.9448585510253906 -0.02653980255126953
-21.166736602783203 0.254058837890625 -0.0147552490234375
-21.25147247314453 -1.5519094467163086 -0.019811630249023438
-21.366130828857422 -3.349435806274414 -0.017068862915039062
-20.19289779663086 -4.038606643676758 -0.027185916900634766
-18.418651580810547 -4.407859802246094 -0.0583491325378418
-16.685800552368164 -4.7140045166015625 -0.10761308670043945

2
29.80963134765625 4.791095733642578 -0.610072135925293
27.174652099609375 4.810396194458008 -0.5753650665283203
24.62234115600586 4.825029373168945 -0.5521583557128906
21.989852905273438 4.877178192138672 -0.5331201553344727
19.23363494873047 4.924106597900391 -0.5009074211120605
16.49319076538086 4.986076354980469 -0.478177547454834
13.731082916259766 5.036308288574219 -0.4742112159729004
11.120887756347656 5.102643966674805 -0.444516658782959
8.358081817626953 5.173254013061523 -0.424288272857666
5.821353912353516 5.210418701171875 -0.4153881072998047
3.0083236694335938 5.19593620300293 -0.4032101631164551
0.24186325073242188 5.120273590087891 -0.38361549377441406
-1.9748611450195312 4.750913619995117 -0.3700566291809082
-3.731067657470703 3.4043807983398438 -0.32077884674072266
-6.277957916259766 3.771211624145508 -0.28270673751831055
-8.396883010864258 5.472034454345703 -0.2918672561645508
-8.946393966674805 8.110965728759766 -0.35285425186157227
-7.886219024658203 9.585540771484375 -0.3682546615600586
-7.813913345336914 12.141315460205078 -0.4075355529785156
-7.80253791809082 14.802001953125 -0.4503006935119629

2
-16.34959602355957 -14.802630424499512 0.09288263320922852
-16.361942291259766 -13.53134536743164 0.0614018440246582
-16.321002960205078 -12.29101848602295 0.02661609649658203
-16.28365135192871 -11.00286865234375 0.007716178894042969
-16.31243133544922 -9.643576622009277 -0.014506816864013672
-16.323589324951172 -8.370957374572754 -0.03292989730834961
-16.300098419189453 -7.091821670532227 -0.052580833435058594
-16.20517349243164 -5.552433013916016 -0.10835695266723633
-16.415058135986328 -4.2738800048828125 -0.13060426712036133
-16.94870376586914 -3.311650276184082 -0.1414356231689453
-18.138198852539062 -2.6280765533447266 -0.17711782455444336
-19.480873107910156 -2.4837541580200195 -0.16575336456298828
-20.688934326171875 -2.4427099227905273 -0.14333820343017578
-22.028663635253906 -2.427234649658203 -0.12161588668823242
-23.259037017822266 -2.4263830184936523 -0.11148977279663086
-24.604820251464844 -2.4117393493652344 -0.10158777236938477
-25.946392059326172 -2.3996734619140625 -0.08709383010864258
-27.232213973999023 -2.393159866333008 -0.06717252731323242
-28.5660457611084 -2.3903818130493164 -0.06458330154418945
-29.843795776367188 -2.4008703231811523 -0.049480438232421875

2
-16.04373550415039 14.796566009521484 -0.2690587043762207
-16.090003967285156 13.676740646362305 -0.25507688522338867
-16.158832550048828 12.580986022949219 -0.2501955032348633
-16.125324249267578 11.383193969726562 -0.23730945587158203
-16.058837890625 10.187225341796875 -0.23464727401733398
-16.141189575195312 9.020166397094727 -0.2406935691833496
-16.180004119873047 7.817197799682617 -0.24172258377075195
-16.453628540039062 6.8386993408203125 -0.2384047508239746
-17.269668579101562 5.822271347045898 -0.2210841178894043
-18.33783531188965 5.363224029541016 -0.20064067840576172
-19.434741973876953 5.228721618652344 -0.18397045135498047
-20.664718627929688 5.230508804321289 -0.17565202713012695
-21.84759521484375 5.260038375854492 -0.16636133193969727
-22.908706665039062 5.330877304077148 -0.16219806671142578
-24.107593536376953 5.355358123779297 -0.1606144905090332
-25.2448673248291 5.387483596801758 -0.1584024429321289
-26.353404998779297 5.4375 -0.15102481842041016
-27.49173927307129 5.451513290405273 -0.1350994110107422
-28.690685272216797 5.480739593505859 -0.13703298568725586
-29.874399185180664 5.4997711181640625 -0.13303613662719727

2
29.845760345458984 -2.8948726654052734 -0.47998857498168945
27.364002227783203 -2.8323898315429688 -0.45612239837646484
24.85759735107422 -2.863161087036133 -0.43747568130493164
22.29761505126953 -2.8182783126831055 -0.41617918014526367
19.864639282226562 -2.8322982788085938 -0.38991403579711914
17.263084411621094 -2.814223289489746 -0.36545658111572266
14.692962646484375 -2.78090763092041 -0.3455696105957031
12.085140228271484 -2.737889289855957 -0.3318634033203125
9.498577117919922 -2.679840087890625 -0.31590890884399414
6.962158203125 -2.6555919647216797 -0.3117213249206543
4.4615631103515625 -2.630255699157715 -0.2964482307434082
1.793304443359375 -2.592160224914551 -0.29856061935424805
-0.9472560882568359 -2.5618324279785156 -0.2932620048522949
-3.607034683227539 -2.5159053802490234 -0.2833104133605957
-6.119686126708984 -2.7735910415649414 -0.23067712783813477
-7.816722869873047 -4.56443977355957 -0.1635293960571289
-8.038352966308594 -7.20835018157959 -0.11341476440429688
-7.945253372192383 -9.804967880249023 -0.02519369125366211
-7.940025329589844 -12.289990425109863 0.06140279769897461
-7.793125152587891 -14.804424285888672 0.12301158905029297

0
-22.831146240234375 1.1318836212158203 -0.1250314712524414
-23.322778701782227 1.1314811706542969 -0.13298416137695312
-23.667808532714844 1.128519058227539 -0.13573169708251953
-24.064395904541016 1.133157730102539 -0.13571643829345703
-24.40727424621582 1.1340599060058594 -0.13159799575805664
-24.79344367980957 1.15301513671875 -0.1371150016784668
-25.23685073852539 1.1612739562988281 -0.13466262817382812
-25.59198760986328 1.1644515991210938 -0.12452077865600586
-25.94666290283203 1.1731090545654297 -0.12355422973632812
-26.413013458251953 1.1812496185302734 -0.12259960174560547
-26.736387252807617 1.1906013488769531 -0.11901044845581055
-27.11066436767578 1.1972637176513672 -0.11889314651489258
-27.481157302856445 1.2055320739746094 -0.11110401153564453
-27.86025619506836 1.2152061462402344 -0.11487531661987305
-28.21126937866211 1.213479995727539 -0.11267566680908203
-28.570144653320312 1.2269287109375 -0.11086559295654297
-28.960296630859375 1.2299690246582031 -0.11350774765014648
-29.313594818115234 1.231832504272461 -0.11280536651611328
-29.669389724731445 1.2390727996826172 -0.11041402816772461
-29.98052406311035 1.2476253509521484 -0.11771297454833984

1
-6.982797622680664 5.307397842407227 -0.2256455421447754
-7.0650787353515625 3.7795886993408203 -0.21678495407104492
-7.098442077636719 2.3590736389160156 -0.20021581649780273
-7.162666320800781 0.8443078994750977 -0.18684673309326172
-7.111186981201172 -0.6656780242919922 -0.17280292510986328
-7.150449752807617 -2.1478118896484375 -0.14914751052856445
-7.304340362548828 -3.5886192321777344 -0.1274728775024414
-7.2151031494140625 -5.0292253494262695 -0.1281895637512207
-5.80586051940918 -4.550904273986816 -0.11281347274780273
-4.265674591064453 -4.124264717102051 -0.1201639175415039
-2.8004322052001953 -3.739664077758789 -0.1369004249572754
-2.3361282348632812 -2.5958480834960938 -0.1553964614868164
-2.263214111328125 -1.0619964599609375 -0.1950373649597168
-2.2925071716308594 0.45997047424316406 -0.2298736572265625
-2.2535324096679688 1.8597755432128906 -0.26522111892700195
-2.2559051513671875 3.4269752502441406 -0.2976822853088379
-2.305093765258789 4.688144683837891 -0.32317495346069336
-4.047151565551758 4.830394744873047 -0.3037376403808594
-5.475191116333008 5.05900764465332 -0.27730607986450195
-6.957597732543945 5.311195373535156 -0.25905942916870117

1
-17.405303955078125 -8.688888549804688 0.08677864074707031
-15.730490684509277 -8.68081283569336 0.07632923126220703
-14.178875923156738 -8.679868698120117 0.0583643913269043
-12.528974533081055 -8.718250274658203 0.051235198974609375
-10.909130096435547 -8.697021484375 0.042382240295410156
-9.330926895141602 -8.742561340332031 0.027723312377929688
-7.673795700073242 -8.68116569519043 0.009063243865966797
-6.952875137329102 -7.717893600463867 -0.013721466064453125
-6.62054443359375 -6.114930152893066 -0.08187246322631836
-6.463367462158203 -4.518091201782227 -0.12424230575561523
-7.532167434692383 -4.015607833862305 -0.13675689697265625
-9.168598175048828 -4.019957542419434 -0.13456296920776367
-10.843177795410156 -4.016139030456543 -0.1217503547668457
-12.242786407470703 -4.035634994506836 -0.10685396194458008
-13.725767135620117 -4.009843826293945 -0.10907602310180664
-15.347922325134277 -4.036606788635254 -0.09997797012329102
-17.108352661132812 -4.035432815551758 -0.08633565902709961
-17.357547760009766 -5.459162712097168 -0.026324748992919922
-17.433290481567383 -6.96856689453125 0.0284271240234375
-17.42511749267578 -8.639410972595215 0.08087921142578125

