1
-16.541353225708008 9.916170120239258 -0.27767515182495117
-17.47814178466797 8.544881820678711 -0.26403141021728516
-18.3487491607666 7.222286224365234 -0.25142717361450195
-19.222572326660156 5.67413330078125 -0.24133920669555664
-18.148317337036133 5.331531524658203 -0.24017572402954102
-16.395343780517578 5.311670303344727 -0.24827146530151367
-14.953794479370117 5.266412734985352 -0.2603168487548828
-13.500188827514648 5.227710723876953 -0.26064443588256836
-11.794771194458008 5.154233932495117 -0.27370262145996094
-10.215805053710938 5.2001800537109375 -0.2757902145385742
-8.498468399047852 5.117584228515625 -0.2718491554260254
-7.691764831542969 6.026302337646484 -0.2895054817199707
-7.604518890380859 7.678852081298828 -0.33240222930908203
-7.607980728149414 9.265077590942383 -0.3663487434387207
-8.485673904418945 9.890678405761719 -0.3681316375732422
-10.156791687011719 9.896163940429688 -0.35542964935302734
-11.785530090332031 9.919431686401367 -0.3492412567138672
-13.26406478881836 9.903833389282227 -0.32220888137817383
-14.967337608337402 9.920463562011719 -0.29695653915405273
-16.548940658569336 9.907306671142578 -0.27837419509887695

2
29.816020965576172 4.851293563842773 -0.6204791069030762
27.14099884033203 4.859832763671875 -0.5870113372802734
24.517650604248047 4.861835479736328 -0.5652203559875488
21.856231689453125 4.899085998535156 -0.5472593307495117
19.070011138916016 4.906583786010742 -0.5251979827880859
16.325302124023438 4.977842330932617 -0.5084447860717773
13.499313354492188 5.027021408081055 -0.5070486068725586
10.907718658447266 5.086647033691406 -0.47411108016967773
8.105873107910156 5.171175003051758 -0.4518699645996094
5.606189727783203 5.205356597900391 -0.4392886161804199
2.788463592529297 5.190004348754883 -0.42647790908813477
-0.09177780151367188 5.128578186035156 -0.4117708206176758
-2.397571563720703 4.845672607421875 -0.40297555923461914
-4.144174575805664 3.409517288208008 -0.3469686508178711
-6.653558731079102 3.6855926513671875 -0.31425952911376953
-8.88482666015625 5.381828308105469 -0.3385610580444336
-9.359903335571289 8.037187576293945 -0.41132164001464844
-8.237154006958008 9.492317199707031 -0.42977380752563477
-8.257368087768555 12.09306526184082 -0.5075516700744629
-8.225688934326172 14.812522888183594 -0.5486044883728027

2
-16.797924041748047 -14.80591869354248 0.21372365951538086
-16.727527618408203 -13.50662612915039 0.17004060745239258
-16.749061584472656 -12.288188934326172 0.14635133743286133
-16.615671157836914 -11.070168495178223 0.10503244400024414
-16.606746673583984 -9.75231647491455 0.06891250610351562
-16.643360137939453 -8.477335929870605 0.02969503402709961
-16.620586395263672 -7.213539123535156 0.0014157295227050781
-16.54163360595703 -5.762659072875977 -0.05560445785522461
-16.73853302001953 -4.532840728759766 -0.08700037002563477
-17.1757755279541 -3.5377273559570312 -0.11028909683227539
-18.281572341918945 -2.6907997131347656 -0.15442180633544922
-19.60919189453125 -2.5509653091430664 -0.14850330352783203
-20.807968139648438 -2.486063003540039 -0.1260533332824707
-22.13372039794922 -2.4644994735717773 -0.10442924499511719
-23.34906005859375 -2.4656763076782227 -0.0990138053894043
-24.70560073852539 -2.4477643966674805 -0.08682966232299805
-26.017833709716797 -2.4367446899414062 -0.07655620574951172
-27.27593994140625 -2.4410581588745117 -0.057280540466308594
-28.59203338623047 -2.4314746856689453 -0.05234670639038086
-29.84515380859375 -2.454723358154297 -0.03506612777709961

2
-16.428857803344727 14.79635238647461 -0.34227848052978516
-16.508852005004883 13.709699630737305 -0.3260493278503418
-16.593942642211914 12.634023666381836 -0.31130361557006836
-16.58416748046875 11.496471405029297 -0.29358625411987305
-16.50397491455078 10.228914260864258 -0.2934136390686035
-16.54746437072754 9.127418518066406 -0.2967653274536133
-16.55099105834961 7.918468475341797 -0.3033442497253418
-16.72795867919922 6.980051040649414 -0.29079723358154297
-17.440629959106445 5.970073699951172 -0.2751145362854004
-18.50572967529297 5.356328964233398 -0.24758195877075195
-19.638816833496094 5.1941680908203125 -0.2303295135498047
-20.875904083251953 5.177207946777344 -0.22710657119750977
-22.024059295654297 5.209955215454102 -0.21709585189819336
-23.015993118286133 5.266546249389648 -0.21388721466064453
-24.175796508789062 5.297723770141602 -0.2151622772216797
-25.307493209838867 5.326372146606445 -0.2127056121826172
-26.41544532775879 5.368635177612305 -0.20829343795776367
-27.560243606567383 5.391490936279297 -0.19223976135253906
-28.720247268676758 5.418210983276367 -0.18877840042114258
-29.88063621520996 5.450727462768555 -0.1748189926147461

2
29.847763061523438 -2.8273487091064453 -0.4691452980041504
27.337841033935547 -2.787816047668457 -0.4438185691833496
24.84305191040039 -2.810603141784668 -0.4206728935241699
22.276485443115234 -2.7654829025268555 -0.39506006240844727
19.815418243408203 -2.784048080444336 -0.3713531494140625
17.145893096923828 -2.7698869705200195 -0.34841442108154297
14.576217651367188 -2.75555419921875 -0.3296632766723633
11.916542053222656 -2.7185354232788086 -0.31513547897338867
9.335750579833984 -2.6719188690185547 -0.2985692024230957
6.809398651123047 -2.653573989868164 -0.3047666549682617
4.219520568847656 -2.639407157897949 -0.29010772705078125
1.6190605163574219 -2.606090545654297 -0.2891268730163574
-1.2352180480957031 -2.5876264572143555 -0.28333139419555664
-3.8490543365478516 -2.5303125381469727 -0.2765531539916992
-6.3967742919921875 -2.7349929809570312 -0.2252945899963379
-8.175424575805664 -4.532876968383789 -0.13703203201293945
-8.361227035522461 -7.187826633453369 -0.06574058532714844
-8.260051727294922 -9.811278343200684 0.0415191650390625
-8.268583297729492 -12.265735626220703 0.16199254989624023
-8.129528045654297 -14.806648254394531 0.27033185958862305

0
-23.252851486206055 1.074462890625 -0.12469291687011719
-23.627750396728516 1.0758609771728516 -0.13375329971313477
-23.983919143676758 1.0673675537109375 -0.1353611946105957
-24.361202239990234 1.071462631225586 -0.1364755630493164
-24.68377685546875 1.0857162475585938 -0.13060665130615234
-25.051172256469727 1.1011981964111328 -0.1386418342590332
-25.462350845336914 1.1012916564941406 -0.13688945770263672
-25.798316955566406 1.1027240753173828 -0.1283583641052246
-26.145450592041016 1.115591049194336 -0.1282505989074707
-26.605487823486328 1.1187744140625 -0.1271495819091797
-26.898530960083008 1.1294727325439453 -0.12218475341796875
-27.262359619140625 1.136322021484375 -0.1219172477722168
-27.61083221435547 1.1356925964355469 -0.11486101150512695
-27.96459197998047 1.1518993377685547 -0.11899042129516602
-28.300691604614258 1.1505184173583984 -0.11751651763916016
-28.64514923095703 1.164865493774414 -0.1159811019897461
-29.00330924987793 1.1721935272216797 -0.11922168731689453
-29.349802017211914 1.1668701171875 -0.1177530288696289
-29.68575668334961 1.1726837158203125 -0.11346197128295898
-29.9808292388916 1.1847171783447266 -0.12310028076171875

1
-17.11220932006836 -4.675873756408691 -0.05905294418334961
-16.907268524169922 -2.817331314086914 -0.09226703643798828
-16.89670753479004 -1.079380989074707 -0.13275718688964844
-16.881324768066406 0.7336444854736328 -0.16830921173095703
-16.79388999938965 2.5058135986328125 -0.18936729431152344
-16.689855575561523 4.257396697998047 -0.22173070907592773
-16.39805793762207 6.080574035644531 -0.25580596923828125
-16.70444679260254 7.836488723754883 -0.2834467887878418
-17.681915283203125 8.116525650024414 -0.25184059143066406
-19.59660530090332 7.598073959350586 -0.1783452033996582
-21.285234451293945 7.211856842041016 -0.09620809555053711
-21.35063362121582 5.461820602416992 -0.07929754257202148
-21.566883087158203 3.8490333557128906 -0.05435895919799805
-21.52062225341797 1.9188289642333984 -0.033030033111572266
-21.532546997070312 0.15239429473876953 -0.01698589324951172
-21.631683349609375 -1.5979547500610352 -0.01302337646484375
-21.75096321105957 -3.421419143676758 0.004950046539306641
-20.59192657470703 -4.086191177368164 -0.0005536079406738281
-18.81296157836914 -4.412424087524414 -0.02921295166015625
-17.029708862304688 -4.749024391174316 -0.08384418487548828

1
-7.456394195556641 5.290506362915039 -0.26479196548461914
-7.591907501220703 3.7610416412353516 -0.24557971954345703
-7.619457244873047 2.3243637084960938 -0.22336530685424805
-7.651988983154297 0.7858619689941406 -0.1964249610900879
-7.623950958251953 -0.7074699401855469 -0.17560958862304688
-7.613950729370117 -2.1829566955566406 -0.15152788162231445
-7.730131149291992 -3.577207565307617 -0.11477947235107422
-7.648609161376953 -5.098972320556641 -0.10229873657226562
-6.296297073364258 -4.610200881958008 -0.0933690071105957
-4.747974395751953 -4.172189712524414 -0.1043386459350586
-3.360841751098633 -3.790543556213379 -0.12100839614868164
-2.861297607421875 -2.602175712585449 -0.15638303756713867
-2.823162078857422 -1.086578369140625 -0.19716215133666992
-2.8003501892089844 0.4479341506958008 -0.2428145408630371
-2.7662811279296875 1.8440513610839844 -0.28340721130371094
-2.794391632080078 3.3820037841796875 -0.3201112747192383
-2.941761016845703 4.676364898681641 -0.3526134490966797
-4.517505645751953 4.779939651489258 -0.33098506927490234
-5.9279937744140625 5.006715774536133 -0.3075680732727051
-7.427349090576172 5.276275634765625 -0.29307031631469727

1
-17.744930267333984 -8.739740371704102 0.15467071533203125
-16.077064514160156 -8.739911079406738 0.13982534408569336
-14.523893356323242 -8.735002517700195 0.12683391571044922
-12.878955841064453 -8.74217414855957 0.11719036102294922
-11.259561538696289 -8.714815139770508 0.10479211807250977
-9.663822174072266 -8.769290924072266 0.07854032516479492
-8.067102432250977 -8.711091995239258 0.0639047622680664
-7.323110580444336 -7.737449645996094 0.034523963928222656
-6.9706878662109375 -6.1873016357421875 -0.04776716232299805
-6.780559539794922 -4.552146911621094 -0.1008920669555664
-7.849969863891602 -4.0285539627075195 -0.12931299209594727
-9.513179779052734 -4.067626953125 -0.10893058776855469
-11.170351028442383 -4.055276870727539 -0.09575414657592773
-12.614053726196289 -4.066720962524414 -0.07603645324707031
-14.02507209777832 -4.053851127624512 -0.07328176498413086
-15.725570678710938 -4.095484733581543 -0.06676483154296875
-17.395782470703125 -4.100162506103516 -0.05264472961425781
-17.676115036010742 -5.544133186340332 0.015428543090820312
-17.73953628540039 -7.026241302490234 0.08317708969116211
-17.768325805664062 -8.698722839355469 0.15673208236694336

