1
7.570701599121094 -4.942378044128418 -0.28771066665649414
7.6752777099609375 -3.3087472915649414 -0.2831764221191406
7.790103912353516 -1.689218521118164 -0.28621721267700195
7.85107421875 -0.05523204803466797 -0.2850041389465332
7.950328826904297 1.5583782196044922 -0.2811775207519531
8.026969909667969 3.1565589904785156 -0.28568410873413086
8.065410614013672 4.712974548339844 -0.2798275947570801
7.8962249755859375 6.059684753417969 -0.2816028594970703
6.266330718994141 6.179231643676758 -0.24410104751586914
4.6061859130859375 6.360956192016602 -0.20798301696777344
3.535594940185547 5.888357162475586 -0.19061660766601562
3.4629974365234375 4.278709411621094 -0.18963241577148438
3.3073158264160156 2.6554012298583984 -0.19431304931640625
3.2381057739257812 1.087493896484375 -0.20038127899169922
3.178741455078125 -0.6079034805297852 -0.20582246780395508
3.0279388427734375 -2.2523908615112305 -0.21155977249145508
2.980205535888672 -3.8190994262695312 -0.22346878051757812
4.323204040527344 -4.220981597900391 -0.2490711212158203
5.991844177246094 -4.61484432220459 -0.28235340118408203
7.53240966796875 -4.915813446044922 -0.29996776580810547

2
29.834716796875 3.4957828521728516 -0.12436199188232422
28.745769500732422 3.5577735900878906 -0.1282196044921875
27.559425354003906 3.655111312866211 -0.13754653930664062
26.406978607177734 3.7480697631835938 -0.14993810653686523
25.269580841064453 3.826862335205078 -0.16197586059570312
24.092361450195312 3.9174270629882812 -0.1769399642944336
22.933029174804688 3.980192184448242 -0.18771648406982422
21.736282348632812 4.077644348144531 -0.2050638198852539
20.755836486816406 4.151880264282227 -0.21965456008911133
19.588775634765625 4.354419708251953 -0.24776411056518555
18.611454010009766 4.872821807861328 -0.2613205909729004
17.880321502685547 5.780561447143555 -0.2685689926147461
17.58983612060547 6.86302375793457 -0.2633647918701172
17.63593292236328 8.048328399658203 -0.25389623641967773
17.722885131835938 9.149358749389648 -0.2447190284729004
17.865577697753906 10.353214263916016 -0.24424123764038086
17.98568344116211 11.486875534057617 -0.2585477828979492
18.084163665771484 12.64224624633789 -0.26242637634277344
18.165851593017578 13.75790023803711 -0.2621469497680664
18.29738998413086 14.811336517333984 -0.27022552490234375

1
16.96996307373047 -4.799680709838867 -0.22163820266723633
15.473373413085938 -4.639116287231445 -0.22893333435058594
13.964458465576172 -4.527196884155273 -0.23711061477661133
12.434818267822266 -4.426300048828125 -0.2492389678955078
11.007194519042969 -4.325986862182617 -0.25412988662719727
9.482460021972656 -4.200108528137207 -0.2635173797607422
8.013603210449219 -4.111377716064453 -0.27367210388183594
6.595409393310547 -4.018703460693359 -0.2785482406616211
6.958770751953125 -5.494562149047852 -0.28180885314941406
7.294445037841797 -6.9836578369140625 -0.2660679817199707
7.614738464355469 -8.468854904174805 -0.25737953186035156
8.728797912597656 -8.967403411865234 -0.2610349655151367
10.294960021972656 -9.0728759765625 -0.27028942108154297
11.715423583984375 -9.158527374267578 -0.2872328758239746
13.200790405273438 -9.288919448852539 -0.2910337448120117
14.672454833984375 -9.361669540405273 -0.29162120819091797
16.011871337890625 -9.214061737060547 -0.2938661575317383
16.322792053222656 -7.680821418762207 -0.28031349182128906
16.622596740722656 -6.260004997253418 -0.25397396087646484
16.978816986083984 -4.799904823303223 -0.22667980194091797

2
10.199466705322266 14.801952362060547 -0.32718563079833984
10.140209197998047 12.294225692749023 -0.3178858757019043
9.894634246826172 9.75526237487793 -0.3269782066345215
9.79989242553711 7.215673446655273 -0.3731245994567871
8.210453033447266 5.289529800415039 -0.3377094268798828
5.799793243408203 5.106147766113281 -0.30499267578125
3.1688385009765625 5.338724136352539 -0.28870487213134766
0.6524600982666016 5.479574203491211 -0.26606130599975586
-1.9035148620605469 5.62986946105957 -0.2677597999572754
-4.504117965698242 5.823383331298828 -0.24988698959350586
-6.956626892089844 6.013051986694336 -0.25797367095947266
-9.536514282226562 6.220792770385742 -0.2595963478088379
-12.202329635620117 6.406120300292969 -0.26149749755859375
-14.67955493927002 6.561260223388672 -0.26375579833984375
-17.207622528076172 6.7397308349609375 -0.270871639251709
-19.750225067138672 6.907182693481445 -0.27560997009277344
-22.343048095703125 7.091154098510742 -0.28183794021606445
-24.877992630004883 7.276220321655273 -0.2953019142150879
-27.424142837524414 7.402961730957031 -0.28368043899536133
-29.826013565063477 7.581331253051758 -0.2843775749206543

1
8.395347595214844 9.936641693115234 -0.24425983428955078
8.086189270019531 8.412843704223633 -0.24970293045043945
7.854644775390625 6.826353073120117 -0.30158090591430664
7.709342956542969 5.384805679321289 -0.32252979278564453
9.225643157958984 5.272748947143555 -0.32115840911865234
10.912345886230469 5.192228317260742 -0.3132352828979492
12.361907958984375 5.104400634765625 -0.3031344413757324
13.896133422851562 5.0097198486328125 -0.28890132904052734
15.5977783203125 4.924579620361328 -0.28807544708251953
17.133094787597656 4.820051193237305 -0.2777867317199707
18.715194702148438 4.71314811706543 -0.2634449005126953
18.45297622680664 6.281854629516602 -0.25248003005981445
18.209293365478516 7.750865936279297 -0.24729156494140625
17.85696792602539 9.320701599121094 -0.23470640182495117
16.350086212158203 9.632722854614258 -0.23845148086547852
14.842166900634766 9.616178512573242 -0.24492883682250977
13.166828155517578 9.686664581298828 -0.2392563819885254
11.611656188964844 9.77392578125 -0.23960447311401367
10.071525573730469 9.839441299438477 -0.2377772331237793
8.3587646484375 9.88003158569336 -0.23634862899780273

1
18.087665557861328 4.71044921875 -0.3106660842895508
17.862197875976562 3.259593963623047 -0.28794336318969727
17.604045867919922 1.8864936828613281 -0.2755007743835449
17.41910171508789 0.4675016403198242 -0.25864171981811523
17.201885223388672 -0.9428586959838867 -0.25267505645751953
17.06399917602539 -2.368899345397949 -0.24361228942871094
16.76352310180664 -3.815523147583008 -0.22573041915893555
17.52240753173828 -4.495322227478027 -0.22951650619506836
18.935306549072266 -4.646177291870117 -0.241912841796875
20.308032989501953 -4.7100725173950195 -0.24356508255004883
21.670127868652344 -4.670698165893555 -0.2309274673461914
21.65170669555664 -3.1641130447387695 -0.21660518646240234
21.66930389404297 -1.7327651977539062 -0.21030855178833008
21.76898193359375 -0.35149669647216797 -0.18868732452392578
21.898193359375 1.070770263671875 -0.17998933792114258
21.954811096191406 2.4217090606689453 -0.16782522201538086
22.158714294433594 3.8538379669189453 -0.15613985061645508
20.86717987060547 4.258028030395508 -0.20169544219970703
19.50412368774414 4.482635498046875 -0.24720001220703125
18.006980895996094 4.73011589050293 -0.28425168991088867

2
8.426807403564453 -14.80232048034668 -0.3574810028076172
8.637306213378906 -12.22610855102539 -0.3733501434326172
8.72573471069336 -9.777608871459961 -0.3673434257507324
8.929229736328125 -7.14760160446167 -0.38860368728637695
8.459674835205078 -4.606612205505371 -0.3447685241699219
6.386234283447266 -3.2524490356445312 -0.3304939270019531
3.729106903076172 -3.081517219543457 -0.3000779151916504
1.0996341705322266 -2.9285526275634766 -0.26239490509033203
-1.4511089324951172 -2.7429513931274414 -0.22569513320922852
-4.020572662353516 -2.5783300399780273 -0.21283626556396484
-6.627326965332031 -2.40773868560791 -0.21978282928466797
-9.297149658203125 -2.2131919860839844 -0.24215173721313477
-11.913240432739258 -2.0172157287597656 -0.2632565498352051
-14.536550521850586 -1.8511466979980469 -0.2764253616333008
-17.149124145507812 -1.6419677734375 -0.30100107192993164
-19.693986892700195 -1.4622631072998047 -0.3263053894042969
-22.359039306640625 -1.2662591934204102 -0.3438267707824707
-24.90664291381836 -1.0824460983276367 -0.36147403717041016
-27.28498077392578 -0.9150266647338867 -0.3779640197753906
-29.834774017333984 -0.7221612930297852 -0.4120807647705078

2
29.85045623779297 -4.78880500793457 -0.21956777572631836
28.476520538330078 -4.703868865966797 -0.2378559112548828
26.976776123046875 -4.615329742431641 -0.24968242645263672
25.485332489013672 -4.501032829284668 -0.2626667022705078
24.122634887695312 -4.400035858154297 -0.2722964286804199
22.609336853027344 -4.293830871582031 -0.28299570083618164
21.200061798095703 -4.180066108703613 -0.286285400390625
20.470672607421875 -3.5774335861206055 -0.2955617904663086
19.61944580078125 -2.701169013977051 -0.31272411346435547
18.18065643310547 -2.792530059814453 -0.3025650978088379
16.670795440673828 -3.580410957336426 -0.2831730842590332
15.741039276123047 -4.5887298583984375 -0.28115034103393555
15.19821548461914 -5.857881546020508 -0.2938113212585449
14.90777587890625 -7.417348861694336 -0.3161044120788574
14.852733612060547 -8.927340507507324 -0.33496952056884766
15.63968276977539 -9.51437759399414 -0.33649682998657227
16.28534698486328 -10.45134162902832 -0.33620405197143555
16.351093292236328 -12.011408805847168 -0.3503751754760742
16.279407501220703 -13.390838623046875 -0.35366010665893555
16.095291137695312 -14.797110557556152 -0.3543839454650879

0
13.917743682861328 14.967689514160156 -0.2883920669555664
13.899555206298828 14.841726303100586 -0.28589344024658203
13.824588775634766 14.66778564453125 -0.2910633087158203
13.84322738647461 14.48914909362793 -0.2962641716003418
13.811470031738281 14.267942428588867 -0.29020023345947266
13.824474334716797 14.05233383178711 -0.28764820098876953
13.848243713378906 13.888662338256836 -0.2865886688232422
13.817680358886719 13.700109481811523 -0.2844276428222656
13.78542709350586 13.523624420166016 -0.29073381423950195
13.776142120361328 13.285524368286133 -0.2995009422302246
13.770965576171875 13.056299209594727 -0.30052804946899414
13.754955291748047 12.837034225463867 -0.29669809341430664
13.727630615234375 12.624143600463867 -0.29299163818359375
13.731300354003906 12.430252075195312 -0.2938833236694336
13.713275909423828 12.242216110229492 -0.2913808822631836
13.67501449584961 12.026081085205078 -0.28910064697265625
13.68100357055664 11.845451354980469 -0.2840757369995117
13.679141998291016 11.672357559204102 -0.28995704650878906
13.697189331054688 11.530494689941406 -0.2994403839111328
13.676006317138672 11.339914321899414 -0.30005359649658203

