1
-16.930931091308594 9.911556243896484 -0.317535400390625
-17.870065689086914 8.519950866699219 -0.3000812530517578
-18.769319534301758 7.227983474731445 -0.2919158935546875
-19.706846237182617 5.654035568237305 -0.2775287628173828
-18.57984733581543 5.307426452636719 -0.2748727798461914
-16.894285202026367 5.294643402099609 -0.28537988662719727
-15.308095932006836 5.27021598815918 -0.29424571990966797
-13.874814987182617 5.231452941894531 -0.2935051918029785
-12.304372787475586 5.180084228515625 -0.29948902130126953
-10.589656829833984 5.169347763061523 -0.2975778579711914
-8.90285873413086 5.122072219848633 -0.29848623275756836
-8.062049865722656 5.99755859375 -0.3123331069946289
-8.067981719970703 7.637414932250977 -0.3573918342590332
-8.071521759033203 9.220867156982422 -0.3997459411621094
-8.919769287109375 9.855024337768555 -0.4105377197265625
-10.613811492919922 9.819086074829102 -0.405242919921875
-12.111087799072266 9.916786193847656 -0.3961167335510254
-13.596477508544922 9.894142150878906 -0.3679795265197754
-15.34083080291748 9.917459487915039 -0.3412055969238281
-16.897117614746094 9.894895553588867 -0.32735252380371094

2
-17.18864631652832 -14.807394027709961 0.2527785301208496
-17.051311492919922 -13.523494720458984 0.2110896110534668
-17.078834533691406 -12.327016830444336 0.18454265594482422
-16.953907012939453 -11.161109924316406 0.13904762268066406
-16.934009552001953 -9.86959457397461 0.10336494445800781
-16.98946762084961 -8.590423583984375 0.051737308502197266
-16.974811553955078 -7.384523868560791 0.020864486694335938
-16.958999633789062 -5.974529266357422 -0.037230491638183594
-17.151065826416016 -4.743623733520508 -0.07019376754760742
-17.533851623535156 -3.769524574279785 -0.10418891906738281
-18.51563262939453 -2.8023061752319336 -0.1503009796142578
-19.800094604492188 -2.594186782836914 -0.15194988250732422
-20.960344314575195 -2.5045385360717773 -0.13204622268676758
-22.243669509887695 -2.4771804809570312 -0.11372041702270508
-23.4728946685791 -2.4918270111083984 -0.10634040832519531
-24.800357818603516 -2.485081672668457 -0.09950447082519531
-26.08921241760254 -2.479559898376465 -0.08868026733398438
-27.32866859436035 -2.505126953125 -0.07329797744750977
-28.614456176757812 -2.4988279342651367 -0.0694422721862793
-29.84860610961914 -2.5278778076171875 -0.05377674102783203

2
29.820152282714844 4.890594482421875 -0.6248269081115723
27.12860870361328 4.88853645324707 -0.5931224822998047
24.475006103515625 4.895467758178711 -0.5720458030700684
21.80587387084961 4.9329681396484375 -0.5571432113647461
18.961414337158203 4.929502487182617 -0.5365462303161621
16.231006622314453 4.997310638427734 -0.527930736541748
13.384937286376953 5.038755416870117 -0.5268869400024414
10.76699447631836 5.0904083251953125 -0.49472665786743164
7.913726806640625 5.147853851318359 -0.46576690673828125
5.3890228271484375 5.172952651977539 -0.45911121368408203
2.5577239990234375 5.144012451171875 -0.45065832138061523
-0.4024162292480469 5.111211776733398 -0.4343123435974121
-2.7382373809814453 4.880121231079102 -0.4263768196105957
-4.543426513671875 3.4837265014648438 -0.3699965476989746
-7.024675369262695 3.655153274536133 -0.3353109359741211
-9.342374801635742 5.338672637939453 -0.36743879318237305
-9.81003189086914 7.924081802368164 -0.44272565841674805
-8.718360900878906 9.417770385742188 -0.4659280776977539
-8.788272857666016 12.042003631591797 -0.5553684234619141
-8.670284271240234 14.814807891845703 -0.5936989784240723

2
-16.860578536987305 14.803047180175781 -0.3986177444458008
-16.848922729492188 13.71816635131836 -0.3848457336425781
-16.999237060546875 12.687210083007812 -0.36556482315063477
-17.006662368774414 11.59722900390625 -0.3497810363769531
-16.910186767578125 10.293684005737305 -0.33879518508911133
-16.951229095458984 9.221931457519531 -0.34079456329345703
-16.945083618164062 8.039899826049805 -0.3424801826477051
-17.067157745361328 7.116695404052734 -0.3364386558532715
-17.62366485595703 6.090986251831055 -0.3180532455444336
-18.67852020263672 5.406482696533203 -0.29096317291259766
-19.825359344482422 5.194183349609375 -0.26450014114379883
-20.99866485595703 5.160005569458008 -0.26065683364868164
-22.143014907836914 5.189533233642578 -0.25201988220214844
-23.14158821105957 5.236961364746094 -0.2504572868347168
-24.256494522094727 5.2751312255859375 -0.25626611709594727
-25.376386642456055 5.296720504760742 -0.2536640167236328
-26.46136474609375 5.326122283935547 -0.2584967613220215
-27.60474967956543 5.347911834716797 -0.24016761779785156
-28.73314666748047 5.369138717651367 -0.24117040634155273
-29.884437561035156 5.410148620605469 -0.22588491439819336

2
29.84832000732422 -2.794710159301758 -0.44788169860839844
27.33526611328125 -2.7604427337646484 -0.42189836502075195
24.82495880126953 -2.781587600708008 -0.39997196197509766
22.225078582763672 -2.746959686279297 -0.3740243911743164
19.729698181152344 -2.763368606567383 -0.3523116111755371
17.013019561767578 -2.7530088424682617 -0.33144283294677734
14.427925109863281 -2.750554084777832 -0.31424999237060547
11.762374877929688 -2.7174501419067383 -0.3013286590576172
9.189353942871094 -2.6738529205322266 -0.2875704765319824
6.6669921875 -2.659860610961914 -0.2968425750732422
4.039154052734375 -2.6423912048339844 -0.2862067222595215
1.443582534790039 -2.603888511657715 -0.2857537269592285
-1.461669921875 -2.5857114791870117 -0.2801675796508789
-4.076473236083984 -2.4940195083618164 -0.27822351455688477
-6.651189804077148 -2.7007360458374023 -0.2275218963623047
-8.544715881347656 -4.500405311584473 -0.13021183013916016
-8.639816284179688 -7.168168067932129 -0.04869222640991211
-8.518285751342773 -9.838112831115723 0.06284046173095703
-8.607654571533203 -12.29836654663086 0.19410228729248047
-8.56591796875 -14.810975074768066 0.326265811920166

0
-23.695966720581055 1.04119873046875 -0.13584518432617188
-24.04130744934082 1.0398139953613281 -0.14649486541748047
-24.323806762695312 1.0332202911376953 -0.14623498916625977
-24.703454971313477 1.0419998168945312 -0.14698028564453125
-25.02835464477539 1.0430717468261719 -0.14168787002563477
-25.397281646728516 1.0622234344482422 -0.1510767936706543
-25.765186309814453 1.0571918487548828 -0.15026187896728516
-26.09238052368164 1.0567436218261719 -0.14773321151733398
-26.385406494140625 1.0647926330566406 -0.1489887237548828
-26.807296752929688 1.067056655883789 -0.14597177505493164
-27.059860229492188 1.0842227935791016 -0.14124059677124023
-27.407176971435547 1.0857620239257812 -0.14033746719360352
-27.734580993652344 1.0750446319580078 -0.13521623611450195
-28.07528305053711 1.090444564819336 -0.1387186050415039
-28.390548706054688 1.092538833618164 -0.13739252090454102
-28.72627067565918 1.1010856628417969 -0.13675832748413086
-29.06563377380371 1.1099834442138672 -0.14274263381958008
-29.396556854248047 1.1030864715576172 -0.1412830352783203
-29.70969009399414 1.1120281219482422 -0.13078784942626953
-29.981218338012695 1.117340087890625 -0.14441919326782227

1
-7.877708435058594 5.309947967529297 -0.2893037796020508
-7.99156379699707 3.758760452270508 -0.26289987564086914
-8.017581939697266 2.3498287200927734 -0.24007177352905273
-8.004453659057617 0.7636642456054688 -0.20426702499389648
-8.031042098999023 -0.7195558547973633 -0.1792149543762207
-8.042043685913086 -2.1825180053710938 -0.1555919647216797
-8.097763061523438 -3.587657928466797 -0.10893106460571289
-8.031229019165039 -5.08561897277832 -0.09208822250366211
-6.603506088256836 -4.616687774658203 -0.0866694450378418
-5.021028518676758 -4.129117012023926 -0.1020059585571289
-3.6831703186035156 -3.7538509368896484 -0.1190652847290039
-3.186502456665039 -2.559154510498047 -0.1562056541442871
-3.1564102172851562 -1.0466852188110352 -0.20318174362182617
-3.144205093383789 0.4539012908935547 -0.25202083587646484
-3.1388587951660156 1.8485145568847656 -0.29477548599243164
-3.1676273345947266 3.379596710205078 -0.33213186264038086
-3.364543914794922 4.646827697753906 -0.3672342300415039
-4.870477676391602 4.774999618530273 -0.3463172912597656
-6.309291839599609 4.997758865356445 -0.32320547103881836
-7.83283805847168 5.259590148925781 -0.3160667419433594

1
-18.08325958251953 -8.747330665588379 0.17789506912231445
-16.403879165649414 -8.754232406616211 0.15709733963012695
-14.82801342010498 -8.745973587036133 0.14922809600830078
-13.197059631347656 -8.728437423706055 0.13560152053833008
-11.543306350708008 -8.709880828857422 0.12161827087402344
-9.893165588378906 -8.728582382202148 0.0948944091796875
-8.313661575317383 -8.68191146850586 0.07759475708007812
-7.597139358520508 -7.6761250495910645 0.04617929458618164
-7.239612579345703 -6.132585525512695 -0.039954185485839844
-7.093292236328125 -4.530298233032227 -0.09807300567626953
-8.165050506591797 -3.9849462509155273 -0.13037633895874023
-9.870773315429688 -4.042746543884277 -0.1044464111328125
-11.554403305053711 -4.054873466491699 -0.08770179748535156
-13.067968368530273 -4.061655044555664 -0.06592178344726562
-14.44980525970459 -4.021100997924805 -0.059856414794921875
-16.198749542236328 -4.1132307052612305 -0.0558934211730957
-17.929763793945312 -4.130232810974121 -0.042972564697265625
-18.139888763427734 -5.56186580657959 0.02382040023803711
-18.142562866210938 -7.091975212097168 0.09776496887207031
-18.105125427246094 -8.74714183807373 0.17923545837402344

1
-17.040586471557617 8.35694694519043 -0.35723066329956055
-18.93023681640625 7.995397567749023 -0.28920745849609375
-20.678001403808594 7.561521530151367 -0.20041418075561523
-21.969669342041016 6.803682327270508 -0.12636089324951172
-22.100540161132812 5.047611236572266 -0.10666751861572266
-21.88985824584961 3.2150230407714844 -0.08723783493041992
-22.08893394470215 1.2789688110351562 -0.0772852897644043
-21.985610961914062 -0.3689432144165039 -0.05231952667236328
-22.09357261657715 -2.1331443786621094 -0.03157949447631836
-22.2677059173584 -3.92083740234375 -0.016333580017089844
-20.32494354248047 -4.241724014282227 -0.04490089416503906
-18.405759811401367 -4.440896987915039 -0.08787250518798828
-17.340553283691406 -4.068071365356445 -0.0978384017944336
-17.18143081665039 -2.4209070205688477 -0.12293481826782227
-17.2346248626709 -0.5503101348876953 -0.1704106330871582
-17.175430297851562 1.1663646697998047 -0.19884109497070312
-17.02202796936035 2.9835968017578125 -0.23159170150756836
-16.90795135498047 4.713388442993164 -0.25520896911621094
-16.786516189575195 6.441631317138672 -0.30489349365234375
-17.02873992919922 8.238649368286133 -0.3542609214782715

