1
-17.341005325317383 9.852285385131836 -0.3829326629638672
-18.273609161376953 8.570991516113281 -0.36733579635620117
-19.140674591064453 7.211833953857422 -0.3662552833557129
-20.0966854095459 5.6638336181640625 -0.35052013397216797
-19.002931594848633 5.274423599243164 -0.34709835052490234
-17.315265655517578 5.284503936767578 -0.35629749298095703
-15.763961791992188 5.218198776245117 -0.34645843505859375
-14.224601745605469 5.191545486450195 -0.3392176628112793
-12.658712387084961 5.152036666870117 -0.34157848358154297
-11.02054214477539 5.095422744750977 -0.3299136161804199
-9.278886795043945 5.100425720214844 -0.3342719078063965
-8.371114730834961 5.988555908203125 -0.35510826110839844
-8.418163299560547 7.615964889526367 -0.3965420722961426
-8.502660751342773 9.213640213012695 -0.4421091079711914
-9.348125457763672 9.861200332641602 -0.45708227157592773
-11.017751693725586 9.76854133605957 -0.4518580436706543
-12.506902694702148 9.851806640625 -0.4492640495300293
-14.048002243041992 9.844730377197266 -0.4187469482421875
-15.677725791931152 9.877187728881836 -0.39325666427612305
-17.345613479614258 9.875635147094727 -0.38154125213623047

2
-17.626955032348633 -14.810297966003418 0.19792461395263672
-17.502071380615234 -13.572253227233887 0.1575002670288086
-17.478012084960938 -12.386195182800293 0.12610960006713867
-17.442829132080078 -11.22309398651123 0.09771442413330078
-17.340667724609375 -9.945667266845703 0.06683731079101562
-17.421344757080078 -8.696285247802734 0.021852970123291016
-17.35562515258789 -7.515524864196777 -0.017416954040527344
-17.356460571289062 -6.198487281799316 -0.09069347381591797
-17.511566162109375 -4.936412811279297 -0.12691307067871094
-17.897035598754883 -3.903310775756836 -0.16582202911376953
-18.764734268188477 -2.9549636840820312 -0.20937252044677734
-20.016841888427734 -2.6397476196289062 -0.22023296356201172
-21.11312484741211 -2.548440933227539 -0.20854806900024414
-22.332740783691406 -2.521352767944336 -0.19356584548950195
-23.571836471557617 -2.533781051635742 -0.18756389617919922
-24.84320068359375 -2.5166378021240234 -0.1895599365234375
-26.111303329467773 -2.512751579284668 -0.17593955993652344
-27.365652084350586 -2.541044235229492 -0.17116689682006836
-28.621055603027344 -2.5275535583496094 -0.17835760116577148
-29.854055404663086 -2.5476036071777344 -0.17346715927124023

2
-17.42521858215332 14.807001113891602 -0.4733104705810547
-17.266281127929688 13.721075057983398 -0.4623894691467285
-17.39510726928711 12.697856903076172 -0.45212507247924805
-17.430898666381836 11.644046783447266 -0.43941497802734375
-17.302688598632812 10.400812149047852 -0.42136478424072266
-17.386171340942383 9.37778091430664 -0.4113125801086426
-17.350996017456055 8.183858871459961 -0.40471506118774414
-17.35171890258789 7.235767364501953 -0.4017319679260254
-17.82470703125 6.188396453857422 -0.38109636306762695
-18.82761001586914 5.493865966796875 -0.36359596252441406
-20.0162410736084 5.20094108581543 -0.3388705253601074
-21.138076782226562 5.140878677368164 -0.3408207893371582
-22.261409759521484 5.165231704711914 -0.33204126358032227
-23.26847267150879 5.211124420166016 -0.3347792625427246
-24.393508911132812 5.247806549072266 -0.33954906463623047
-25.45992660522461 5.261907577514648 -0.34548044204711914
-26.52579689025879 5.284637451171875 -0.35677433013916016
-27.655139923095703 5.305929183959961 -0.34489011764526367
-28.741844177246094 5.333332061767578 -0.3516716957092285
-29.884803771972656 5.380226135253906 -0.35403871536254883

2
29.848094940185547 -2.7715301513671875 -0.34797048568725586
27.331073760986328 -2.741940498352051 -0.3316364288330078
24.78145980834961 -2.7448062896728516 -0.3307948112487793
22.130550384521484 -2.707632064819336 -0.30952930450439453
19.57818603515625 -2.720791816711426 -0.2976408004760742
16.85369110107422 -2.714165687561035 -0.289947509765625
14.268646240234375 -2.720913887023926 -0.2813706398010254
11.575252532958984 -2.696096420288086 -0.276247501373291
8.996192932128906 -2.6686906814575195 -0.2666292190551758
6.451656341552734 -2.6609582901000977 -0.2754039764404297
3.818126678466797 -2.646359443664551 -0.2755160331726074
1.17071533203125 -2.613949775695801 -0.28096580505371094
-1.7677021026611328 -2.6265554428100586 -0.27954912185668945
-4.423641204833984 -2.5277299880981445 -0.28476905822753906
-7.05047607421875 -2.688047409057617 -0.24625301361083984
-9.037439346313477 -4.422992706298828 -0.16527366638183594
-9.125387191772461 -7.074630260467529 -0.084136962890625
-9.016389846801758 -9.726018905639648 0.018868446350097656
-9.098901748657227 -12.272768020629883 0.1465744972229004
-9.138643264770508 -14.817480087280273 0.27825307846069336

2
29.82923126220703 4.966686248779297 -0.5331716537475586
27.166576385498047 4.935365676879883 -0.5182619094848633
24.504627227783203 4.932441711425781 -0.5132284164428711
21.831520080566406 4.955402374267578 -0.5092835426330566
18.991477966308594 4.945470809936523 -0.49946069717407227
16.284740447998047 5.004446029663086 -0.4955720901489258
13.422115325927734 5.044033050537109 -0.5007987022399902
10.76187515258789 5.089670181274414 -0.4712352752685547
7.937217712402344 5.147651672363281 -0.4534778594970703
5.360393524169922 5.147607803344727 -0.4538106918334961
2.4870147705078125 5.116376876831055 -0.4540829658508301
-0.4828529357910156 5.112009048461914 -0.45180416107177734
-2.9913558959960938 4.914951324462891 -0.4476938247680664
-4.757884979248047 3.5478744506835938 -0.39260435104370117
-7.337289810180664 3.6120376586914062 -0.36263608932495117
-9.66385269165039 5.2037811279296875 -0.3946657180786133
-10.169546127319336 7.793699264526367 -0.47737550735473633
-9.167440414428711 9.361989974975586 -0.5033893585205078
-9.259870529174805 11.94118881225586 -0.5883569717407227
-9.155948638916016 14.808877944946289 -0.6255574226379395

1
-17.446882247924805 8.349712371826172 -0.4328622817993164
-19.20352554321289 7.954645156860352 -0.3690681457519531
-21.016338348388672 7.526172637939453 -0.2789440155029297
-22.307945251464844 6.738122940063477 -0.21663141250610352
-22.40962791442871 4.989473342895508 -0.2117929458618164
-22.349552154541016 3.1635055541992188 -0.17984628677368164
-22.532026290893555 1.3099822998046875 -0.16845035552978516
-22.45772361755371 -0.3822793960571289 -0.14736080169677734
-22.4884090423584 -2.1463003158569336 -0.11960840225219727
-22.56096649169922 -4.002842903137207 -0.09945106506347656
-20.716567993164062 -4.300065040588379 -0.12288808822631836
-18.80423927307129 -4.508471488952637 -0.14974546432495117
-17.76089096069336 -4.1217451095581055 -0.1731405258178711
-17.651657104492188 -2.400226593017578 -0.2050771713256836
-17.570667266845703 -0.6094636917114258 -0.25144433975219727
-17.642261505126953 1.1007709503173828 -0.28059864044189453
-17.447921752929688 2.879138946533203 -0.3140535354614258
-17.40825653076172 4.705656051635742 -0.32519102096557617
-17.266218185424805 6.442024230957031 -0.3647909164428711
-17.404911041259766 8.285301208496094 -0.40859270095825195

0
-24.129743576049805 0.9971771240234375 -0.22811222076416016
-24.447467803955078 0.9963512420654297 -0.23307180404663086
-24.738237380981445 0.9904651641845703 -0.2320728302001953
-25.09547233581543 0.9982738494873047 -0.23259449005126953
-25.416616439819336 1.0059890747070312 -0.23444414138793945
-25.77049446105957 1.0100879669189453 -0.23906421661376953
-26.096651077270508 1.0054512023925781 -0.24233102798461914
-26.385543823242188 1.0044670104980469 -0.24292612075805664
-26.67049789428711 1.0140533447265625 -0.24634504318237305
-27.062088012695312 1.0216636657714844 -0.25249481201171875
-27.261951446533203 1.0285701751708984 -0.25173234939575195
-27.57948875427246 1.0314712524414062 -0.2531118392944336
-27.883817672729492 1.0235824584960938 -0.2428879737854004
-28.236467361450195 1.0380725860595703 -0.24848175048828125
-28.529390335083008 1.0379066467285156 -0.25078248977661133
-28.860361099243164 1.0404548645019531 -0.25356292724609375
-29.17276954650879 1.0481605529785156 -0.2541351318359375
-29.47974967956543 1.045684814453125 -0.25107383728027344
-29.748111724853516 1.0566177368164062 -0.2482128143310547
-29.982410430908203 1.0600967407226562 -0.24546432495117188

1
-8.27255630493164 5.26704216003418 -0.32503700256347656
-8.37814712524414 3.753427505493164 -0.30459070205688477
-8.39109992980957 2.310657501220703 -0.27259063720703125
-8.380029678344727 0.7518281936645508 -0.2337636947631836
-8.441823959350586 -0.6852102279663086 -0.20906591415405273
-8.524917602539062 -2.207857131958008 -0.18397283554077148
-8.516836166381836 -3.6444244384765625 -0.14255428314208984
-8.49144172668457 -5.144111633300781 -0.11911344528198242
-6.974864959716797 -4.620800018310547 -0.12261962890625
-5.5076141357421875 -4.177270889282227 -0.12319421768188477
-4.1123504638671875 -3.790228843688965 -0.1458735466003418
-3.647613525390625 -2.5986948013305664 -0.17046689987182617
-3.5731277465820312 -1.1050519943237305 -0.22066545486450195
-3.587779998779297 0.38870716094970703 -0.27293825149536133
-3.573223114013672 1.8236885070800781 -0.31704139709472656
-3.584573745727539 3.338226318359375 -0.36240625381469727
-3.7657546997070312 4.6035308837890625 -0.39336204528808594
-5.216884613037109 4.75901985168457 -0.37006616592407227
-6.699892044067383 4.972246170043945 -0.3451709747314453
-8.28840446472168 5.260032653808594 -0.33946990966796875

1
-18.48175621032715 -8.815126419067383 0.12678003311157227
-16.83576011657715 -8.74360466003418 0.11056041717529297
-15.313926696777344 -8.734209060668945 0.10427093505859375
-13.731046676635742 -8.751407623291016 0.09567785263061523
-12.062925338745117 -8.77067756652832 0.08247995376586914
-10.387334823608398 -8.720582962036133 0.07119941711425781
-8.794219970703125 -8.698474884033203 0.048322200775146484
-8.043508529663086 -7.705020427703857 0.020223140716552734
-7.723480224609375 -6.159027099609375 -0.059899330139160156
-7.498935699462891 -4.527369499206543 -0.11557722091674805
-8.549394607543945 -4.004858016967773 -0.1403961181640625
-10.246097564697266 -4.038102149963379 -0.12920045852661133
-11.85280990600586 -4.059675216674805 -0.11527013778686523
-13.544641494750977 -4.100647926330566 -0.10636377334594727
-14.964315414428711 -4.083470344543457 -0.10514307022094727
-16.682174682617188 -4.156246185302734 -0.10582542419433594
-18.387908935546875 -4.172553062438965 -0.09515810012817383
-18.502593994140625 -5.584798812866211 -0.03837251663208008
-18.503421783447266 -7.116433143615723 0.03579092025756836
-18.515277862548828 -8.784082412719727 0.11299514770507812

