1
-17.81509017944336 9.935754776000977 -0.4032473564147949
-18.739330291748047 8.574617385864258 -0.38966941833496094
-19.678102493286133 7.149906158447266 -0.3911261558532715
-20.5360107421875 5.651031494140625 -0.37587690353393555
-19.528074264526367 5.247978210449219 -0.3711090087890625
-17.804725646972656 5.27729606628418 -0.37734413146972656
-16.269405364990234 5.225677490234375 -0.3654026985168457
-14.618648529052734 5.176540374755859 -0.35738134384155273
-12.98916244506836 5.166530609130859 -0.3509092330932617
-11.462553024291992 5.0623321533203125 -0.33179616928100586
-9.706756591796875 5.1277008056640625 -0.33420753479003906
-8.916122436523438 6.0250701904296875 -0.3537750244140625
-8.898748397827148 7.620187759399414 -0.39124441146850586
-8.91433334350586 9.231840133666992 -0.4349799156188965
-9.748237609863281 9.890464782714844 -0.4516630172729492
-11.425392150878906 9.816322326660156 -0.4435563087463379
-12.943708419799805 9.84730339050293 -0.44661998748779297
-14.474260330200195 9.849813461303711 -0.42145872116088867
-16.13715171813965 9.853534698486328 -0.3973231315612793
-17.84145736694336 9.91349983215332 -0.38954734802246094

2
-17.937820434570312 -14.810725212097168 0.019239425659179688
-17.860923767089844 -13.642685890197754 -0.02152252197265625
-17.85719871520996 -12.417749404907227 -0.05931854248046875
-17.855751037597656 -11.226468086242676 -0.09025239944458008
-17.782054901123047 -10.021559715270996 -0.11582279205322266
-17.837081909179688 -8.759998321533203 -0.1501326560974121
-17.79718589782715 -7.640180587768555 -0.1797471046447754
-17.775989532470703 -6.3307905197143555 -0.2369251251220703
-17.88149070739746 -5.011177062988281 -0.26599836349487305
-18.28348731994629 -3.969048500061035 -0.2843813896179199
-19.013996124267578 -3.0471878051757812 -0.3143734931945801
-20.225318908691406 -2.7054224014282227 -0.3313460350036621
-21.32545280456543 -2.6072187423706055 -0.3370041847229004
-22.461132049560547 -2.5667200088500977 -0.331418514251709
-23.768497467041016 -2.579977035522461 -0.3291811943054199
-24.996322631835938 -2.5560169219970703 -0.32896995544433594
-26.182430267333984 -2.5473756790161133 -0.3150033950805664
-27.438888549804688 -2.569882392883301 -0.3091716766357422
-28.6524715423584 -2.5552024841308594 -0.321533203125
-29.85765838623047 -2.5838518142700195 -0.32994651794433594

1
-17.890422821044922 8.308111190795898 -0.42209768295288086
-19.761075973510742 7.892780303955078 -0.36468982696533203
-21.405126571655273 7.473997116088867 -0.2949690818786621
-22.73038101196289 6.679374694824219 -0.2422032356262207
-22.82322120666504 4.940029144287109 -0.2451171875
-22.693452835083008 3.152179718017578 -0.2325725555419922
-22.842466354370117 1.2960929870605469 -0.22544336318969727
-22.821762084960938 -0.3713397979736328 -0.2151327133178711
-22.821617126464844 -2.1305675506591797 -0.21801424026489258
-22.761350631713867 -4.02927303314209 -0.20451736450195312
-21.118494033813477 -4.333284378051758 -0.22869062423706055
-19.207931518554688 -4.530908584594727 -0.25308990478515625
-18.158374786376953 -4.163214683532715 -0.27825260162353516
-18.14447784423828 -2.425909996032715 -0.29665422439575195
-18.00485610961914 -0.5803537368774414 -0.31292057037353516
-18.12636947631836 1.1293087005615234 -0.33986568450927734
-17.921770095825195 2.8697872161865234 -0.36974620819091797
-17.955537796020508 4.685054779052734 -0.37942934036254883
-17.846298217773438 6.449373245239258 -0.3963913917541504
-17.885395050048828 8.290573120117188 -0.413576602935791

2
-17.76667594909668 14.81296157836914 -0.4605417251586914
-17.70388412475586 13.757108688354492 -0.4611201286315918
-17.834556579589844 12.7525634765625 -0.4562654495239258
-17.85462188720703 11.67837905883789 -0.44628190994262695
-17.76030921936035 10.565715789794922 -0.4351625442504883
-17.806692123413086 9.505325317382812 -0.4299898147583008
-17.843734741210938 8.309349060058594 -0.4278707504272461
-17.852373123168945 7.404056549072266 -0.42748069763183594
-18.210124969482422 6.383962631225586 -0.4105997085571289
-19.00691795349121 5.585325241088867 -0.39722681045532227
-20.164817810058594 5.180818557739258 -0.3740377426147461
-21.299074172973633 5.074258804321289 -0.38393306732177734
-22.399158477783203 5.099264144897461 -0.3764839172363281
-23.40517807006836 5.150203704833984 -0.384368896484375
-24.52398109436035 5.177022933959961 -0.38981103897094727
-25.563030242919922 5.199243545532227 -0.3996133804321289
-26.59101676940918 5.218265533447266 -0.40896129608154297
-27.708171844482422 5.23710823059082 -0.40329456329345703
-28.750507354736328 5.269218444824219 -0.4091825485229492
-29.880842208862305 5.328670501708984 -0.4125232696533203

2
29.84856414794922 -2.7278003692626953 -0.24636030197143555
27.35509490966797 -2.7099504470825195 -0.25330686569213867
24.769943237304688 -2.716388702392578 -0.25017738342285156
22.059967041015625 -2.683344841003418 -0.24490785598754883
19.47091293334961 -2.6960411071777344 -0.24701738357543945
16.814598083496094 -2.6953773498535156 -0.25345516204833984
14.183826446533203 -2.702913284301758 -0.25317811965942383
11.440914154052734 -2.677328109741211 -0.2575998306274414
8.823715209960938 -2.6537437438964844 -0.25512170791625977
6.238704681396484 -2.6520252227783203 -0.2635979652404785
3.575572967529297 -2.639225959777832 -0.27046918869018555
0.9597549438476562 -2.6077451705932617 -0.2824735641479492
-2.0394458770751953 -2.631272315979004 -0.2882404327392578
-4.634309768676758 -2.5446414947509766 -0.29402732849121094
-7.352302551269531 -2.680757522583008 -0.2903103828430176
-9.437204360961914 -4.293834686279297 -0.23258018493652344
-9.654523849487305 -6.918890953063965 -0.18419694900512695
-9.515485763549805 -9.639593124389648 -0.0867462158203125
-9.516298294067383 -12.202603340148926 0.002131938934326172
-9.485706329345703 -14.810523986816406 0.08423233032226562

2
29.83657455444336 5.012426376342773 -0.37699413299560547
27.226722717285156 4.964347839355469 -0.3850436210632324
24.59592056274414 4.958301544189453 -0.3881492614746094
21.883563995361328 4.977228164672852 -0.39372730255126953
19.05706787109375 4.973094940185547 -0.3990769386291504
16.356307983398438 5.018989562988281 -0.4102506637573242
13.363079071044922 5.064540863037109 -0.41968679428100586
10.734203338623047 5.105169296264648 -0.4009671211242676
7.996295928955078 5.164981842041016 -0.4022998809814453
5.3778076171875 5.167121887207031 -0.41109180450439453
2.4528961181640625 5.1400299072265625 -0.4149470329284668
-0.4508495330810547 5.117105484008789 -0.4242668151855469
-3.168519973754883 5.000858306884766 -0.42183351516723633
-5.017246246337891 3.7681617736816406 -0.37503623962402344
-7.50212287902832 3.5313148498535156 -0.35028743743896484
-9.95804214477539 4.991474151611328 -0.3812990188598633
-10.722208023071289 7.675195693969727 -0.4632892608642578
-9.637025833129883 9.350337982177734 -0.47661256790161133
-9.578296661376953 11.927499771118164 -0.5543084144592285
-9.581722259521484 14.80862808227539 -0.5831375122070312

1
-18.97707748413086 -8.908063888549805 -0.03384876251220703
-17.306941986083984 -8.846721649169922 -0.03493309020996094
-15.78765869140625 -8.76955795288086 -0.03851652145385742
-14.300479888916016 -8.829944610595703 -0.04420328140258789
-12.544906616210938 -8.849342346191406 -0.040677547454833984
-10.921663284301758 -8.795263290405273 -0.03947925567626953
-9.231706619262695 -8.77397346496582 -0.048914432525634766
-8.47439193725586 -7.761868953704834 -0.07664299011230469
-8.16192626953125 -6.107352256774902 -0.13974571228027344
-7.928476333618164 -4.510152816772461 -0.18500709533691406
-8.995121002197266 -4.041365623474121 -0.1909313201904297
-10.581985473632812 -4.011390686035156 -0.1930689811706543
-12.21329116821289 -4.055657386779785 -0.1943058967590332
-13.902841567993164 -4.069112777709961 -0.1994633674621582
-15.449677467346191 -4.077160835266113 -0.20331096649169922
-17.093746185302734 -4.148634910583496 -0.2064194679260254
-18.807600021362305 -4.135955810546875 -0.20199966430664062
-18.95356559753418 -5.61699104309082 -0.14835834503173828
-18.89373016357422 -7.218393325805664 -0.08089208602905273
-18.895755767822266 -8.88524055480957 -0.027842998504638672

0
-24.542320251464844 0.9802846908569336 -0.34480953216552734
-24.764577865600586 0.9755477905273438 -0.3503870964050293
-25.080825805664062 0.97357177734375 -0.34970617294311523
-25.44569206237793 0.9745235443115234 -0.35364437103271484
-25.713319778442383 0.9785614013671875 -0.35618019104003906
-26.028093338012695 0.9819622039794922 -0.36710119247436523
-26.328590393066406 0.9846067428588867 -0.3692746162414551
-26.615161895751953 0.9783086776733398 -0.3647646903991699
-26.879236221313477 0.9961147308349609 -0.36486196517944336
-27.268640518188477 0.9990196228027344 -0.3708620071411133
-27.46127700805664 1.0096855163574219 -0.3724508285522461
-27.716325759887695 1.0095386505126953 -0.37169694900512695
-28.02711296081543 1.0011005401611328 -0.36557626724243164
-28.364179611206055 1.016357421875 -0.3695816993713379
-28.65441131591797 1.0084705352783203 -0.3713688850402832
-28.96208381652832 1.0129222869873047 -0.37398195266723633
-29.251731872558594 1.0141754150390625 -0.37270259857177734
-29.524003982543945 1.0168266296386719 -0.37284040451049805
-29.766735076904297 1.0233154296875 -0.37753820419311523
-29.98102569580078 1.0295772552490234 -0.3760061264038086

1
-8.668956756591797 5.228580474853516 -0.3321352005004883
-8.77248764038086 3.7454833984375 -0.31707763671875
-8.753517150878906 2.284261703491211 -0.2932572364807129
-8.784744262695312 0.7552585601806641 -0.2629995346069336
-8.883157730102539 -0.6918678283691406 -0.2458968162536621
-8.917699813842773 -2.249386787414551 -0.2268524169921875
-8.955188751220703 -3.690463066101074 -0.20312166213989258
-8.897048950195312 -5.157912254333496 -0.17768144607543945
-7.387353897094727 -4.6342058181762695 -0.17272520065307617
-5.976856231689453 -4.150909423828125 -0.16259241104125977
-4.597562789916992 -3.759364128112793 -0.18093585968017578
-4.141613006591797 -2.6121931076049805 -0.19760465621948242
-4.087812423706055 -1.1556119918823242 -0.23604965209960938
-4.067892074584961 0.33340930938720703 -0.2819805145263672
-4.040399551391602 1.8126277923583984 -0.3235054016113281
-4.052589416503906 3.3271408081054688 -0.3637852668762207
-4.2176055908203125 4.583433151245117 -0.38703489303588867
-5.665426254272461 4.789751052856445 -0.36003637313842773
-7.164646148681641 4.982717514038086 -0.3396615982055664
-8.696794509887695 5.232202529907227 -0.32851076126098633

