1
-18.30664825439453 9.90397834777832 -0.3694648742675781
-19.249752044677734 8.489770889282227 -0.3642549514770508
-20.12565803527832 7.052227020263672 -0.3712911605834961
-20.806026458740234 5.703882217407227 -0.3575291633605957
-19.939212799072266 5.2588043212890625 -0.35168027877807617
-18.317981719970703 5.247650146484375 -0.35655736923217773
-16.6013240814209 5.237100601196289 -0.3457331657409668
-15.04800796508789 5.165555953979492 -0.3394136428833008
-13.296266555786133 5.14103889465332 -0.3346385955810547
-11.831748962402344 5.065704345703125 -0.3160438537597656
-10.137979507446289 5.105937957763672 -0.3171072006225586
-9.34754753112793 5.993448257446289 -0.32839250564575195
-9.343437194824219 7.6433563232421875 -0.36135292053222656
-9.348989486694336 9.192134857177734 -0.39568662643432617
-10.180078506469727 9.853656768798828 -0.4150533676147461
-11.87608528137207 9.798419952392578 -0.40402793884277344
-13.469404220581055 9.79958724975586 -0.4059872627258301
-14.981877326965332 9.829160690307617 -0.38288211822509766
-16.657123565673828 9.804956436157227 -0.36188316345214844
-18.31466293334961 9.883903503417969 -0.3533053398132324

2
-18.42564582824707 -14.804224014282227 -0.07432413101196289
-18.347633361816406 -13.674755096435547 -0.10287714004516602
-18.361417770385742 -12.481496810913086 -0.13609790802001953
-18.35797882080078 -11.308077812194824 -0.17061376571655273
-18.2841796875 -10.100639343261719 -0.18892812728881836
-18.36129379272461 -8.968294143676758 -0.21206092834472656
-18.273685455322266 -7.803771018981934 -0.23827028274536133
-18.217113494873047 -6.473996162414551 -0.2881655693054199
-18.289386749267578 -5.2294921875 -0.30442237854003906
-18.698246002197266 -4.120654106140137 -0.3177947998046875
-19.32313346862793 -3.2139339447021484 -0.34145307540893555
-20.471317291259766 -2.7927513122558594 -0.3737797737121582
-21.52210807800293 -2.6462278366088867 -0.38362932205200195
-22.634374618530273 -2.5880374908447266 -0.3802189826965332
-23.95636749267578 -2.6068973541259766 -0.37876272201538086
-25.156747817993164 -2.579660415649414 -0.3802003860473633
-26.292673110961914 -2.571621894836426 -0.3694157600402832
-27.513774871826172 -2.5889644622802734 -0.3651700019836426
-28.69170570373535 -2.572381019592285 -0.37789106369018555
-29.863805770874023 -2.604414939880371 -0.38313770294189453

1
-18.36974334716797 8.281448364257812 -0.3899812698364258
-20.286087036132812 7.807945251464844 -0.3313565254211426
-21.75617218017578 7.440134048461914 -0.27288103103637695
-23.16098403930664 6.620857238769531 -0.2290511131286621
-23.26287269592285 4.913928985595703 -0.2396526336669922
-23.094444274902344 3.1526622772216797 -0.23534202575683594
-23.188507080078125 1.3372554779052734 -0.2371048927307129
-23.190597534179688 -0.44922733306884766 -0.22971868515014648
-23.2326717376709 -2.1966190338134766 -0.23612594604492188
-23.160531997680664 -4.07423210144043 -0.22246122360229492
-21.577800750732422 -4.362730026245117 -0.24983835220336914
-19.69614601135254 -4.598852157592773 -0.2737092971801758
-18.608339309692383 -4.204343795776367 -0.3009676933288574
-18.596668243408203 -2.458465576171875 -0.31249380111694336
-18.53460693359375 -0.6040077209472656 -0.3215179443359375
-18.587203979492188 1.1071052551269531 -0.3464803695678711
-18.35768699645996 2.884471893310547 -0.37055158615112305
-18.41607093811035 4.732433319091797 -0.3756446838378906
-18.393556594848633 6.467721939086914 -0.3879265785217285
-18.388744354248047 8.251287460327148 -0.3880491256713867

2
-18.274742126464844 14.809135437011719 -0.3985557556152344
-18.223644256591797 13.793621063232422 -0.4015779495239258
-18.35915756225586 12.788755416870117 -0.4021944999694824
-18.380781173706055 11.740325927734375 -0.4008011817932129
-18.28141975402832 10.711414337158203 -0.40014219284057617
-18.345500946044922 9.628969192504883 -0.39818763732910156
-18.289134979248047 8.552690505981445 -0.3966383934020996
-18.339950561523438 7.593149185180664 -0.4056239128112793
-18.572769165039062 6.571006774902344 -0.3974428176879883
-19.248653411865234 5.714624404907227 -0.38526487350463867
-20.335052490234375 5.222469329833984 -0.36244630813598633
-21.423381805419922 5.062900543212891 -0.3720431327819824
-22.527301788330078 5.086008071899414 -0.36765146255493164
-23.511444091796875 5.132970809936523 -0.3747744560241699
-24.65388298034668 5.165987014770508 -0.3829922676086426
-25.677568435668945 5.191001892089844 -0.3930044174194336
-26.67644691467285 5.221639633178711 -0.40603160858154297
-27.76580047607422 5.229625701904297 -0.40335845947265625
-28.762666702270508 5.264711380004883 -0.40718603134155273
-29.87764549255371 5.320003509521484 -0.4098052978515625

2
29.84683609008789 -2.7336626052856445 -0.2171773910522461
27.33332061767578 -2.713667869567871 -0.22658824920654297
24.735836029052734 -2.718295097351074 -0.23285865783691406
21.978439331054688 -2.682445526123047 -0.2295684814453125
19.368244171142578 -2.6949100494384766 -0.23464441299438477
16.700214385986328 -2.69219970703125 -0.24503660202026367
14.067161560058594 -2.6966476440429688 -0.24974393844604492
11.274818420410156 -2.676626205444336 -0.25578927993774414
8.666603088378906 -2.655414581298828 -0.25676536560058594
6.071392059326172 -2.6551895141601562 -0.2707500457763672
3.2838363647460938 -2.637929916381836 -0.28021907806396484
0.7785377502441406 -2.5963239669799805 -0.2873992919921875
-2.2590694427490234 -2.6303586959838867 -0.2920670509338379
-4.8350067138671875 -2.5486488342285156 -0.3118586540222168
-7.650365829467773 -2.6805543899536133 -0.3196539878845215
-9.772281646728516 -4.183065414428711 -0.26740074157714844
-10.134368896484375 -6.880853652954102 -0.2227034568786621
-10.083772659301758 -9.587224960327148 -0.14038562774658203
-9.914115905761719 -12.13877010345459 -0.05953836441040039
-9.859771728515625 -14.814393043518066 0.020477771759033203

2
29.842121124267578 5.042123794555664 -0.30810070037841797
27.284915924072266 4.979373931884766 -0.31673288345336914
24.77785873413086 4.981563568115234 -0.3172297477722168
22.027400970458984 4.995872497558594 -0.32669591903686523
19.190959930419922 5.005373001098633 -0.3328585624694824
16.37963104248047 5.040924072265625 -0.34737062454223633
13.31307601928711 5.098369598388672 -0.3505740165710449
10.666458129882812 5.146493911743164 -0.34494781494140625
8.026592254638672 5.204490661621094 -0.3488931655883789
5.367485046386719 5.2132568359375 -0.36324644088745117
2.404460906982422 5.191385269165039 -0.36757373809814453
-0.4575767517089844 5.15350341796875 -0.3848910331726074
-3.2244739532470703 5.053739547729492 -0.38654565811157227
-5.159809112548828 4.122161865234375 -0.3561573028564453
-7.586332321166992 3.5213584899902344 -0.33151912689208984
-10.13924789428711 4.730573654174805 -0.3502769470214844
-11.151453018188477 7.477132797241211 -0.4269866943359375
-10.10019302368164 9.247674942016602 -0.4326624870300293
-9.956148147583008 11.903985977172852 -0.49211835861206055
-10.022140502929688 14.81301498413086 -0.5179290771484375

0
-24.900236129760742 0.953333854675293 -0.3689746856689453
-25.141536712646484 0.9520483016967773 -0.37403392791748047
-25.455690383911133 0.9478445053100586 -0.3764524459838867
-25.827144622802734 0.9519681930541992 -0.38008880615234375
-26.10304069519043 0.9609785079956055 -0.38426637649536133
-26.402366638183594 0.9627542495727539 -0.39862823486328125
-26.588594436645508 0.9613533020019531 -0.3968796730041504
-26.846445083618164 0.9606246948242188 -0.39280223846435547
-27.10145378112793 0.9784679412841797 -0.3940010070800781
-27.466867446899414 0.9785823822021484 -0.3990459442138672
-27.68377685546875 0.9957828521728516 -0.4010133743286133
-27.892597198486328 0.9853897094726562 -0.3968324661254883
-28.162471771240234 0.9770107269287109 -0.3936948776245117
-28.490436553955078 0.9935111999511719 -0.39396238327026367
-28.765493392944336 0.9832191467285156 -0.3984856605529785
-29.048002243041992 0.9926319122314453 -0.40120410919189453
-29.30266761779785 0.9900779724121094 -0.40078163146972656
-29.55813980102539 0.9952802658081055 -0.39998769760131836
-29.784358978271484 0.9984951019287109 -0.40510129928588867
-29.98186683654785 1.0064144134521484 -0.4031553268432617

1
-9.122026443481445 5.237943649291992 -0.317659854888916
-9.213098526000977 3.7823543548583984 -0.30533790588378906
-9.186351776123047 2.3146724700927734 -0.2897305488586426
-9.235197067260742 0.7938928604125977 -0.26500988006591797
-9.360647201538086 -0.7174510955810547 -0.25594663619995117
-9.316640853881836 -2.244091033935547 -0.24657344818115234
-9.31173324584961 -3.7310009002685547 -0.22354936599731445
-9.267049789428711 -5.129855155944824 -0.20583009719848633
-7.7477874755859375 -4.634686470031738 -0.20119857788085938
-6.322420120239258 -4.1478776931762695 -0.19023466110229492
-4.959468841552734 -3.7667856216430664 -0.20603561401367188
-4.515483856201172 -2.6200952529907227 -0.21221542358398438
-4.519264221191406 -1.1434030532836914 -0.2441244125366211
-4.488737106323242 0.33486270904541016 -0.2791128158569336
-4.5190887451171875 1.8152408599853516 -0.3159604072570801
-4.460439682006836 3.3614883422851562 -0.3491535186767578
-4.615621566772461 4.597282409667969 -0.3622879981994629
-6.094358444213867 4.813896179199219 -0.3385047912597656
-7.630037307739258 5.019374847412109 -0.32054662704467773
-9.099525451660156 5.231441497802734 -0.3121633529663086

1
-19.545703887939453 -8.883962631225586 -0.11309528350830078
-17.802785873413086 -8.748088836669922 -0.11552143096923828
-16.21542739868164 -8.786696434020996 -0.10976600646972656
-14.631467819213867 -8.783845901489258 -0.10627269744873047
-13.05148696899414 -8.716655731201172 -0.10193300247192383
-11.436595916748047 -8.657501220703125 -0.11225032806396484
-9.82168197631836 -8.695577621459961 -0.11391258239746094
-9.065940856933594 -7.751147270202637 -0.12467622756958008
-8.663536071777344 -6.146389961242676 -0.17263507843017578
-8.342124938964844 -4.563848495483398 -0.21541786193847656
-9.622978210449219 -4.1096649169921875 -0.2447047233581543
-11.1239013671875 -4.065659523010254 -0.24813413619995117
-12.672462463378906 -4.096692085266113 -0.24644899368286133
-14.26499080657959 -4.134103775024414 -0.24975299835205078
-15.826730728149414 -4.202879905700684 -0.26418399810791016
-17.533634185791016 -4.1966094970703125 -0.27858734130859375
-19.2054500579834 -4.1744384765625 -0.2741427421569824
-19.501815795898438 -5.626114845275879 -0.23341989517211914
-19.47593879699707 -7.230546951293945 -0.168212890625
-19.486461639404297 -8.901325225830078 -0.12389087677001953

