1
-18.689821243286133 9.868133544921875 -0.37613344192504883
-19.634206771850586 8.469871520996094 -0.37468528747558594
-20.617900848388672 7.052961349487305 -0.3820328712463379
-21.310394287109375 5.66029167175293 -0.368563175201416
-20.34388542175293 5.256814956665039 -0.36031532287597656
-18.843263626098633 5.234901428222656 -0.3629322052001953
-17.06151580810547 5.205057144165039 -0.35131025314331055
-15.508509635925293 5.153593063354492 -0.3474283218383789
-13.725631713867188 5.151763916015625 -0.3384418487548828
-12.31386947631836 5.104734420776367 -0.3193669319152832
-10.678852081298828 5.0691680908203125 -0.3161311149597168
-9.817876815795898 5.965024948120117 -0.3282136917114258
-9.815893173217773 7.61815071105957 -0.3613595962524414
-9.777687072753906 9.155418395996094 -0.395632266998291
-10.617685317993164 9.804306030273438 -0.4125204086303711
-12.2586669921875 9.772438049316406 -0.3998880386352539
-13.863759994506836 9.77486801147461 -0.40169525146484375
-15.469937324523926 9.838247299194336 -0.38249778747558594
-17.106151580810547 9.820268630981445 -0.36368751525878906
-18.732921600341797 9.851669311523438 -0.3561859130859375

2
-18.83011245727539 -14.802950859069824 -0.08572578430175781
-18.831205368041992 -13.682536125183105 -0.11031770706176758
-18.798568725585938 -12.534893035888672 -0.13594675064086914
-18.810562133789062 -11.392870903015137 -0.17167043685913086
-18.726415634155273 -10.224159240722656 -0.19144773483276367
-18.803930282592773 -9.117193222045898 -0.21195268630981445
-18.745773315429688 -7.984184265136719 -0.2357311248779297
-18.743337631225586 -6.705053329467773 -0.2833127975463867
-18.76812171936035 -5.461069107055664 -0.3011355400085449
-19.035776138305664 -4.370822906494141 -0.31357860565185547
-19.586742401123047 -3.4016504287719727 -0.3352780342102051
-20.682228088378906 -2.8351993560791016 -0.3717379570007324
-21.686006546020508 -2.6622180938720703 -0.3833808898925781
-22.794466018676758 -2.588686943054199 -0.3808422088623047
-24.085020065307617 -2.611781120300293 -0.38074159622192383
-25.26991844177246 -2.5814590454101562 -0.3822336196899414
-26.381587982177734 -2.5785961151123047 -0.36840248107910156
-27.562435150146484 -2.5935821533203125 -0.36466073989868164
-28.71472930908203 -2.587491989135742 -0.3742709159851074
-29.865217208862305 -2.6158742904663086 -0.3812236785888672

1
-18.857608795166016 8.258380889892578 -0.3899683952331543
-20.674503326416016 7.843427658081055 -0.33345651626586914
-22.268220901489258 7.414751052856445 -0.2791738510131836
-23.518787384033203 6.615886688232422 -0.23923301696777344
-23.70549774169922 4.867332458496094 -0.24434423446655273
-23.64975929260254 3.128141403198242 -0.23824262619018555
-23.624553680419922 1.3344287872314453 -0.2336864471435547
-23.610328674316406 -0.3903369903564453 -0.23139095306396484
-23.657825469970703 -2.194554328918457 -0.23705053329467773
-23.781597137451172 -4.060356140136719 -0.21859502792358398
-22.20969581604004 -4.327242851257324 -0.2526979446411133
-20.259157180786133 -4.5646162033081055 -0.2698483467102051
-19.167892456054688 -4.1967058181762695 -0.29946231842041016
-19.040267944335938 -2.4663944244384766 -0.30543041229248047
-19.08576202392578 -0.673884391784668 -0.3179445266723633
-18.98948097229004 1.071481704711914 -0.3464169502258301
-18.80858039855957 2.9253406524658203 -0.37194156646728516
-18.83536148071289 4.746864318847656 -0.37731456756591797
-18.787616729736328 6.483928680419922 -0.39287519454956055
-18.83184814453125 8.254972457885742 -0.3966689109802246

2
-18.755977630615234 14.808221817016602 -0.39710187911987305
-18.661897659301758 13.85190200805664 -0.4065227508544922
-18.771366119384766 12.808012008666992 -0.4059586524963379
-18.74477195739746 11.808700561523438 -0.402738094329834
-18.78359603881836 10.792972564697266 -0.4052138328552246
-18.75446319580078 9.781238555908203 -0.40032291412353516
-18.757099151611328 8.714912414550781 -0.3957505226135254
-18.764083862304688 7.782880783081055 -0.4079246520996094
-18.989574432373047 6.702903747558594 -0.40442323684692383
-19.530698776245117 5.854059219360352 -0.3936018943786621
-20.489137649536133 5.301410675048828 -0.3679952621459961
-21.57402229309082 5.094793319702148 -0.3765687942504883
-22.634897232055664 5.092206954956055 -0.3684554100036621
-23.645681381225586 5.136005401611328 -0.37555360794067383
-24.76712989807129 5.1636962890625 -0.38329076766967773
-25.793212890625 5.1873626708984375 -0.39188051223754883
-26.751056671142578 5.223583221435547 -0.40374755859375
-27.813499450683594 5.214548110961914 -0.40074920654296875
-28.780460357666016 5.250307083129883 -0.40600156784057617
-29.877016067504883 5.29810905456543 -0.40465831756591797

1
-20.032188415527344 -8.812076568603516 -0.11143970489501953
-18.270545959472656 -8.72994613647461 -0.11724615097045898
-16.691381454467773 -8.771903038024902 -0.107574462890625
-15.106002807617188 -8.780874252319336 -0.10647010803222656
-13.539756774902344 -8.700456619262695 -0.1030874252319336
-11.982576370239258 -8.610210418701172 -0.1140899658203125
-10.327442169189453 -8.674033164978027 -0.11086082458496094
-9.569816589355469 -7.788664817810059 -0.11953544616699219
-9.229349136352539 -6.205016136169434 -0.16867971420288086
-8.852485656738281 -4.5901594161987305 -0.21668672561645508
-10.059295654296875 -4.096242904663086 -0.24198102951049805
-11.567535400390625 -4.079353332519531 -0.24474430084228516
-13.228099822998047 -4.106626510620117 -0.24214601516723633
-14.80167007446289 -4.125985145568848 -0.24435806274414062
-16.215465545654297 -4.212677001953125 -0.2574167251586914
-17.93579864501953 -4.1961565017700195 -0.27253150939941406
-19.656444549560547 -4.143980026245117 -0.2666044235229492
-19.991304397583008 -5.639178276062012 -0.22727298736572266
-19.923168182373047 -7.222927093505859 -0.16817140579223633
-19.898433685302734 -8.838811874389648 -0.12340974807739258

2
29.837345123291016 -2.77060604095459 -0.21305131912231445
27.29848861694336 -2.748882293701172 -0.22160959243774414
24.681743621826172 -2.751143455505371 -0.23027658462524414
21.906436920166016 -2.705784797668457 -0.22768354415893555
19.272254943847656 -2.712275505065918 -0.23342370986938477
16.592021942138672 -2.7052602767944336 -0.2453174591064453
13.937385559082031 -2.698894500732422 -0.24909353256225586
11.13101577758789 -2.681142807006836 -0.2540121078491211
8.506481170654297 -2.658935546875 -0.25606203079223633
5.855876922607422 -2.662425994873047 -0.27083826065063477
3.014240264892578 -2.6382761001586914 -0.2817683219909668
0.52716064453125 -2.604935646057129 -0.28846073150634766
-2.581235885620117 -2.649325370788574 -0.29230594635009766
-5.124738693237305 -2.5646486282348633 -0.31085872650146484
-7.985931396484375 -2.6717138290405273 -0.3210453987121582
-10.169757843017578 -4.0538787841796875 -0.27166128158569336
-10.627382278442383 -6.783221244812012 -0.22840023040771484
-10.574007034301758 -9.61140251159668 -0.1405019760131836
-10.416378021240234 -12.16262435913086 -0.05762481689453125
-10.269878387451172 -14.8065767288208 0.023879051208496094

0
-25.454410552978516 0.9400911331176758 -0.37176036834716797
-25.605472564697266 0.9502439498901367 -0.37650203704833984
-25.927650451660156 0.9494752883911133 -0.37935352325439453
-26.251449584960938 0.9532680511474609 -0.3818182945251465
-26.520370483398438 0.9635009765625 -0.3867931365966797
-26.74622917175293 0.9717464447021484 -0.40152931213378906
-26.899568557739258 0.9675302505493164 -0.39734506607055664
-27.111549377441406 0.9745521545410156 -0.3927121162414551
-27.371074676513672 0.9818458557128906 -0.39414167404174805
-27.699918746948242 0.9778366088867188 -0.39859533309936523
-27.92650604248047 0.9900074005126953 -0.4000582695007324
-28.11004066467285 0.9895505905151367 -0.397428035736084
-28.34516143798828 0.9741907119750977 -0.39520835876464844
-28.641040802001953 0.9833965301513672 -0.39415788650512695
-28.90032386779785 0.9820871353149414 -0.39987611770629883
-29.164995193481445 0.9876804351806641 -0.40306711196899414
-29.383575439453125 0.9886445999145508 -0.4011402130126953
-29.60481071472168 0.9941520690917969 -0.39957427978515625
-29.81208610534668 0.9961795806884766 -0.40317344665527344
-29.984891891479492 1.0024852752685547 -0.40195465087890625

1
-9.582345962524414 5.239780426025391 -0.3214874267578125
-9.643774032592773 3.735380172729492 -0.3043537139892578
-9.648386001586914 2.278564453125 -0.29160451889038086
-9.700162887573242 0.7810916900634766 -0.2664651870727539
-9.786619186401367 -0.7274103164672852 -0.25731658935546875
-9.78768539428711 -2.241419792175293 -0.24599552154541016
-9.816070556640625 -3.751279830932617 -0.22694158554077148
-9.742105484008789 -5.078564643859863 -0.2133617401123047
-8.184885025024414 -4.646720886230469 -0.20882034301757812
-6.783374786376953 -4.189323425292969 -0.1964278221130371
-5.446592330932617 -3.773775100708008 -0.20637750625610352
-4.947153091430664 -2.5877246856689453 -0.21500873565673828
-4.920169830322266 -1.1072120666503906 -0.24619579315185547
-4.896278381347656 0.3723030090332031 -0.2786598205566406
-4.974681854248047 1.8287105560302734 -0.31667184829711914
-4.904644012451172 3.408693313598633 -0.3488922119140625
-5.064262390136719 4.6355133056640625 -0.36318397521972656
-6.552845001220703 4.828655242919922 -0.3372373580932617
-8.111948013305664 5.010770797729492 -0.31905174255371094
-9.530548095703125 5.232063293457031 -0.31162548065185547

2
29.915283203125 9.71942138671875 -0.2583756446838379
29.24683380126953 7.454376220703125 -0.2598447799682617
27.867633819580078 5.077201843261719 -0.26128149032592773
24.75531768798828 4.930452346801758 -0.28574562072753906
21.900005340576172 4.948352813720703 -0.3019270896911621
19.204757690429688 4.976219177246094 -0.32413434982299805
16.1357421875 5.025556564331055 -0.3318490982055664
12.961376190185547 5.093212127685547 -0.3237800598144531
10.011611938476562 5.140155792236328 -0.3263516426086426
6.904182434082031 5.168769836425781 -0.3421459197998047
3.860706329345703 5.184038162231445 -0.3519916534423828
0.8137493133544922 5.168630599975586 -0.37619543075561523
-2.444761276245117 5.173030853271484 -0.3905200958251953
-4.7834930419921875 4.648162841796875 -0.36592817306518555
-6.891565322875977 3.4367923736572266 -0.33960533142089844
-9.928565979003906 4.1632080078125 -0.3412203788757324
-11.59555435180664 6.778034210205078 -0.42861270904541016
-10.63852310180664 8.886390686035156 -0.4264564514160156
-10.376432418823242 11.561609268188477 -0.48644542694091797
-10.338436126708984 14.811958312988281 -0.5206637382507324

