1
-19.11602210998535 9.899524688720703 -0.41923093795776367
-20.088363647460938 8.466724395751953 -0.4137096405029297
-21.06354522705078 7.128913879394531 -0.41888856887817383
-21.795719146728516 5.663459777832031 -0.39824724197387695
-20.846866607666016 5.26025390625 -0.388582706451416
-19.30029296875 5.230541229248047 -0.39019298553466797
-17.53970718383789 5.238199234008789 -0.38052797317504883
-15.94066047668457 5.132114410400391 -0.37400054931640625
-14.302756309509277 5.146020889282227 -0.3601217269897461
-12.759357452392578 5.129920959472656 -0.3363003730773926
-11.244293212890625 5.064451217651367 -0.33020925521850586
-10.372306823730469 5.984828948974609 -0.35016965866088867
-10.352920532226562 7.630403518676758 -0.38395214080810547
-10.433893203735352 9.201913833618164 -0.4238591194152832
-11.16657829284668 9.839914321899414 -0.44466543197631836
-12.72793960571289 9.787309646606445 -0.42930078506469727
-14.32384204864502 9.799617767333984 -0.4289588928222656
-15.945674896240234 9.868953704833984 -0.41060304641723633
-17.58350944519043 9.847885131835938 -0.3952813148498535
-19.171863555908203 9.87994384765625 -0.38950061798095703

2
-19.188907623291016 -14.80854320526123 -0.054551124572753906
-19.228609085083008 -13.719491004943848 -0.08475399017333984
-19.24648666381836 -12.583388328552246 -0.11007928848266602
-19.239110946655273 -11.467077255249023 -0.14611196517944336
-19.138389587402344 -10.327836990356445 -0.16670703887939453
-19.241506576538086 -9.270597457885742 -0.19042396545410156
-19.202341079711914 -8.118828773498535 -0.21183300018310547
-19.162960052490234 -6.881630897521973 -0.26562023162841797
-19.175891876220703 -5.685638427734375 -0.2930331230163574
-19.356430053710938 -4.582293510437012 -0.3076210021972656
-19.8604679107666 -3.596677780151367 -0.3308577537536621
-20.837064743041992 -2.9006128311157227 -0.3693995475769043
-21.830013275146484 -2.6881027221679688 -0.38050174713134766
-22.934764862060547 -2.583669662475586 -0.3791942596435547
-24.17388916015625 -2.597564697265625 -0.3816647529602051
-25.36832046508789 -2.567424774169922 -0.3818354606628418
-26.476390838623047 -2.5626087188720703 -0.3647918701171875
-27.618846893310547 -2.575625419616699 -0.36270904541015625
-28.74142074584961 -2.568288803100586 -0.3691120147705078
-29.86688804626465 -2.599140167236328 -0.3784060478210449

1
-19.342876434326172 8.291557312011719 -0.413332462310791
-21.084758758544922 7.803020477294922 -0.3546328544616699
-22.618610382080078 7.418590545654297 -0.2985382080078125
-23.9698486328125 6.674112319946289 -0.2655520439147949
-24.12039566040039 4.917335510253906 -0.2665228843688965
-24.093921661376953 3.159975051879883 -0.2517971992492676
-24.086528778076172 1.279134750366211 -0.24664545059204102
-24.08830451965332 -0.3829813003540039 -0.23873662948608398
-24.143455505371094 -2.213179588317871 -0.24007892608642578
-24.267322540283203 -4.076450347900391 -0.2180042266845703
-22.72589683532715 -4.3070173263549805 -0.2540578842163086
-20.76498031616211 -4.567416191101074 -0.27020788192749023
-19.636051177978516 -4.231706619262695 -0.2949795722961426
-19.46470832824707 -2.5023670196533203 -0.30673742294311523
-19.518798828125 -0.6927051544189453 -0.32265615463256836
-19.459178924560547 1.0051860809326172 -0.35440492630004883
-19.230392456054688 2.937471389770508 -0.3836040496826172
-19.254566192626953 4.703927993774414 -0.390413761138916
-19.242176055908203 6.479154586791992 -0.4083418846130371
-19.310523986816406 8.262128829956055 -0.42697858810424805

2
-19.149494171142578 14.81053352355957 -0.45429420471191406
-19.146381378173828 13.895963668823242 -0.4580216407775879
-19.252649307250977 12.848302841186523 -0.462954044342041
-19.13504981994629 11.890390396118164 -0.45271968841552734
-19.180662155151367 10.84327507019043 -0.43956804275512695
-19.133928298950195 9.851242065429688 -0.4379873275756836
-19.16115379333496 8.823974609375 -0.4271059036254883
-19.191055297851562 7.944059371948242 -0.43493032455444336
-19.387149810791016 6.916778564453125 -0.4278402328491211
-19.800308227539062 5.97111701965332 -0.41878795623779297
-20.674419403076172 5.35899543762207 -0.39194822311401367
-21.771345138549805 5.122150421142578 -0.40195369720458984
-22.76286506652832 5.107372283935547 -0.39301347732543945
-23.80754280090332 5.138362884521484 -0.3988165855407715
-24.908252716064453 5.149236679077148 -0.40764856338500977
-25.904359817504883 5.182954788208008 -0.41320085525512695
-26.819377899169922 5.220586776733398 -0.4203300476074219
-27.863643646240234 5.206447601318359 -0.4172239303588867
-28.790624618530273 5.251014709472656 -0.42342662811279297
-29.872766494750977 5.300281524658203 -0.4208831787109375

1
-20.503883361816406 -8.769172668457031 -0.09578466415405273
-18.713180541992188 -8.715632438659668 -0.10282135009765625
-17.082731246948242 -8.770169258117676 -0.09470987319946289
-15.535776138305664 -8.76609992980957 -0.0934295654296875
-13.92225456237793 -8.712889671325684 -0.08906841278076172
-12.385465621948242 -8.673921585083008 -0.09840631484985352
-10.704021453857422 -8.722326278686523 -0.09776926040649414
-9.92231559753418 -7.833768844604492 -0.10590982437133789
-9.608718872070312 -6.220305442810059 -0.15822410583496094
-9.266948699951172 -4.550487518310547 -0.2104945182800293
-10.486980438232422 -4.06485652923584 -0.2364954948425293
-12.078144073486328 -4.075735092163086 -0.2387380599975586
-13.730833053588867 -4.076088905334473 -0.2354106903076172
-15.3447265625 -4.128125190734863 -0.23563718795776367
-16.64212989807129 -4.181882858276367 -0.2485032081604004
-18.320941925048828 -4.150643348693848 -0.26500415802001953
-20.05703353881836 -4.119504928588867 -0.2588973045349121
-20.453786849975586 -5.591202735900879 -0.21466779708862305
-20.33831024169922 -7.148037910461426 -0.15689563751220703
-20.311935424804688 -8.778396606445312 -0.10487699508666992

2
29.833850860595703 -2.755615234375 -0.20667695999145508
27.262462615966797 -2.7299270629882812 -0.21424627304077148
24.615192413330078 -2.730208396911621 -0.22534418106079102
21.818283081054688 -2.685391426086426 -0.22287321090698242
19.142799377441406 -2.7004146575927734 -0.22770166397094727
16.438152313232422 -2.690427780151367 -0.24077606201171875
13.738700866699219 -2.6872081756591797 -0.2437877655029297
10.913742065429688 -2.6781253814697266 -0.24947690963745117
8.316398620605469 -2.654921531677246 -0.25173234939575195
5.655479431152344 -2.6606359481811523 -0.2665529251098633
2.752025604248047 -2.63946533203125 -0.2788510322570801
0.23148536682128906 -2.6167306900024414 -0.2855110168457031
-2.8861312866210938 -2.641695022583008 -0.2893657684326172
-5.4491119384765625 -2.5625839233398438 -0.30803632736206055
-8.274642944335938 -2.6046667098999023 -0.3208298683166504
-10.546117782592773 -3.9580154418945312 -0.2689528465270996
-10.995979309082031 -6.703169822692871 -0.22602510452270508
-10.91807746887207 -9.562578201293945 -0.13188791275024414
-10.792972564697266 -12.153556823730469 -0.0444035530090332
-10.632034301757812 -14.80653190612793 0.041149139404296875

0
-25.869279861450195 0.9615974426269531 -0.3786287307739258
-26.002626419067383 0.9728155136108398 -0.38495826721191406
-26.29787826538086 0.9703073501586914 -0.38791990280151367
-26.60758399963379 0.9843673706054688 -0.3902397155761719
-26.82048797607422 0.9860963821411133 -0.39674901962280273
-27.024486541748047 0.9984378814697266 -0.4083552360534668
-27.134592056274414 0.9983253479003906 -0.4039731025695801
-27.367774963378906 0.9942378997802734 -0.40033960342407227
-27.60159683227539 1.0054435729980469 -0.4026784896850586
-27.921586990356445 0.9931526184082031 -0.40647220611572266
-28.07866668701172 0.9995574951171875 -0.40602874755859375
-28.27395248413086 1.0032310485839844 -0.40422964096069336
-28.48386001586914 0.9892807006835938 -0.4020566940307617
-28.75014877319336 0.9960975646972656 -0.40038061141967773
-29.0100154876709 1.0043754577636719 -0.4065823554992676
-29.245336532592773 1.0021934509277344 -0.40925025939941406
-29.437713623046875 1.0046138763427734 -0.4069976806640625
-29.634902954101562 1.0128974914550781 -0.40706634521484375
-29.826696395874023 1.0147533416748047 -0.40992164611816406
-29.98668098449707 1.0195503234863281 -0.40932703018188477

1
-10.040840148925781 5.220436096191406 -0.3322181701660156
-10.159353256225586 3.725034713745117 -0.3132476806640625
-10.118030548095703 2.2675514221191406 -0.29894447326660156
-10.194799423217773 0.7407817840576172 -0.2726297378540039
-10.199222564697266 -0.7560310363769531 -0.25786781311035156
-10.190853118896484 -2.220950126647949 -0.24256563186645508
-10.262561798095703 -3.6958179473876953 -0.22678422927856445
-10.205320358276367 -5.05013370513916 -0.21175575256347656
-8.66661262512207 -4.663174629211426 -0.20661687850952148
-7.241903305053711 -4.1708269119262695 -0.19845008850097656
-5.855155944824219 -3.7650718688964844 -0.20604324340820312
-5.399320602416992 -2.595846176147461 -0.21433210372924805
-5.404777526855469 -1.0834331512451172 -0.24883079528808594
-5.360742568969727 0.3663215637207031 -0.2843914031982422
-5.453762054443359 1.842172622680664 -0.32598161697387695
-5.412345886230469 3.412355422973633 -0.36058473587036133
-5.640373229980469 4.605310440063477 -0.3774905204772949
-7.152927398681641 4.799186706542969 -0.34972047805786133
-8.606359481811523 4.985889434814453 -0.3309454917907715
-10.066802978515625 5.227504730224609 -0.3262004852294922

2
29.277912139892578 14.786178588867188 -0.31041479110717773
29.172714233398438 11.457727432250977 -0.281430721282959
28.753379821777344 8.373605728149414 -0.25960826873779297
27.729671478271484 5.14671516418457 -0.32868003845214844
25.421188354492188 4.952657699584961 -0.3309903144836426
22.098644256591797 4.91657829284668 -0.3489866256713867
18.999717712402344 4.920688629150391 -0.34004878997802734
15.64654541015625 4.998868942260742 -0.33236074447631836
12.215118408203125 5.0637969970703125 -0.33060121536254883
8.91079330444336 5.110637664794922 -0.3479952812194824
5.660266876220703 5.157960891723633 -0.34895849227905273
2.1470298767089844 5.184284210205078 -0.3735361099243164
-1.5968036651611328 5.143428802490234 -0.4017915725708008
-4.488307952880859 4.997413635253906 -0.39626502990722656
-6.453216552734375 3.3021011352539062 -0.3590707778930664
-9.896322250366211 3.842052459716797 -0.3561820983886719
-12.008071899414062 6.26286506652832 -0.44924116134643555
-11.268989562988281 8.642780303955078 -0.45055723190307617
-11.022735595703125 11.505563735961914 -0.5109086036682129
-11.05912971496582 14.802690505981445 -0.5477533340454102

