1
-19.596046447753906 9.941658020019531 -0.5227632522583008
-20.539705276489258 8.479026794433594 -0.5110507011413574
-21.481826782226562 7.0904998779296875 -0.5086970329284668
-22.34880256652832 5.704778671264648 -0.49198293685913086
-21.334983825683594 5.260948181152344 -0.47243452072143555
-19.80539321899414 5.234670639038086 -0.4668259620666504
-18.03567123413086 5.270471572875977 -0.46439695358276367
-16.38668441772461 5.212785720825195 -0.45363807678222656
-14.814380645751953 5.148508071899414 -0.4370574951171875
-13.212379455566406 5.152040481567383 -0.41595935821533203
-11.737102508544922 5.095451354980469 -0.40990638732910156
-10.808456420898438 6.027278900146484 -0.44334840774536133
-10.813638687133789 7.636812210083008 -0.4823899269104004
-10.890697479248047 9.166893005371094 -0.5213069915771484
-11.615270614624023 9.907054901123047 -0.5490555763244629
-12.994855880737305 9.831148147583008 -0.5296087265014648
-14.705337524414062 9.799833297729492 -0.5360655784606934
-16.315723419189453 9.857551574707031 -0.5249156951904297
-17.994606018066406 9.918817520141602 -0.5075831413269043
-19.622852325439453 9.875532150268555 -0.5224542617797852

1
-19.711427688598633 8.38839340209961 -0.5118288993835449
-21.47281265258789 7.874721527099609 -0.4724879264831543
-23.116392135620117 7.449319839477539 -0.41976213455200195
-24.441120147705078 6.707340240478516 -0.3775324821472168
-24.52719497680664 4.999229431152344 -0.37111854553222656
-24.49752426147461 3.1265430450439453 -0.32322025299072266
-24.521699905395508 1.3599109649658203 -0.2914700508117676
-24.483482360839844 -0.3829021453857422 -0.2775869369506836
-24.55593490600586 -2.1865549087524414 -0.25458765029907227
-24.681690216064453 -4.0058698654174805 -0.22860956192016602
-23.176525115966797 -4.285552024841309 -0.26813459396362305
-21.203231811523438 -4.534417152404785 -0.2674989700317383
-20.029766082763672 -4.201620101928711 -0.277862548828125
-19.86061668395996 -2.4466447830200195 -0.32442378997802734
-19.85167694091797 -0.656559944152832 -0.3711366653442383
-19.898700714111328 1.1082439422607422 -0.39762163162231445
-19.637277603149414 2.9996986389160156 -0.4334087371826172
-19.68438720703125 4.7548980712890625 -0.4416961669921875
-19.688140869140625 6.536537170410156 -0.47286033630371094
-19.748191833496094 8.309736251831055 -0.5222511291503906

2
-19.58890151977539 -14.808077812194824 0.022891521453857422
-19.567272186279297 -13.706984519958496 -0.020139217376708984
-19.65149688720703 -12.587554931640625 -0.052842140197753906
-19.616661071777344 -11.509601593017578 -0.08877277374267578
-19.532949447631836 -10.418737411499023 -0.11124229431152344
-19.63616943359375 -9.345550537109375 -0.1406841278076172
-19.593547821044922 -8.20751667022705 -0.1800365447998047
-19.549861907958984 -7.069981098175049 -0.23239660263061523
-19.557937622070312 -5.905517578125 -0.2759671211242676
-19.679767608642578 -4.730459213256836 -0.3039226531982422
-20.124195098876953 -3.7421607971191406 -0.34324169158935547
-21.025854110717773 -2.9960193634033203 -0.3790135383605957
-21.975696563720703 -2.722842216491699 -0.39493656158447266
-23.056007385253906 -2.6018028259277344 -0.4019179344177246
-24.229658126831055 -2.606363296508789 -0.411895751953125
-25.454689025878906 -2.57253360748291 -0.41024208068847656
-26.53530502319336 -2.5754518508911133 -0.3917560577392578
-27.655351638793945 -2.5925559997558594 -0.39727115631103516
-28.75815773010254 -2.5749588012695312 -0.398862361907959
-29.867176055908203 -2.606490135192871 -0.40603017807006836

2
-19.45787239074707 14.811874389648438 -0.5907607078552246
-19.502227783203125 13.904077529907227 -0.5888137817382812
-19.623798370361328 12.93269157409668 -0.5982942581176758
-19.603321075439453 11.996612548828125 -0.5790762901306152
-19.59478187561035 10.923545837402344 -0.5568747520446777
-19.5554256439209 9.899662017822266 -0.5463643074035645
-19.669448852539062 9.021417617797852 -0.5232086181640625
-19.671142578125 7.944187164306641 -0.5288066864013672
-19.78815460205078 7.076591491699219 -0.5220017433166504
-20.169864654541016 6.15831184387207 -0.5177545547485352
-20.992952346801758 5.532733917236328 -0.4848294258117676
-21.96072006225586 5.166557312011719 -0.4917473793029785
-22.941762924194336 5.148981094360352 -0.48447561264038086
-23.98263168334961 5.1571502685546875 -0.49115514755249023
-25.011337280273438 5.148571014404297 -0.49858617782592773
-25.99449920654297 5.186485290527344 -0.5084981918334961
-26.86358070373535 5.227632522583008 -0.5245146751403809
-27.876422882080078 5.208673477172852 -0.5262422561645508
-28.79022979736328 5.260675430297852 -0.5322680473327637
-29.87241554260254 5.3222198486328125 -0.525545597076416

1
-20.789939880371094 -8.759624481201172 -0.05484962463378906
-19.10580825805664 -8.709753036499023 -0.06324052810668945
-17.47373390197754 -8.755901336669922 -0.06200981140136719
-15.994327545166016 -8.779926300048828 -0.05183267593383789
-14.263797760009766 -8.731454849243164 -0.055762290954589844
-12.770877838134766 -8.718403816223145 -0.060291290283203125
-11.076496124267578 -8.739123344421387 -0.06433343887329102
-10.315345764160156 -7.838327407836914 -0.08198213577270508
-10.009870529174805 -6.245133399963379 -0.1395711898803711
-9.71126937866211 -4.572338104248047 -0.1949758529663086
-10.870365142822266 -4.068625450134277 -0.2287607192993164
-12.45842170715332 -4.066464424133301 -0.23085451126098633
-14.119089126586914 -4.067852020263672 -0.22896432876586914
-15.704534530639648 -4.130006790161133 -0.22762727737426758
-17.105215072631836 -4.160109519958496 -0.23955249786376953
-18.757266998291016 -4.135552406311035 -0.2622666358947754
-20.443347930908203 -4.134771347045898 -0.2602972984313965
-20.80208969116211 -5.615053176879883 -0.20723724365234375
-20.68660545349121 -7.161381721496582 -0.13990402221679688
-20.688127517700195 -8.741903305053711 -0.0635223388671875

2
29.829425811767578 -2.7714929580688477 -0.1617746353149414
27.237567901611328 -2.753732681274414 -0.16848516464233398
24.572349548339844 -2.753255844116211 -0.18158340454101562
21.759967803955078 -2.7093935012817383 -0.18671417236328125
19.067214965820312 -2.729511260986328 -0.19852209091186523
16.317371368408203 -2.721599578857422 -0.2173147201538086
13.597953796386719 -2.7189226150512695 -0.2217998504638672
10.777450561523438 -2.706414222717285 -0.2317047119140625
8.199047088623047 -2.6760082244873047 -0.2371382713317871
5.512847900390625 -2.675684928894043 -0.25439882278442383
2.6025619506835938 -2.6531543731689453 -0.26604461669921875
0.016201019287109375 -2.6240720748901367 -0.2795710563659668
-3.091846466064453 -2.6357173919677734 -0.28869104385375977
-5.7367095947265625 -2.560293197631836 -0.3049917221069336
-8.550888061523438 -2.581493377685547 -0.31892967224121094
-10.91621208190918 -3.8933305740356445 -0.26200389862060547
-11.360748291015625 -6.673983573913574 -0.21259164810180664
-11.321813583374023 -9.513428688049316 -0.10178041458129883
-11.215906143188477 -12.11025619506836 0.004757881164550781
-11.000211715698242 -14.802467346191406 0.1097097396850586

0
-26.442495346069336 0.9819374084472656 -0.4402127265930176
-26.6036434173584 0.9945850372314453 -0.44759464263916016
-26.86284637451172 0.9815387725830078 -0.4496755599975586
-27.06446075439453 0.9973325729370117 -0.4529242515563965
-27.2142333984375 1.0017433166503906 -0.46126270294189453
-27.38530921936035 0.9981698989868164 -0.46967172622680664
-27.500917434692383 0.994166374206543 -0.4651370048522949
-27.745580673217773 0.9932689666748047 -0.4646120071411133
-27.937973022460938 0.9915790557861328 -0.4642510414123535
-28.193695068359375 0.984710693359375 -0.4673457145690918
-28.358102798461914 0.9949350357055664 -0.46057891845703125
-28.495817184448242 0.9928216934204102 -0.4593210220336914
-28.708215713500977 0.9832820892333984 -0.45685863494873047
-28.916748046875 0.9956541061401367 -0.45501089096069336
-29.156007766723633 1.0018863677978516 -0.4654512405395508
-29.343017578125 0.9959878921508789 -0.46454429626464844
-29.503902435302734 1.0029582977294922 -0.4622197151184082
-29.675199508666992 1.0145282745361328 -0.47177791595458984
-29.845556259155273 1.01837158203125 -0.47722482681274414
-29.9877872467041 1.020803451538086 -0.4742865562438965

1
-10.508991241455078 5.262783050537109 -0.36173152923583984
-10.622608184814453 3.7366676330566406 -0.34828805923461914
-10.604745864868164 2.269634246826172 -0.32955217361450195
-10.638614654541016 0.7325277328491211 -0.29462480545043945
-10.620819091796875 -0.7253122329711914 -0.2711482048034668
-10.622774124145508 -2.1844472885131836 -0.24947404861450195
-10.658716201782227 -3.672849655151367 -0.22786617279052734
-10.647579193115234 -5.077795028686523 -0.20676326751708984
-9.136846542358398 -4.646303176879883 -0.20342779159545898
-7.628162384033203 -4.172760009765625 -0.1969146728515625
-6.27783203125 -3.771162986755371 -0.21181297302246094
-5.795093536376953 -2.5983009338378906 -0.2217717170715332
-5.809963226318359 -1.1089849472045898 -0.2603440284729004
-5.824840545654297 0.31320667266845703 -0.3010411262512207
-5.82801628112793 1.8416767120361328 -0.34861183166503906
-5.832418441772461 3.4320716857910156 -0.38810300827026367
-6.113037109375 4.61454963684082 -0.4148859977722168
-7.658031463623047 4.779716491699219 -0.3817272186279297
-9.050378799438477 5.021884918212891 -0.36199426651000977
-10.538068771362305 5.271106719970703 -0.36303234100341797

2
28.89636993408203 14.783975601196289 -0.3265495300292969
28.830669403076172 11.51932144165039 -0.29714393615722656
28.466350555419922 8.371782302856445 -0.27604103088378906
27.528858184814453 5.182933807373047 -0.34372997283935547
25.4647216796875 4.953939437866211 -0.33431529998779297
21.81450653076172 4.90355110168457 -0.3481440544128418
18.702247619628906 4.905290603637695 -0.346829891204834
15.328433990478516 4.987937927246094 -0.33969831466674805
12.166099548339844 5.038875579833984 -0.3523578643798828
8.922492980957031 5.079082489013672 -0.3726468086242676
5.531589508056641 5.138769149780273 -0.3861989974975586
2.0866165161132812 5.149723052978516 -0.4201931953430176
-1.693878173828125 5.106449127197266 -0.4522538185119629
-4.718524932861328 5.015647888183594 -0.45563697814941406
-6.493892669677734 3.320423126220703 -0.4176163673400879
-10.133813858032227 3.7475051879882812 -0.4232330322265625
-12.365621566772461 6.02082633972168 -0.525547981262207
-11.795476913452148 8.49441909790039 -0.5508036613464355
-11.393257141113281 11.555980682373047 -0.6382870674133301
-11.380134582519531 14.800079345703125 -0.6853952407836914

