1
-20.122997283935547 9.864936828613281 -0.5378203392028809
-20.994413375854492 8.413602828979492 -0.5255527496337891
-21.849708557128906 7.035755157470703 -0.5195798873901367
-22.686912536621094 5.710418701171875 -0.503016471862793
-21.7178955078125 5.2688446044921875 -0.4807462692260742
-20.23642349243164 5.271389007568359 -0.4769454002380371
-18.55349349975586 5.308063507080078 -0.475250244140625
-16.904619216918945 5.2451629638671875 -0.46425580978393555
-15.183348655700684 5.197826385498047 -0.4492640495300293
-13.73442268371582 5.208549499511719 -0.4274125099182129
-12.185632705688477 5.14653205871582 -0.42585277557373047
-11.260156631469727 6.102861404418945 -0.4573359489440918
-11.239645004272461 7.668157577514648 -0.49491024017333984
-11.269523620605469 9.233562469482422 -0.5357537269592285
-12.092096328735352 9.937755584716797 -0.5652399063110352
-13.454774856567383 9.850833892822266 -0.5428481101989746
-15.242146492004395 9.822042465209961 -0.5497713088989258
-16.702308654785156 9.898616790771484 -0.544835090637207
-18.34044075012207 9.913545608520508 -0.5216879844665527
-20.124256134033203 9.872032165527344 -0.5540013313293457

1
-20.11902618408203 8.400432586669922 -0.523068904876709
-21.872333526611328 7.870141983032227 -0.4927406311035156
-23.69524383544922 7.363706588745117 -0.4465174674987793
-24.80277442932129 6.699592590332031 -0.4053168296813965
-24.935935974121094 4.967443466186523 -0.39519500732421875
-24.92742156982422 3.1204395294189453 -0.34081268310546875
-24.9304141998291 1.3646240234375 -0.30379390716552734
-24.888904571533203 -0.3573780059814453 -0.29245948791503906
-24.982248306274414 -2.1662445068359375 -0.2601289749145508
-25.066097259521484 -3.97076416015625 -0.22924089431762695
-23.51367950439453 -4.266844749450684 -0.27329015731811523
-21.581298828125 -4.505069732666016 -0.26694726943969727
-20.412263870239258 -4.181889533996582 -0.2818474769592285
-20.309555053710938 -2.402444839477539 -0.32898759841918945
-20.271520614624023 -0.6782426834106445 -0.3771853446960449
-20.339597702026367 1.0758113861083984 -0.4044651985168457
-20.11794662475586 2.9794540405273438 -0.4398336410522461
-20.108280181884766 4.747222900390625 -0.44986391067504883
-20.142162322998047 6.5563507080078125 -0.4847736358642578
-20.133342742919922 8.38490104675293 -0.5434837341308594

2
-20.139015197753906 -14.811073303222656 0.028337478637695312
-20.026317596435547 -13.745396614074707 -0.009448528289794922
-20.123628616333008 -12.646340370178223 -0.042987823486328125
-20.076393127441406 -11.58517074584961 -0.08057212829589844
-19.99509048461914 -10.508481979370117 -0.10430479049682617
-20.092578887939453 -9.455002784729004 -0.13316774368286133
-19.996248245239258 -8.291376113891602 -0.1737809181213379
-19.956323623657227 -7.220254421234131 -0.22350072860717773
-19.957355499267578 -6.1040496826171875 -0.26691436767578125
-20.039827346801758 -4.890015602111816 -0.30201053619384766
-20.397483825683594 -3.8921823501586914 -0.3412785530090332
-21.24368667602539 -3.065861701965332 -0.3780684471130371
-22.13714599609375 -2.7280349731445312 -0.39923667907714844
-23.1719970703125 -2.602240562438965 -0.4087228775024414
-24.30011749267578 -2.5948104858398438 -0.4211759567260742
-25.522918701171875 -2.56618595123291 -0.4185786247253418
-26.594894409179688 -2.568326950073242 -0.3997316360473633
-27.702552795410156 -2.5894527435302734 -0.4053516387939453
-28.778160095214844 -2.5758495330810547 -0.4049196243286133
-29.868568420410156 -2.6064090728759766 -0.4094362258911133

2
-19.876968383789062 14.813985824584961 -0.6034650802612305
-19.921588897705078 13.916284561157227 -0.6115727424621582
-20.05197525024414 12.957447052001953 -0.6082262992858887
-20.03065299987793 12.02397346496582 -0.593968391418457
-20.10307502746582 11.047176361083984 -0.5707159042358398
-19.99471664428711 10.015209197998047 -0.5657343864440918
-20.172264099121094 9.220895767211914 -0.5419130325317383
-20.084426879882812 8.093204498291016 -0.5469651222229004
-20.220245361328125 7.262155532836914 -0.5393376350402832
-20.49814224243164 6.314460754394531 -0.5376687049865723
-21.217697143554688 5.626216888427734 -0.5052061080932617
-22.167377471923828 5.243932723999023 -0.5069169998168945
-23.10299301147461 5.170207977294922 -0.5001311302185059
-24.12548065185547 5.166349411010742 -0.5080685615539551
-25.105606079101562 5.151515960693359 -0.5159273147583008
-26.10328483581543 5.194236755371094 -0.5247330665588379
-26.9295597076416 5.23797607421875 -0.5419607162475586
-27.92563819885254 5.2221221923828125 -0.5456533432006836
-28.811372756958008 5.275514602661133 -0.5491318702697754
-29.877086639404297 5.339618682861328 -0.5423688888549805

2
29.827377319335938 -2.787215232849121 -0.15722227096557617
27.202659606933594 -2.7720947265625 -0.16676807403564453
24.48751449584961 -2.766481399536133 -0.1813645362854004
21.65625 -2.718780517578125 -0.18699121475219727
18.92040252685547 -2.7373743057250977 -0.19899845123291016
16.121551513671875 -2.7333755493164062 -0.21953630447387695
13.349018096923828 -2.724874496459961 -0.2228226661682129
10.51348876953125 -2.7089147567749023 -0.23177385330200195
7.911537170410156 -2.6844701766967773 -0.2358536720275879
5.197185516357422 -2.680027961730957 -0.25524139404296875
2.274688720703125 -2.663771629333496 -0.2664165496826172
-0.3216209411621094 -2.6311635971069336 -0.2791900634765625
-3.425140380859375 -2.6260108947753906 -0.2879929542541504
-6.122150421142578 -2.5443763732910156 -0.3057889938354492
-8.935020446777344 -2.556790351867676 -0.3231391906738281
-11.322649002075195 -3.813216209411621 -0.2655501365661621
-11.830249786376953 -6.6083831787109375 -0.2147197723388672
-11.832477569580078 -9.473942756652832 -0.10268115997314453
-11.843687057495117 -12.061206817626953 0.01185750961303711
-11.680076599121094 -14.815215110778809 0.11938190460205078

1
-21.16895294189453 -8.733255386352539 -0.0540156364440918
-19.51568603515625 -8.705883026123047 -0.05964803695678711
-17.91534423828125 -8.782208442687988 -0.05864381790161133
-16.400163650512695 -8.756368637084961 -0.046521663665771484
-14.705135345458984 -8.750151634216309 -0.04761838912963867
-13.306976318359375 -8.686630249023438 -0.052689552307128906
-11.584880828857422 -8.739545822143555 -0.061223506927490234
-10.788480758666992 -7.821969509124756 -0.08016824722290039
-10.435310363769531 -6.240760803222656 -0.1383218765258789
-10.154584884643555 -4.565973281860352 -0.1931147575378418
-11.27347183227539 -4.07122802734375 -0.2235875129699707
-12.889644622802734 -4.060361862182617 -0.22477006912231445
-14.518967628479004 -4.079045295715332 -0.22609996795654297
-16.108352661132812 -4.123356819152832 -0.2243194580078125
-17.594932556152344 -4.125644683837891 -0.23504924774169922
-19.263214111328125 -4.098823547363281 -0.2586250305175781
-20.806739807128906 -4.12418270111084 -0.25829410552978516
-21.18951416015625 -5.589591026306152 -0.2043008804321289
-21.133228302001953 -7.111355781555176 -0.13951349258422852
-21.118526458740234 -8.721037864685059 -0.0572504997253418

0
-26.79941177368164 0.997715950012207 -0.45856809616088867
-26.983354568481445 1.005453109741211 -0.46266937255859375
-27.231760025024414 0.9964084625244141 -0.4669923782348633
-27.391990661621094 1.0105838775634766 -0.46880245208740234
-27.591150283813477 1.0058250427246094 -0.4770650863647461
-27.71942138671875 0.99981689453125 -0.48566722869873047
-27.845645904541016 1.0008678436279297 -0.4815239906311035
-28.050823211669922 0.9961614608764648 -0.480435848236084
-28.230636596679688 0.9937963485717773 -0.4794349670410156
-28.455907821655273 0.9835357666015625 -0.48059844970703125
-28.61070442199707 0.9930343627929688 -0.47115278244018555
-28.711017608642578 1.0019493103027344 -0.47260332107543945
-28.8863582611084 0.9894313812255859 -0.4707655906677246
-29.07282257080078 1.003326416015625 -0.46764039993286133
-29.27251625061035 1.0011844635009766 -0.4773259162902832
-29.429410934448242 0.9977636337280273 -0.47377490997314453
-29.561548233032227 1.0053634643554688 -0.47045230865478516
-29.708694458007812 1.0159549713134766 -0.4819068908691406
-29.86125373840332 1.017242431640625 -0.4868135452270508
-29.988996505737305 1.023172378540039 -0.4832186698913574

1
-10.987457275390625 5.312803268432617 -0.3677830696105957
-11.05142593383789 3.7562694549560547 -0.35306453704833984
-11.027658462524414 2.2699127197265625 -0.33408164978027344
-11.040802001953125 0.7521200180053711 -0.30041074752807617
-11.01561164855957 -0.7179412841796875 -0.27616357803344727
-11.042839050292969 -2.1500930786132812 -0.25237417221069336
-11.028194427490234 -3.6605730056762695 -0.22649240493774414
-11.083051681518555 -5.087690353393555 -0.2057948112487793
-9.603286743164062 -4.6386919021606445 -0.20377874374389648
-8.098735809326172 -4.189356803894043 -0.19966602325439453
-6.727499008178711 -3.7573766708374023 -0.20886564254760742
-6.243852615356445 -2.612751007080078 -0.22271203994750977
-6.261564254760742 -1.1143474578857422 -0.2610812187194824
-6.298591613769531 0.3025655746459961 -0.30335283279418945
-6.279268264770508 1.8502254486083984 -0.3518333435058594
-6.307395935058594 3.4534473419189453 -0.39003515243530273
-6.517398834228516 4.6840057373046875 -0.4181938171386719
-8.069135665893555 4.856636047363281 -0.38614797592163086
-9.487789154052734 5.088077545166016 -0.36779260635375977
-10.945213317871094 5.323251724243164 -0.36914539337158203

2
28.643489837646484 14.793464660644531 -0.32872676849365234
28.54366683959961 11.526533126831055 -0.30422401428222656
28.17544174194336 8.308727264404297 -0.2807927131652832
27.221954345703125 5.214382171630859 -0.3448958396911621
25.269641876220703 4.959068298339844 -0.3332967758178711
21.457908630371094 4.896127700805664 -0.3471560478210449
18.30756378173828 4.90437126159668 -0.34728193283081055
14.974044799804688 4.964252471923828 -0.343170166015625
11.842220306396484 5.008525848388672 -0.35806798934936523
8.702110290527344 5.066556930541992 -0.3792428970336914
5.308124542236328 5.122676849365234 -0.39479494094848633
1.8362503051757812 5.165735244750977 -0.42751026153564453
-1.908773422241211 5.11836051940918 -0.46293115615844727
-5.012956619262695 5.05256462097168 -0.4681987762451172
-6.90165901184082 3.419057846069336 -0.430814266204834
-10.494503021240234 3.7620201110839844 -0.4359321594238281
-12.756532669067383 5.988744735717773 -0.5387353897094727
-12.237558364868164 8.384880065917969 -0.5683727264404297
-11.76070785522461 11.557600021362305 -0.6587486267089844
-11.683834075927734 14.801328659057617 -0.7072963714599609

