1
-20.39311981201172 9.788419723510742 -0.45491743087768555
-21.263946533203125 8.356569290161133 -0.44849109649658203
-22.105224609375 6.986574172973633 -0.4516630172729492
-22.994495391845703 5.654003143310547 -0.4334712028503418
-22.036659240722656 5.203824996948242 -0.4192781448364258
-20.640960693359375 5.22520637512207 -0.41302013397216797
-18.922828674316406 5.236066818237305 -0.411435604095459
-17.25885009765625 5.223608016967773 -0.39925718307495117
-15.520149230957031 5.1268463134765625 -0.3855886459350586
-14.122540473937988 5.145469665527344 -0.36145687103271484
-12.47122573852539 5.090980529785156 -0.35899925231933594
-11.620153427124023 6.06245231628418 -0.38122081756591797
-11.603910446166992 7.664741516113281 -0.41512489318847656
-11.580415725708008 9.268030166625977 -0.4529714584350586
-12.471296310424805 9.857999801635742 -0.47543907165527344
-13.987710952758789 9.751953125 -0.4534726142883301
-15.568119049072266 9.797714233398438 -0.4609088897705078
-17.038822174072266 9.811906814575195 -0.45046329498291016
-18.715576171875 9.803104400634766 -0.43017101287841797
-20.37552261352539 9.805927276611328 -0.4450564384460449

1
-20.440570831298828 8.324275970458984 -0.4506831169128418
-22.155975341796875 7.786533355712891 -0.39594602584838867
-24.021656036376953 7.357982635498047 -0.3536038398742676
-25.20667839050293 6.640064239501953 -0.30348920822143555
-25.443889617919922 4.880128860473633 -0.3023548126220703
-25.43035888671875 3.069089889526367 -0.2653217315673828
-25.47235870361328 1.3144378662109375 -0.2485513687133789
-25.441160202026367 -0.4436168670654297 -0.24757051467895508
-25.46725082397461 -2.182353973388672 -0.22983789443969727
-25.49249267578125 -4.019335746765137 -0.20679807662963867
-23.970428466796875 -4.279321670532227 -0.24724149703979492
-22.055240631103516 -4.549887657165527 -0.2527151107788086
-20.97527313232422 -4.221275329589844 -0.2706480026245117
-20.809497833251953 -2.462139129638672 -0.2977943420410156
-20.793228149414062 -0.6962337493896484 -0.3178715705871582
-20.803142547607422 1.0096187591552734 -0.3486313819885254
-20.58152961730957 2.9151439666748047 -0.3866724967956543
-20.515512466430664 4.663551330566406 -0.3984966278076172
-20.523963928222656 6.505426406860352 -0.4289736747741699
-20.488536834716797 8.300683975219727 -0.4677462577819824

2
-20.708358764648438 -14.811434745788574 0.021309852600097656
-20.575428009033203 -13.796846389770508 -0.009862422943115234
-20.580577850341797 -12.70045280456543 -0.04303264617919922
-20.5673828125 -11.684358596801758 -0.08052635192871094
-20.496726989746094 -10.603612899780273 -0.10334253311157227
-20.558563232421875 -9.557449340820312 -0.12175703048706055
-20.47943687438965 -8.462493896484375 -0.15737104415893555
-20.421707153320312 -7.368451118469238 -0.19769668579101562
-20.494300842285156 -6.3131914138793945 -0.2404308319091797
-20.50901985168457 -5.136109352111816 -0.27635765075683594
-20.814083099365234 -4.194833755493164 -0.30445384979248047
-21.519662857055664 -3.2533702850341797 -0.3301076889038086
-22.356731414794922 -2.793877601623535 -0.35468292236328125
-23.358009338378906 -2.6583805084228516 -0.3616170883178711
-24.4239501953125 -2.6193981170654297 -0.37552499771118164
-25.620912551879883 -2.5873098373413086 -0.36757755279541016
-26.682870864868164 -2.6029796600341797 -0.34598350524902344
-27.75833511352539 -2.6254072189331055 -0.35140466690063477
-28.797237396240234 -2.614415168762207 -0.35404014587402344
-29.873865127563477 -2.6533031463623047 -0.35739994049072266

2
-20.187000274658203 14.817340850830078 -0.4847874641418457
-20.260826110839844 13.9066162109375 -0.4979739189147949
-20.385478973388672 13.008485794067383 -0.5002956390380859
-20.34592628479004 12.025020599365234 -0.4906773567199707
-20.42702293395996 11.098224639892578 -0.4762754440307617
-20.40172576904297 10.090866088867188 -0.4807724952697754
-20.461027145385742 9.309803009033203 -0.461514949798584
-20.339599609375 8.194099426269531 -0.4687681198120117
-20.49669647216797 7.40772819519043 -0.46297121047973633
-20.759876251220703 6.41609001159668 -0.46407508850097656
-21.27442169189453 5.724309921264648 -0.43343591690063477
-22.27920150756836 5.234325408935547 -0.4354586601257324
-23.18842315673828 5.122900009155273 -0.42603111267089844
-24.22834014892578 5.099834442138672 -0.4248671531677246
-25.202960968017578 5.084545135498047 -0.4362788200378418
-26.22650909423828 5.140163421630859 -0.43384361267089844
-27.057998657226562 5.163614273071289 -0.4478302001953125
-28.00543975830078 5.148735046386719 -0.44557666778564453
-28.857519149780273 5.203285217285156 -0.4519972801208496
-29.878564834594727 5.256887435913086 -0.44307851791381836

2
29.823246002197266 -2.807262420654297 -0.2107987403869629
27.180072784423828 -2.7876482009887695 -0.21761226654052734
24.4615478515625 -2.788644790649414 -0.2281661033630371
21.62356948852539 -2.7402286529541016 -0.22554874420166016
18.836891174316406 -2.749116897583008 -0.23036527633666992
15.977680206298828 -2.741196632385254 -0.24425649642944336
13.201698303222656 -2.734102249145508 -0.2446117401123047
10.327003479003906 -2.71160888671875 -0.2490711212158203
7.645591735839844 -2.6865110397338867 -0.24906539916992188
4.904090881347656 -2.6807031631469727 -0.26375341415405273
2.0075721740722656 -2.665842056274414 -0.2727375030517578
-0.6620903015136719 -2.6404762268066406 -0.2783069610595703
-3.7601699829101562 -2.635580062866211 -0.2841300964355469
-6.456310272216797 -2.557222366333008 -0.29981327056884766
-9.26425552368164 -2.56826114654541 -0.31640100479125977
-11.657085418701172 -3.757486343383789 -0.2572159767150879
-12.318435668945312 -6.484644889831543 -0.21136760711669922
-12.35209846496582 -9.420074462890625 -0.10718822479248047
-12.426986694335938 -12.05402660369873 -0.007362842559814453
-12.307504653930664 -14.814136505126953 0.0827016830444336

1
-21.678560256958008 -8.790319442749023 -0.04648780822753906
-20.000446319580078 -8.753585815429688 -0.06136608123779297
-18.49405288696289 -8.836190223693848 -0.059361934661865234
-16.783493041992188 -8.772298812866211 -0.046744346618652344
-15.139715194702148 -8.780645370483398 -0.045556068420410156
-13.728500366210938 -8.72489070892334 -0.0494384765625
-12.084604263305664 -8.750187873840332 -0.05948209762573242
-11.219745635986328 -7.779675483703613 -0.08339262008666992
-10.93040657043457 -6.200067520141602 -0.1381993293762207
-10.579740524291992 -4.4997358322143555 -0.18958139419555664
-11.821346282958984 -4.063541412353516 -0.2140359878540039
-13.46156120300293 -4.067647933959961 -0.21048641204833984
-14.996581077575684 -4.074542045593262 -0.2140655517578125
-16.604421615600586 -4.127101898193359 -0.20795536041259766
-18.086318969726562 -4.136385917663574 -0.21708059310913086
-19.816173553466797 -4.090476989746094 -0.23543214797973633
-21.33687973022461 -4.128474235534668 -0.23319530487060547
-21.75885009765625 -5.578945159912109 -0.1814417839050293
-21.64996337890625 -7.185086250305176 -0.1240692138671875
-21.60393524169922 -8.806026458740234 -0.04026937484741211

0
-27.17656135559082 0.9643898010253906 -0.3952522277832031
-27.339927673339844 0.9652557373046875 -0.4022946357727051
-27.582950592041016 0.9544963836669922 -0.40255165100097656
-27.73267364501953 0.9675769805908203 -0.4033083915710449
-27.95830726623535 0.9574556350708008 -0.4109315872192383
-28.0623836517334 0.9608278274536133 -0.41727590560913086
-28.189903259277344 0.955225944519043 -0.4162144660949707
-28.36794090270996 0.9547863006591797 -0.4152488708496094
-28.511934280395508 0.9522953033447266 -0.4152812957763672
-28.68021011352539 0.9467658996582031 -0.4145021438598633
-28.82070541381836 0.9480304718017578 -0.4069967269897461
-28.902009963989258 0.952606201171875 -0.4128227233886719
-29.044281005859375 0.9496917724609375 -0.4143948554992676
-29.21587562561035 0.9604778289794922 -0.40985679626464844
-29.382596969604492 0.9589271545410156 -0.4162778854370117
-29.511728286743164 0.9602327346801758 -0.4136066436767578
-29.62143898010254 0.9605312347412109 -0.40646886825561523
-29.7542781829834 0.9696664810180664 -0.41609668731689453
-29.884750366210938 0.9696779251098633 -0.4135293960571289
-29.991531372070312 0.9696502685546875 -0.412874698638916

2
28.184959411621094 14.796138763427734 -0.3483128547668457
27.884017944335938 11.499723434448242 -0.337893009185791
27.558719635009766 8.262619018554688 -0.31427478790283203
26.67721176147461 5.239336013793945 -0.3689579963684082
24.55231475830078 4.9542236328125 -0.3632502555847168
20.597671508789062 4.898935317993164 -0.3692183494567871
17.571678161621094 4.9287567138671875 -0.36582231521606445
14.310340881347656 4.982534408569336 -0.35741758346557617
11.153400421142578 5.022192001342773 -0.3614158630371094
8.060546875 5.103630065917969 -0.37930870056152344
4.7344512939453125 5.149316787719727 -0.3819913864135742
1.0636062622070312 5.146381378173828 -0.4072837829589844
-2.558687210083008 5.126338958740234 -0.43677520751953125
-5.536689758300781 5.032270431518555 -0.43427133560180664
-7.558298110961914 3.346742630004883 -0.39093542098999023
-10.92757797241211 3.741436004638672 -0.38861608505249023
-13.176708221435547 6.045351028442383 -0.4738340377807617
-12.56580924987793 8.3739013671875 -0.48613452911376953
-12.097799301147461 11.634185791015625 -0.5649333000183105
-11.991897583007812 14.803079605102539 -0.5974822044372559

1
-11.3363037109375 5.263883590698242 -0.35201025009155273
-11.438604354858398 3.735076904296875 -0.33248186111450195
-11.41824722290039 2.2190074920654297 -0.3141460418701172
-11.411233901977539 0.7330169677734375 -0.2834625244140625
-11.400638580322266 -0.7658576965332031 -0.26447439193725586
-11.454292297363281 -2.2124099731445312 -0.2399888038635254
-11.475627899169922 -3.7352981567382812 -0.21359872817993164
-11.496917724609375 -5.120572090148926 -0.20022010803222656
-10.042829513549805 -4.620846748352051 -0.20111322402954102
-8.568540573120117 -4.196407318115234 -0.19972991943359375
-7.155525207519531 -3.7606945037841797 -0.20071649551391602
-6.663166046142578 -2.595987319946289 -0.21418237686157227
-6.682966232299805 -1.1001768112182617 -0.25090646743774414
-6.705966949462891 0.2956705093383789 -0.2926931381225586
-6.682195663452148 1.864297866821289 -0.33774805068969727
-6.6876373291015625 3.3837451934814453 -0.3735361099243164
-6.903560638427734 4.629062652587891 -0.3986668586730957
-8.446178436279297 4.814218521118164 -0.36836671829223633
-9.913602828979492 5.034412384033203 -0.352175235748291
-11.299684524536133 5.249851226806641 -0.34456396102905273

