1
-20.79265594482422 9.799476623535156 -0.3039836883544922
-21.6798095703125 8.379793167114258 -0.29722166061401367
-22.563093185424805 7.0299072265625 -0.3091602325439453
-23.48910140991211 5.668905258178711 -0.3062877655029297
-22.631567001342773 5.207027435302734 -0.29439210891723633
-21.067768096923828 5.203212738037109 -0.2821784019470215
-19.4508113861084 5.190557479858398 -0.2849459648132324
-17.673809051513672 5.199913024902344 -0.281613826751709
-16.020000457763672 5.1024017333984375 -0.29023313522338867
-14.593708038330078 5.163188934326172 -0.2886929512023926
-12.982166290283203 5.117498397827148 -0.28002262115478516
-12.114757537841797 5.990623474121094 -0.28633880615234375
-12.154428482055664 7.690559387207031 -0.31483888626098633
-12.056146621704102 9.241687774658203 -0.34720945358276367
-12.871185302734375 9.88017463684082 -0.3472781181335449
-14.513463020324707 9.793354034423828 -0.33165979385375977
-15.991277694702148 9.847379684448242 -0.3302168846130371
-17.613826751708984 9.863142013549805 -0.31517791748046875
-19.259654998779297 9.801311492919922 -0.30335330963134766
-20.823400497436523 9.889385223388672 -0.29618310928344727

1
-20.934818267822266 8.246627807617188 -0.30225515365600586
-22.605642318725586 7.765460968017578 -0.253387451171875
-24.651443481445312 7.369903564453125 -0.20408916473388672
-25.800430297851562 6.5711822509765625 -0.15371370315551758
-26.118480682373047 4.82472038269043 -0.1670846939086914
-26.06839370727539 3.1091041564941406 -0.14629411697387695
-26.072891235351562 1.3185310363769531 -0.15650320053100586
-26.076154708862305 -0.5380125045776367 -0.15620851516723633
-26.083194732666016 -2.2521419525146484 -0.15042734146118164
-25.952449798583984 -4.006360054016113 -0.14570951461791992
-24.37638282775879 -4.263606071472168 -0.17389869689941406
-22.628128051757812 -4.596714973449707 -0.2047123908996582
-21.466266632080078 -4.286948204040527 -0.22869443893432617
-21.3448486328125 -2.464517593383789 -0.24756813049316406
-21.360824584960938 -0.7138004302978516 -0.24007940292358398
-21.310283660888672 0.9654397964477539 -0.26664066314697266
-21.116737365722656 2.797283172607422 -0.2981748580932617
-21.052776336669922 4.598194122314453 -0.30045223236083984
-20.983806610107422 6.420574188232422 -0.3166975975036621
-20.960325241088867 8.231983184814453 -0.3156585693359375

2
-21.164525985717773 -14.805645942687988 0.013255596160888672
-21.055429458618164 -13.829751014709473 -0.013360977172851562
-21.082374572753906 -12.742021560668945 -0.04766654968261719
-21.06822395324707 -11.761419296264648 -0.07506036758422852
-21.01532745361328 -10.677834510803223 -0.09764766693115234
-21.02709197998047 -9.614015579223633 -0.11032247543334961
-21.020221710205078 -8.589395523071289 -0.12663507461547852
-20.951807022094727 -7.529287338256836 -0.15700006484985352
-21.04239845275879 -6.547698974609375 -0.19803953170776367
-21.070375442504883 -5.471836090087891 -0.22763776779174805
-21.211444854736328 -4.523856163024902 -0.256497859954834
-21.84699249267578 -3.5281171798706055 -0.264528751373291
-22.633005142211914 -2.8581695556640625 -0.28406715393066406
-23.52405548095703 -2.644486427307129 -0.29056692123413086
-24.54142951965332 -2.592299461364746 -0.3010573387145996
-25.70293426513672 -2.5696945190429688 -0.2933526039123535
-26.77850341796875 -2.587787628173828 -0.27418088912963867
-27.823511123657227 -2.592010498046875 -0.2723808288574219
-28.82488441467285 -2.600858688354492 -0.2778964042663574
-29.875463485717773 -2.6448020935058594 -0.27770423889160156

2
-20.81197166442871 14.810503005981445 -0.3379364013671875
-20.827152252197266 13.908039093017578 -0.3348250389099121
-20.85409164428711 12.944791793823242 -0.3270587921142578
-20.874584197998047 12.111339569091797 -0.3188166618347168
-20.863819122314453 11.215570449829102 -0.31260061264038086
-20.900222778320312 10.235095977783203 -0.3292984962463379
-20.846757888793945 9.502283096313477 -0.33133459091186523
-20.795223236083984 8.50847053527832 -0.33188867568969727
-20.940040588378906 7.659608840942383 -0.3313450813293457
-21.15443992614746 6.755992889404297 -0.3279604911804199
-21.610214233398438 5.888298034667969 -0.3090524673461914
-22.334766387939453 5.351297378540039 -0.29839563369750977
-23.271507263183594 5.116306304931641 -0.2981424331665039
-24.18356704711914 5.04136848449707 -0.2972116470336914
-25.213098526000977 5.01371955871582 -0.29273080825805664
-26.092178344726562 5.04710578918457 -0.2869572639465332
-27.092002868652344 5.119380950927734 -0.288330078125
-28.033811569213867 5.120643615722656 -0.29032039642333984
-28.987913131713867 5.168996810913086 -0.2887539863586426
-29.86874008178711 5.2393798828125 -0.2998199462890625

2
29.829742431640625 -2.7870101928710938 -0.31813669204711914
27.18085479736328 -2.7636938095092773 -0.31142091751098633
24.45868682861328 -2.7614517211914062 -0.31696319580078125
21.61661148071289 -2.7185516357421875 -0.30363941192626953
18.81381607055664 -2.722426414489746 -0.29570960998535156
15.929283142089844 -2.7123985290527344 -0.29169702529907227
13.134376525878906 -2.708245277404785 -0.2879619598388672
10.199234008789062 -2.687394142150879 -0.28191471099853516
7.395641326904297 -2.6776466369628906 -0.2776165008544922
4.647361755371094 -2.675813674926758 -0.2824244499206543
1.7567939758300781 -2.6592350006103516 -0.28112173080444336
-1.032938003540039 -2.6470212936401367 -0.2810049057006836
-4.098745346069336 -2.6468467712402344 -0.28145885467529297
-6.826864242553711 -2.58563232421875 -0.2918853759765625
-9.599491119384766 -2.56821346282959 -0.30474042892456055
-12.105165481567383 -3.7071361541748047 -0.24122953414916992
-12.82669448852539 -6.4623918533325195 -0.1980876922607422
-12.770008087158203 -9.355241775512695 -0.10907411575317383
-12.724052429199219 -12.035648345947266 -0.027614593505859375
-12.491340637207031 -14.81985092163086 0.05253124237060547

2
27.95016098022461 14.804628372192383 -0.3687586784362793
27.524356842041016 11.529861450195312 -0.35923337936401367
27.275978088378906 8.210111618041992 -0.34743833541870117
26.38092041015625 5.233604431152344 -0.40067338943481445
23.9127197265625 4.979724884033203 -0.39491987228393555
20.14392852783203 4.926645278930664 -0.3957633972167969
16.951725006103516 4.974294662475586 -0.38625097274780273
13.754280090332031 5.019950866699219 -0.3665146827697754
10.651241302490234 5.07130241394043 -0.3621540069580078
7.373065948486328 5.14097785949707 -0.3670334815979004
4.215736389160156 5.17033576965332 -0.3643150329589844
0.48223876953125 5.149223327636719 -0.37148523330688477
-2.9864578247070312 5.129629135131836 -0.3942532539367676
-6.118797302246094 5.020959854125977 -0.3697342872619629
-8.234703063964844 3.293193817138672 -0.33184099197387695
-11.434030532836914 3.757841110229492 -0.3122282028198242
-13.771139144897461 6.144222259521484 -0.377255916595459
-13.201017379760742 8.486425399780273 -0.38836002349853516
-12.592262268066406 11.554365158081055 -0.4559774398803711
-12.476219177246094 14.802543640136719 -0.46024084091186523

0
-27.636945724487305 0.9561023712158203 -0.28553104400634766
-27.72319984436035 0.9629402160644531 -0.2857084274291992
-27.933252334594727 0.9440021514892578 -0.2827434539794922
-28.12545394897461 0.9590492248535156 -0.2811107635498047
-28.365114212036133 0.9585208892822266 -0.2841830253601074
-28.45413589477539 0.9541406631469727 -0.2872023582458496
-28.562538146972656 0.9500236511230469 -0.2881507873535156
-28.72726058959961 0.9499292373657227 -0.2894749641418457
-28.86578941345215 0.9522628784179688 -0.29366636276245117
-28.957956314086914 0.9448318481445312 -0.2896099090576172
-29.06576156616211 0.9431133270263672 -0.28368663787841797
-29.11334228515625 0.9446992874145508 -0.2936844825744629
-29.243343353271484 0.944920539855957 -0.3002896308898926
-29.358169555664062 0.9521732330322266 -0.30310821533203125
-29.495452880859375 0.9566583633422852 -0.30771493911743164
-29.602947235107422 0.9571714401245117 -0.30425310134887695
-29.687196731567383 0.9581336975097656 -0.30011701583862305
-29.804283142089844 0.960688591003418 -0.30441713333129883
-29.90599250793457 0.9602270126342773 -0.30078744888305664
-29.993732452392578 0.9605703353881836 -0.2924981117248535

1
-22.201723098754883 -8.842854499816895 -0.029458045959472656
-20.465866088867188 -8.770962715148926 -0.04821586608886719
-18.936893463134766 -8.864320755004883 -0.04985761642456055
-17.255117416381836 -8.80148983001709 -0.04031515121459961
-15.584166526794434 -8.83128833770752 -0.038301944732666016
-14.136038780212402 -8.772253036499023 -0.042629241943359375
-12.487049102783203 -8.828363418579102 -0.052344322204589844
-11.65207290649414 -7.856179237365723 -0.08223295211791992
-11.353534698486328 -6.206545829772949 -0.13460063934326172
-11.055057525634766 -4.51673698425293 -0.18336725234985352
-12.31840705871582 -4.089146614074707 -0.19659757614135742
-13.968400955200195 -4.093798637390137 -0.19439220428466797
-15.533217430114746 -4.091118812561035 -0.1962432861328125
-17.122905731201172 -4.1457977294921875 -0.18532657623291016
-18.571622848510742 -4.1941375732421875 -0.19295644760131836
-20.26168441772461 -4.130006790161133 -0.20202302932739258
-21.854381561279297 -4.150656700134277 -0.1962757110595703
-22.23217010498047 -5.58348274230957 -0.1443653106689453
-22.144805908203125 -7.250498294830322 -0.09160184860229492
-22.174352645874023 -8.874454498291016 -0.015393257141113281

1
-11.86259651184082 5.2469329833984375 -0.27718496322631836
-11.94417953491211 3.740518569946289 -0.2642374038696289
-11.941900253295898 2.2587623596191406 -0.25174903869628906
-11.961313247680664 0.7292251586914062 -0.2302703857421875
-11.957744598388672 -0.7623624801635742 -0.2239689826965332
-11.970926284790039 -2.261063575744629 -0.20281028747558594
-12.035778045654297 -3.782468795776367 -0.18376874923706055
-12.04311752319336 -5.178398132324219 -0.1766796112060547
-10.587247848510742 -4.683601379394531 -0.1727604866027832
-9.117883682250977 -4.224160194396973 -0.17950057983398438
-7.707014083862305 -3.810563087463379 -0.17540979385375977
-7.158405303955078 -2.6262779235839844 -0.19058656692504883
-7.152717590332031 -1.080784797668457 -0.2230052947998047
-7.1881866455078125 0.29405975341796875 -0.2528877258300781
-7.16851806640625 1.8150272369384766 -0.28826093673706055
-7.159698486328125 3.351560592651367 -0.3113527297973633
-7.390016555786133 4.598810195922852 -0.337005615234375
-8.935043334960938 4.835906982421875 -0.3064689636230469
-10.369091033935547 5.031225204467773 -0.2903709411621094
-11.810049057006836 5.2316131591796875 -0.2862205505371094

