1
7.405208587646484 -4.925266265869141 -0.27713775634765625
7.464450836181641 -3.284379005432129 -0.2751755714416504
7.5878753662109375 -1.6521434783935547 -0.28284215927124023
7.648689270019531 -0.049640655517578125 -0.28197717666625977
7.756233215332031 1.588571548461914 -0.28314971923828125
7.784820556640625 3.196258544921875 -0.29761219024658203
7.859672546386719 4.755468368530273 -0.29955053329467773
7.647003173828125 6.110689163208008 -0.30576467514038086
5.9134063720703125 6.246330261230469 -0.2656574249267578
4.294826507568359 6.409555435180664 -0.22934198379516602
3.287761688232422 5.934814453125 -0.20798683166503906
3.1768417358398438 4.3212432861328125 -0.2039775848388672
3.0495948791503906 2.6536293029785156 -0.20271921157836914
3.0191802978515625 1.0796241760253906 -0.20675230026245117
2.8926353454589844 -0.5344972610473633 -0.20500755310058594
2.7969703674316406 -2.23055362701416 -0.20760059356689453
2.802886962890625 -3.8003292083740234 -0.2138524055480957
4.200099945068359 -4.198665618896484 -0.23091697692871094
5.7801513671875 -4.590201377868652 -0.2565441131591797
7.358634948730469 -4.8934526443481445 -0.2879343032836914

2
29.840595245361328 3.5163726806640625 -0.16014528274536133
28.72116470336914 3.5773181915283203 -0.16335010528564453
27.52277374267578 3.6818084716796875 -0.17084932327270508
26.37712860107422 3.773263931274414 -0.1847076416015625
25.235252380371094 3.8677101135253906 -0.2001175880432129
24.039295196533203 3.961881637573242 -0.21419286727905273
22.885635375976562 4.04478645324707 -0.22263717651367188
21.706695556640625 4.137544631958008 -0.2337656021118164
20.676300048828125 4.207597732543945 -0.24880409240722656
19.52774429321289 4.39372444152832 -0.2784557342529297
18.47542953491211 4.869255065917969 -0.2992582321166992
17.657001495361328 5.736492156982422 -0.3063845634460449
17.36457061767578 6.7993011474609375 -0.30387067794799805
17.331645965576172 7.974384307861328 -0.3005361557006836
17.378623962402344 9.080818176269531 -0.29453277587890625
17.58548355102539 10.33425521850586 -0.29323244094848633
17.68120574951172 11.451766967773438 -0.31296205520629883
17.751239776611328 12.650758743286133 -0.3271346092224121
17.867294311523438 13.727977752685547 -0.33722686767578125
17.862892150878906 14.813804626464844 -0.3545546531677246

1
16.73250961303711 -4.771564483642578 -0.21268463134765625
15.233413696289062 -4.613930702209473 -0.21908235549926758
13.71316146850586 -4.498247146606445 -0.22924184799194336
12.231544494628906 -4.404880523681641 -0.24417781829833984
10.745468139648438 -4.287349700927734 -0.2493305206298828
9.300437927246094 -4.1805572509765625 -0.25100231170654297
7.848392486572266 -4.09461784362793 -0.2635459899902344
6.410320281982422 -3.992746353149414 -0.26842689514160156
6.752071380615234 -5.47019100189209 -0.26788806915283203
7.100849151611328 -6.975452423095703 -0.25165700912475586
7.412425994873047 -8.426066398620605 -0.23304033279418945
8.54489517211914 -8.937889099121094 -0.2350025177001953
10.101390838623047 -9.037781715393066 -0.2394576072692871
11.518314361572266 -9.093098640441895 -0.25376319885253906
12.97988510131836 -9.245471954345703 -0.2633209228515625
14.468513488769531 -9.318805694580078 -0.2639169692993164
15.801517486572266 -9.17023754119873 -0.2707996368408203
16.108501434326172 -7.6560211181640625 -0.2628765106201172
16.391189575195312 -6.240963935852051 -0.23854970932006836
16.746360778808594 -4.756887435913086 -0.21436500549316406

2
9.954154968261719 14.803171157836914 -0.38686180114746094
9.865119934082031 12.303613662719727 -0.36731481552124023
9.635051727294922 9.824562072753906 -0.35747241973876953
9.539974212646484 7.267391204833984 -0.3876161575317383
8.01531982421875 5.340360641479492 -0.35115671157836914
5.617534637451172 5.132328033447266 -0.32245588302612305
3.006683349609375 5.339164733886719 -0.3105158805847168
0.5217933654785156 5.4647979736328125 -0.28569793701171875
-2.0564537048339844 5.603265762329102 -0.2825779914855957
-4.653413772583008 5.780155181884766 -0.26357507705688477
-7.151628494262695 5.975645065307617 -0.2690620422363281
-9.712024688720703 6.178472518920898 -0.2702670097351074
-12.315242767333984 6.348234176635742 -0.2670106887817383
-14.728299140930176 6.5019378662109375 -0.26761627197265625
-17.239290237426758 6.677501678466797 -0.27357053756713867
-19.77413558959961 6.842929840087891 -0.2771725654602051
-22.367055892944336 7.007007598876953 -0.27977848052978516
-24.8974609375 7.206920623779297 -0.2931990623474121
-27.427331924438477 7.304695129394531 -0.27903270721435547
-29.82558250427246 7.478240966796875 -0.2812991142272949

2
8.234672546386719 -14.8011474609375 -0.3081073760986328
8.422492980957031 -12.247406959533691 -0.32605981826782227
8.529151916503906 -9.794682502746582 -0.32828283309936523
8.732559204101562 -7.153112411499023 -0.35677337646484375
8.287364959716797 -4.602750778198242 -0.3209967613220215
6.264640808105469 -3.2412185668945312 -0.31746482849121094
3.5844383239746094 -3.043405532836914 -0.29075145721435547
1.0308551788330078 -2.908980369567871 -0.25076961517333984
-1.5125446319580078 -2.7452011108398438 -0.2139902114868164
-4.087587356567383 -2.6078739166259766 -0.1951436996459961
-6.712949752807617 -2.455601692199707 -0.19601869583129883
-9.347532272338867 -2.274282455444336 -0.2132277488708496
-11.94129753112793 -2.0892906188964844 -0.22971248626708984
-14.54684066772461 -1.923013687133789 -0.24115228652954102
-17.15713882446289 -1.7295207977294922 -0.2582097053527832
-19.692790985107422 -1.5532293319702148 -0.2791562080383301
-22.372343063354492 -1.3638477325439453 -0.29010868072509766
-24.886871337890625 -1.1941413879394531 -0.3079051971435547
-27.277057647705078 -1.0270366668701172 -0.31092023849487305
-29.82558250427246 -0.8180093765258789 -0.33779335021972656

1
8.18178939819336 9.995111465454102 -0.2807650566101074
7.864543914794922 8.478385925292969 -0.28641653060913086
7.592704772949219 6.862211227416992 -0.33184289932250977
7.4452667236328125 5.409753799438477 -0.3525819778442383
8.963119506835938 5.301723480224609 -0.34035539627075195
10.642414093017578 5.235317230224609 -0.33396434783935547
12.108444213867188 5.141576766967773 -0.3227696418762207
13.66067123413086 5.061969757080078 -0.31122684478759766
15.352691650390625 4.966053009033203 -0.31879758834838867
16.849918365478516 4.913677215576172 -0.31986141204833984
18.46426773071289 4.772439956665039 -0.3025503158569336
18.198104858398438 6.283002853393555 -0.2967352867126465
17.96678924560547 7.783903121948242 -0.2912588119506836
17.612911224365234 9.384140014648438 -0.29024267196655273
16.11968994140625 9.726476669311523 -0.29764842987060547
14.612876892089844 9.712774276733398 -0.30156850814819336
12.967594146728516 9.764305114746094 -0.29234886169433594
11.424030303955078 9.833450317382812 -0.28508567810058594
9.829185485839844 9.923816680908203 -0.28343963623046875
8.161003112792969 9.935667037963867 -0.28006601333618164

1
17.862640380859375 4.784389495849609 -0.33789539337158203
17.642074584960938 3.3295211791992188 -0.31019115447998047
17.37622833251953 1.9177131652832031 -0.29607582092285156
17.217247009277344 0.5565204620361328 -0.27286672592163086
16.957508087158203 -0.8607463836669922 -0.2690286636352539
16.79206085205078 -2.313913345336914 -0.2548356056213379
16.49825668334961 -3.76101016998291 -0.23334121704101562
17.282550811767578 -4.44423770904541 -0.2321791648864746
18.676929473876953 -4.580156326293945 -0.24098920822143555
20.03638458251953 -4.639322280883789 -0.23288631439208984
21.375038146972656 -4.584226608276367 -0.2296462059020996
21.40958023071289 -3.109579086303711 -0.22191619873046875
21.412517547607422 -1.6992321014404297 -0.21773433685302734
21.52721405029297 -0.27216434478759766 -0.20535850524902344
21.670364379882812 1.1305713653564453 -0.2017059326171875
21.756214141845703 2.4993133544921875 -0.1940760612487793
21.95771026611328 3.905363082885742 -0.18731164932250977
20.66553497314453 4.325614929199219 -0.2313985824584961
19.346111297607422 4.545862197875977 -0.2731356620788574
17.75448989868164 4.80369758605957 -0.3137798309326172

2
29.84933090209961 -4.707216262817383 -0.21544981002807617
28.45229721069336 -4.620404243469238 -0.2346043586730957
26.944087982177734 -4.524603843688965 -0.24768924713134766
25.4346923828125 -4.42735481262207 -0.2616910934448242
24.026649475097656 -4.331380844116211 -0.2723674774169922
22.515098571777344 -4.218526840209961 -0.28351593017578125
21.09423065185547 -4.116483688354492 -0.2876567840576172
20.295093536376953 -3.5447731018066406 -0.2948622703552246
19.399497985839844 -2.6354894638061523 -0.30878591537475586
18.042987823486328 -2.708822250366211 -0.2999844551086426
16.508930206298828 -3.4628849029541016 -0.2763643264770508
15.568729400634766 -4.470193862915039 -0.27100419998168945
15.006755828857422 -5.788782119750977 -0.2801375389099121
14.74542236328125 -7.339953422546387 -0.2954878807067871
14.654766082763672 -8.883639335632324 -0.3101468086242676
15.45565414428711 -9.473570823669434 -0.3099803924560547
16.07430648803711 -10.426259994506836 -0.3058171272277832
16.135738372802734 -11.998918533325195 -0.31325292587280273
16.05221176147461 -13.361157417297363 -0.3064141273498535
15.92856216430664 -14.807052612304688 -0.3051614761352539

0
13.606826782226562 14.969161987304688 -0.35639476776123047
13.617176055908203 14.83941650390625 -0.3517427444458008
13.563552856445312 14.658166885375977 -0.35189056396484375
13.586467742919922 14.46600341796875 -0.3579854965209961
13.564987182617188 14.253511428833008 -0.35434675216674805
13.551616668701172 14.058732986450195 -0.3522477149963379
13.574958801269531 13.897293090820312 -0.34941911697387695
13.561599731445312 13.688007354736328 -0.3488187789916992
13.53023910522461 13.514087677001953 -0.35088634490966797
13.521305084228516 13.313995361328125 -0.35295677185058594
13.50307846069336 13.109689712524414 -0.35424327850341797
13.483848571777344 12.90566635131836 -0.35510826110839844
13.451862335205078 12.679786682128906 -0.35296154022216797
13.463020324707031 12.514436721801758 -0.3505244255065918
13.447463989257812 12.314847946166992 -0.35001039505004883
13.414920806884766 12.097452163696289 -0.3488326072692871
13.412979125976562 11.882965087890625 -0.34597110748291016
13.392322540283203 11.730842590332031 -0.34767913818359375
13.43475341796875 11.595355987548828 -0.35054540634155273
13.4376220703125 11.400745391845703 -0.3470325469970703

