1
-21.266382217407227 9.767288208007812 -0.23920392990112305
-22.158172607421875 8.35618782043457 -0.23765087127685547
-23.02109146118164 7.015462875366211 -0.24138402938842773
-24.00248908996582 5.619543075561523 -0.2496323585510254
-22.95366859436035 5.198934555053711 -0.2469487190246582
-21.4045352935791 5.181884765625 -0.23051118850708008
-19.819957733154297 5.186120986938477 -0.23403453826904297
-18.07859992980957 5.133577346801758 -0.23410987854003906
-16.407602310180664 5.120510101318359 -0.24447965621948242
-14.927154541015625 5.150604248046875 -0.2400650978088379
-13.365962982177734 5.1200714111328125 -0.23637914657592773
-12.483917236328125 5.92474365234375 -0.24340391159057617
-12.566226959228516 7.686208724975586 -0.2665677070617676
-12.490850448608398 9.194677352905273 -0.28644466400146484
-13.297883987426758 9.837575912475586 -0.2873106002807617
-15.01180362701416 9.745222091674805 -0.266756534576416
-16.48426055908203 9.801166534423828 -0.2627992630004883
-18.10858154296875 9.871135711669922 -0.2444009780883789
-19.892345428466797 9.821243286132812 -0.22731781005859375
-21.322307586669922 9.833061218261719 -0.21016454696655273

1
-21.415252685546875 8.187419891357422 -0.25018882751464844
-23.086435317993164 7.76124382019043 -0.19054508209228516
-25.143321990966797 7.352256774902344 -0.1307072639465332
-26.329172134399414 6.539133071899414 -0.07456445693969727
-26.543701171875 4.84016227722168 -0.0950169563293457
-26.5137939453125 3.1180381774902344 -0.08051443099975586
-26.464763641357422 1.3200435638427734 -0.09726667404174805
-26.449541091918945 -0.5242557525634766 -0.09657526016235352
-26.477333068847656 -2.2400588989257812 -0.10638761520385742
-26.28536605834961 -4.025886535644531 -0.10497713088989258
-24.6732234954834 -4.293054580688477 -0.1402602195739746
-22.9727783203125 -4.594127655029297 -0.17920875549316406
-21.841140747070312 -4.246539115905762 -0.20087146759033203
-21.79610824584961 -2.3662166595458984 -0.21686601638793945
-21.749832153320312 -0.6725940704345703 -0.19818878173828125
-21.670204162597656 1.051187515258789 -0.21774005889892578
-21.56622314453125 2.865581512451172 -0.23731422424316406
-21.47022819519043 4.640604019165039 -0.23897361755371094
-21.45949363708496 6.38261604309082 -0.26007890701293945
-21.398033142089844 8.189020156860352 -0.26262474060058594

2
-21.49681854248047 -14.802068710327148 0.0019106864929199219
-21.359350204467773 -13.853800773620605 -0.021952152252197266
-21.445598602294922 -12.784418106079102 -0.05537223815917969
-21.460845947265625 -11.801807403564453 -0.07780742645263672
-21.361791610717773 -10.705060958862305 -0.0957484245300293
-21.39720916748047 -9.669116020202637 -0.10470294952392578
-21.418577194213867 -8.697978973388672 -0.11481094360351562
-21.369178771972656 -7.699370861053467 -0.14081430435180664
-21.44230842590332 -6.670100212097168 -0.17652559280395508
-21.404680252075195 -5.64951229095459 -0.1989145278930664
-21.480239868164062 -4.648160934448242 -0.22836589813232422
-22.071298599243164 -3.669428825378418 -0.22543001174926758
-22.77680015563965 -2.941678047180176 -0.23828887939453125
-23.64419174194336 -2.656304359436035 -0.2464895248413086
-24.62099266052246 -2.585679054260254 -0.25893306732177734
-25.747337341308594 -2.568234443664551 -0.25162696838378906
-26.833232879638672 -2.5738754272460938 -0.23337364196777344
-27.8542423248291 -2.572408676147461 -0.22940969467163086
-28.844358444213867 -2.5885658264160156 -0.2319011688232422
-29.873294830322266 -2.6310510635375977 -0.2282724380493164

2
-21.553604125976562 14.808753967285156 -0.2818565368652344
-21.291976928710938 13.921653747558594 -0.27361202239990234
-21.357463836669922 12.978460311889648 -0.2722148895263672
-21.398052215576172 12.242284774780273 -0.2691774368286133
-21.38043212890625 11.349750518798828 -0.2576637268066406
-21.34100914001465 10.432348251342773 -0.2673630714416504
-21.344396591186523 9.569278717041016 -0.2774696350097656
-21.254802703857422 8.659900665283203 -0.2781801223754883
-21.44268798828125 7.798028945922852 -0.27002668380737305
-21.598201751708984 6.89141845703125 -0.2603573799133301
-22.02984619140625 6.031454086303711 -0.2515401840209961
-22.645809173583984 5.459508895874023 -0.24579524993896484
-23.503250122070312 5.176855087280273 -0.2421269416809082
-24.379487991333008 5.038516998291016 -0.22693920135498047
-25.340557098388672 5.021970748901367 -0.22370243072509766
-26.198246002197266 5.041013717651367 -0.22072076797485352
-27.138593673706055 5.115444183349609 -0.2106189727783203
-28.0322322845459 5.113798141479492 -0.2092456817626953
-28.978910446166992 5.171010971069336 -0.20757246017456055
-29.84848403930664 5.234169006347656 -0.22026729583740234

2
27.387771606445312 14.80415153503418 -0.3818016052246094
27.119140625 11.493095397949219 -0.39243221282958984
27.035343170166016 8.131927490234375 -0.37743425369262695
25.924400329589844 5.186746597290039 -0.42603015899658203
23.149417877197266 4.978054046630859 -0.4201469421386719
19.496185302734375 4.928188323974609 -0.4164419174194336
16.47030258178711 4.97468376159668 -0.40166759490966797
13.18679428100586 5.029613494873047 -0.3729214668273926
9.94234848022461 5.070732116699219 -0.3583860397338867
6.546512603759766 5.136505126953125 -0.3542757034301758
3.508342742919922 5.158758163452148 -0.3549375534057617
-0.1291046142578125 5.147550582885742 -0.3584403991699219
-3.4822311401367188 5.139348983764648 -0.3772425651550293
-6.718170166015625 4.976198196411133 -0.3441324234008789
-8.707710266113281 3.3387317657470703 -0.301663875579834
-11.866790771484375 3.7988643646240234 -0.2737541198730469
-14.158759117126465 6.164348602294922 -0.32750940322875977
-13.505208969116211 8.569549560546875 -0.32471799850463867
-13.08160400390625 11.586803436279297 -0.3744692802429199
-12.90896987915039 14.800188064575195 -0.37273406982421875

2
29.831218719482422 -2.8255577087402344 -0.40630531311035156
27.152408599853516 -2.790188789367676 -0.3843216896057129
24.41238021850586 -2.787337303161621 -0.38191938400268555
21.562301635742188 -2.7448854446411133 -0.35967302322387695
18.72521209716797 -2.757138252258301 -0.34519481658935547
15.797798156738281 -2.7395973205566406 -0.3325772285461426
12.974933624267578 -2.7402963638305664 -0.3213820457458496
10.050079345703125 -2.7096738815307617 -0.30719900131225586
7.136745452880859 -2.6969308853149414 -0.2980828285217285
4.396579742431641 -2.6883983612060547 -0.29683399200439453
1.5476703643798828 -2.671931266784668 -0.28874921798706055
-1.2482585906982422 -2.658906936645508 -0.28316259384155273
-4.2750396728515625 -2.659245491027832 -0.2802085876464844
-7.024383544921875 -2.6053247451782227 -0.28855371475219727
-9.840946197509766 -2.5844593048095703 -0.30124378204345703
-12.404777526855469 -3.685577392578125 -0.23523330688476562
-13.152532577514648 -6.410211563110352 -0.19861507415771484
-13.032455444335938 -9.29742431640625 -0.11759424209594727
-12.938924789428711 -11.98666763305664 -0.04547405242919922
-12.813575744628906 -14.816636085510254 0.02485179901123047

0
-28.062950134277344 0.9381399154663086 -0.23352766036987305
-28.148096084594727 0.9521608352661133 -0.23331737518310547
-28.36275863647461 0.9460058212280273 -0.2292327880859375
-28.518308639526367 0.9562520980834961 -0.2266240119934082
-28.724111557006836 0.9523591995239258 -0.22656488418579102
-28.791297912597656 0.9540061950683594 -0.2312145233154297
-28.905532836914062 0.9460382461547852 -0.2301197052001953
-29.030893325805664 0.9441251754760742 -0.23534631729125977
-29.133777618408203 0.9439697265625 -0.23591279983520508
-29.20261001586914 0.9410133361816406 -0.23319149017333984
-29.293346405029297 0.9477033615112305 -0.2250971794128418
-29.331758499145508 0.9521846771240234 -0.23343515396118164
-29.41245460510254 0.9472866058349609 -0.24057865142822266
-29.49585723876953 0.9563932418823242 -0.24112462997436523
-29.60535430908203 0.9585695266723633 -0.24606990814208984
-29.690092086791992 0.9558391571044922 -0.24309110641479492
-29.74660873413086 0.9529314041137695 -0.23929548263549805
-29.841171264648438 0.9552688598632812 -0.24022626876831055
-29.920124053955078 0.9570446014404297 -0.23891782760620117
-29.99454116821289 0.9510736465454102 -0.23293161392211914

1
-22.54034423828125 -8.866786003112793 -0.02180337905883789
-20.796728134155273 -8.728212356567383 -0.04132843017578125
-19.23614501953125 -8.845962524414062 -0.047429561614990234
-17.6087589263916 -8.78979778289795 -0.04248332977294922
-15.933348655700684 -8.818897247314453 -0.041803836822509766
-14.45941162109375 -8.72622299194336 -0.04450416564941406
-12.818229675292969 -8.793960571289062 -0.05060386657714844
-11.970266342163086 -7.898622512817383 -0.08328580856323242
-11.679601669311523 -6.216507911682129 -0.1319732666015625
-11.457317352294922 -4.586116790771484 -0.17495441436767578
-12.613275527954102 -4.116080284118652 -0.18410634994506836
-14.30370044708252 -4.109488487243652 -0.18330144882202148
-15.834763526916504 -4.076311111450195 -0.18488168716430664
-17.39905548095703 -4.142265319824219 -0.16989803314208984
-18.900970458984375 -4.200787544250488 -0.1772017478942871
-20.520668029785156 -4.152325630187988 -0.18204116821289062
-22.16769790649414 -4.143947601318359 -0.17466306686401367
-22.584707260131836 -5.554826736450195 -0.11698293685913086
-22.559158325195312 -7.1173577308654785 -0.0700235366821289
-22.576770782470703 -8.834335327148438 -0.004697322845458984

1
-12.311254501342773 5.2594757080078125 -0.2377185821533203
-12.376840591430664 3.7570247650146484 -0.22729015350341797
-12.406417846679688 2.2623634338378906 -0.22482919692993164
-12.4420166015625 0.7153358459472656 -0.2037339210510254
-12.423957824707031 -0.7519588470458984 -0.20392179489135742
-12.378402709960938 -2.257293701171875 -0.18555736541748047
-12.441516876220703 -3.8030452728271484 -0.16951704025268555
-12.40340805053711 -5.181801795959473 -0.16205310821533203
-10.977785110473633 -4.735143661499023 -0.1592545509338379
-9.516725540161133 -4.243675231933594 -0.16630172729492188
-8.16600227355957 -3.843965530395508 -0.16313743591308594
-7.607267379760742 -2.6756725311279297 -0.1780261993408203
-7.651979446411133 -1.1583890914916992 -0.21136999130249023
-7.684713363647461 0.2829875946044922 -0.23480749130249023
-7.668710708618164 1.7811298370361328 -0.2614006996154785
-7.653329849243164 3.314390182495117 -0.2811737060546875
-7.820810317993164 4.608650207519531 -0.3010072708129883
-9.39474105834961 4.855583190917969 -0.2728266716003418
-10.78836441040039 5.019813537597656 -0.2619304656982422
-12.284734725952148 5.23045539855957 -0.2551426887512207

