1
-21.736906051635742 9.858724594116211 -0.22811508178710938
-22.771591186523438 8.362098693847656 -0.2296614646911621
-23.5551700592041 7.065591812133789 -0.2305917739868164
-24.607431411743164 5.638166427612305 -0.2425518035888672
-23.537437438964844 5.253087997436523 -0.23819684982299805
-21.964309692382812 5.177202224731445 -0.22758197784423828
-20.276451110839844 5.217735290527344 -0.22510528564453125
-18.60519027709961 5.144371032714844 -0.22915267944335938
-16.832622528076172 5.138042449951172 -0.23851585388183594
-15.318133354187012 5.135385513305664 -0.23582935333251953
-13.817663192749023 5.110038757324219 -0.23188495635986328
-12.89509391784668 5.937530517578125 -0.23972749710083008
-12.984596252441406 7.6166229248046875 -0.2586669921875
-13.000297546386719 9.136686325073242 -0.27594518661499023
-13.775362014770508 9.817325592041016 -0.2816152572631836
-15.53845500946045 9.80267333984375 -0.2588515281677246
-16.91769790649414 9.779090881347656 -0.24997663497924805
-18.53989601135254 9.887874603271484 -0.23469257354736328
-20.316362380981445 9.880985260009766 -0.21773242950439453
-21.81857681274414 9.837690353393555 -0.19927453994750977

2
-21.981800079345703 -14.8027982711792 0.0007910728454589844
-21.939788818359375 -13.881869316101074 -0.023540019989013672
-22.039915084838867 -12.85508918762207 -0.042478084564208984
-22.013023376464844 -11.908684730529785 -0.07912063598632812
-21.914445877075195 -10.811137199401855 -0.08522844314575195
-21.91449737548828 -9.714530944824219 -0.09653615951538086
-21.948423385620117 -8.79281997680664 -0.10337972640991211
-21.833934783935547 -7.832518577575684 -0.12857532501220703
-21.929012298583984 -6.820492744445801 -0.16087102890014648
-21.92070198059082 -5.919207572937012 -0.18046092987060547
-21.857349395751953 -4.916374206542969 -0.20931768417358398
-22.35305404663086 -3.8615312576293945 -0.20761680603027344
-22.974525451660156 -3.056389808654785 -0.21857547760009766
-23.764751434326172 -2.673272132873535 -0.2313213348388672
-24.723613739013672 -2.5736570358276367 -0.24382591247558594
-25.809967041015625 -2.556201934814453 -0.2440347671508789
-26.865966796875 -2.558795928955078 -0.21995210647583008
-27.869478225708008 -2.5398941040039062 -0.21802949905395508
-28.854263305664062 -2.5588226318359375 -0.2195730209350586
-29.86435317993164 -2.60219669342041 -0.21755647659301758

1
-21.929759979248047 8.206436157226562 -0.24122285842895508
-23.5855770111084 7.790964126586914 -0.17945098876953125
-25.605255126953125 7.378246307373047 -0.12040233612060547
-26.819242477416992 6.636131286621094 -0.06641340255737305
-26.952495574951172 4.846920013427734 -0.08063077926635742
-27.045879364013672 3.1134700775146484 -0.06665658950805664
-26.979183197021484 1.3145751953125 -0.08490228652954102
-26.949235916137695 -0.4880228042602539 -0.08686685562133789
-26.914562225341797 -2.229029655456543 -0.09933090209960938
-26.739688873291016 -4.041985511779785 -0.09888982772827148
-25.164432525634766 -4.311633110046387 -0.12830209732055664
-23.449216842651367 -4.578661918640137 -0.1725010871887207
-22.218387603759766 -4.221308708190918 -0.19364595413208008
-22.231721878051758 -2.3281774520874023 -0.20438861846923828
-22.192102432250977 -0.64849853515625 -0.1905369758605957
-22.103242874145508 1.1390419006347656 -0.2097930908203125
-22.03877067565918 2.9346179962158203 -0.22373342514038086
-21.938201904296875 4.728458404541016 -0.22278785705566406
-21.86315155029297 6.425668716430664 -0.24290752410888672
-21.881553649902344 8.232583999633789 -0.25244712829589844

2
-21.919815063476562 14.797624588012695 -0.27355480194091797
-21.784011840820312 13.970376968383789 -0.26418399810791016
-21.85186767578125 13.068580627441406 -0.2634553909301758
-21.96089744567871 12.329963684082031 -0.26016950607299805
-21.863964080810547 11.437543869018555 -0.2556281089782715
-21.822362899780273 10.540725708007812 -0.25400781631469727
-21.83502960205078 9.738967895507812 -0.26214170455932617
-21.76177215576172 8.809843063354492 -0.26483726501464844
-21.938156127929688 7.889892578125 -0.25582265853881836
-22.024076461791992 6.993259429931641 -0.24637079238891602
-22.474477767944336 6.228462219238281 -0.24796772003173828
-22.999197006225586 5.634742736816406 -0.24280214309692383
-23.806903839111328 5.259365081787109 -0.23779726028442383
-24.62895965576172 5.1003265380859375 -0.2201709747314453
-25.484188079833984 5.07838249206543 -0.2126150131225586
-26.324174880981445 5.089578628540039 -0.21270322799682617
-27.23267364501953 5.138883590698242 -0.19678640365600586
-28.10099983215332 5.152017593383789 -0.19736337661743164
-28.987531661987305 5.203128814697266 -0.1939530372619629
-29.84148406982422 5.259391784667969 -0.20189857482910156

2
26.987548828125 14.805269241333008 -0.38154077529907227
26.66529083251953 11.497518539428711 -0.39798593521118164
26.676651000976562 8.188148498535156 -0.38041210174560547
25.513450622558594 5.200563430786133 -0.423492431640625
22.649459838867188 4.9768829345703125 -0.42496681213378906
19.038955688476562 4.890565872192383 -0.41594743728637695
15.962493896484375 4.962907791137695 -0.40291309356689453
12.64044189453125 5.006053924560547 -0.3718533515930176
9.341026306152344 5.044166564941406 -0.3597140312194824
6.045909881591797 5.128257751464844 -0.35419130325317383
2.8791580200195312 5.141323089599609 -0.35445165634155273
-0.5541133880615234 5.134227752685547 -0.3600645065307617
-3.996461868286133 5.116119384765625 -0.37674474716186523
-7.177425384521484 4.965587615966797 -0.34346437454223633
-9.131158828735352 3.3836708068847656 -0.3025484085083008
-12.269004821777344 3.779184341430664 -0.2689175605773926
-14.55632495880127 6.142406463623047 -0.3249835968017578
-13.909164428710938 8.560081481933594 -0.312166690826416
-13.642776489257812 11.55613899230957 -0.3630247116088867
-13.608356475830078 14.79957389831543 -0.3644590377807617

2
29.830856323242188 -2.8699703216552734 -0.4091067314147949
27.113109588623047 -2.8283510208129883 -0.38625001907348633
24.321548461914062 -2.8214111328125 -0.38231372833251953
21.44617462158203 -2.7687387466430664 -0.3631763458251953
18.553470611572266 -2.765838623046875 -0.3466911315917969
15.605384826660156 -2.754910469055176 -0.3361215591430664
12.74063491821289 -2.749161720275879 -0.3251070976257324
9.823295593261719 -2.7216644287109375 -0.31027984619140625
6.8570404052734375 -2.693528175354004 -0.2994871139526367
4.0303955078125 -2.6882762908935547 -0.2987246513366699
1.1264991760253906 -2.6654348373413086 -0.29107141494750977
-1.6574897766113281 -2.648879051208496 -0.2844209671020508
-4.623735427856445 -2.642329216003418 -0.283078670501709
-7.489912033081055 -2.5850677490234375 -0.2908663749694824
-10.364477157592773 -2.576993942260742 -0.30374908447265625
-12.949214935302734 -3.583515167236328 -0.2351994514465332
-13.760047912597656 -6.255337715148926 -0.1979537010192871
-13.704706192016602 -9.215269088745117 -0.11855363845825195
-13.660615921020508 -11.951658248901367 -0.03783226013183594
-13.665029525756836 -14.808051109313965 0.034729957580566406

0
-28.5777530670166 0.9435815811157227 -0.22152233123779297
-28.61314582824707 0.9537019729614258 -0.21981048583984375
-28.792112350463867 0.9540691375732422 -0.21432113647460938
-28.885709762573242 0.9694881439208984 -0.21437835693359375
-29.02626609802246 0.9680328369140625 -0.21212387084960938
-29.07747459411621 0.964508056640625 -0.2140202522277832
-29.173660278320312 0.9577417373657227 -0.21340084075927734
-29.283525466918945 0.9545574188232422 -0.2154831886291504
-29.38745880126953 0.95526123046875 -0.2199115753173828
-29.426271438598633 0.9577417373657227 -0.21980571746826172
-29.474178314208984 0.9612197875976562 -0.21145296096801758
-29.508407592773438 0.9771356582641602 -0.22064208984375
-29.563064575195312 0.9649868011474609 -0.22660303115844727
-29.61797523498535 0.9709815979003906 -0.22670364379882812
-29.699087142944336 0.9692392349243164 -0.23212718963623047
-29.7602481842041 0.9681577682495117 -0.22482061386108398
-29.801660537719727 0.961369514465332 -0.22157049179077148
-29.872652053833008 0.9589786529541016 -0.2233271598815918
-29.93337631225586 0.9654417037963867 -0.22336530685424805
-29.995485305786133 0.9638872146606445 -0.22220420837402344

1
-23.022939682006836 -8.765499114990234 -0.017108440399169922
-21.432456970214844 -8.664276123046875 -0.03183412551879883
-19.807289123535156 -8.786870002746582 -0.03663015365600586
-18.282482147216797 -8.742847442626953 -0.03955888748168945
-16.44371795654297 -8.735334396362305 -0.03553199768066406
-15.073126792907715 -8.69672966003418 -0.03780794143676758
-13.456315994262695 -8.721925735473633 -0.04739809036254883
-12.671821594238281 -7.81613826751709 -0.07445526123046875
-12.273738861083984 -6.260934829711914 -0.12729883193969727
-12.046043395996094 -4.630537033081055 -0.16703033447265625
-13.149507522583008 -4.094348907470703 -0.1727738380432129
-14.777710914611816 -4.0975494384765625 -0.17824602127075195
-16.29519271850586 -4.055210113525391 -0.17607641220092773
-17.81801986694336 -4.136013031005859 -0.16332769393920898
-19.401376724243164 -4.1693525314331055 -0.17046833038330078
-20.98800277709961 -4.127387046813965 -0.17085981369018555
-22.702919006347656 -4.167914390563965 -0.16233348846435547
-23.02539825439453 -5.579736709594727 -0.10063648223876953
-23.03342628479004 -7.062071323394775 -0.058083534240722656
-23.050098419189453 -8.791132926940918 0.005527496337890625

1
-12.723073959350586 5.292020797729492 -0.23249483108520508
-12.769243240356445 3.7222824096679688 -0.2202625274658203
-12.857032775878906 2.278200149536133 -0.21923494338989258
-12.892118453979492 0.7026023864746094 -0.19698524475097656
-12.907556533813477 -0.7938108444213867 -0.19723224639892578
-12.80795669555664 -2.231858253479004 -0.1820816993713379
-12.970548629760742 -3.8060169219970703 -0.16225814819335938
-12.937227249145508 -5.143088340759277 -0.1580181121826172
-11.46413803100586 -4.688938140869141 -0.15280961990356445
-10.036643981933594 -4.197789192199707 -0.15964794158935547
-8.633504867553711 -3.7819814682006836 -0.15706539154052734
-8.12087631225586 -2.620157241821289 -0.1724567413330078
-8.118682861328125 -1.1167221069335938 -0.20920562744140625
-8.102668762207031 0.33854103088378906 -0.2325124740600586
-8.090620040893555 1.8347892761230469 -0.2598390579223633
-8.104272842407227 3.327808380126953 -0.28118276596069336
-8.22402572631836 4.605144500732422 -0.2980785369873047
-9.782718658447266 4.840242385864258 -0.27008724212646484
-11.249353408813477 5.030813217163086 -0.25794458389282227
-12.71159553527832 5.223041534423828 -0.2513585090637207

