1
-22.202293395996094 9.826824188232422 -0.24046850204467773
-23.237953186035156 8.31317138671875 -0.2405223846435547
-24.05410385131836 7.036914825439453 -0.2395777702331543
-25.153507232666016 5.58308219909668 -0.2475433349609375
-24.097984313964844 5.214668273925781 -0.24123573303222656
-22.509742736816406 5.132551193237305 -0.23542070388793945
-20.69476318359375 5.206188201904297 -0.23364591598510742
-19.171070098876953 5.134391784667969 -0.2336750030517578
-17.362476348876953 5.127223968505859 -0.2452239990234375
-15.752788543701172 5.07093620300293 -0.2416219711303711
-14.296919822692871 5.057294845581055 -0.23818397521972656
-13.374332427978516 5.892362594604492 -0.2498493194580078
-13.402908325195312 7.557342529296875 -0.2696824073791504
-13.389127731323242 9.048349380493164 -0.29145050048828125
-14.139996528625488 9.758068084716797 -0.29778003692626953
-15.819300651550293 9.770509719848633 -0.27643680572509766
-17.36098861694336 9.683761596679688 -0.2649707794189453
-18.956912994384766 9.78851318359375 -0.2510647773742676
-20.743328094482422 9.823755264282227 -0.23945856094360352
-22.28724479675293 9.765567779541016 -0.22057437896728516

2
-22.351917266845703 -14.807114601135254 0.00041103363037109375
-22.44796371459961 -13.9168119430542 -0.019838809967041016
-22.462854385375977 -12.910085678100586 -0.032512664794921875
-22.47170066833496 -12.00349235534668 -0.07257652282714844
-22.438535690307617 -10.97563362121582 -0.07717609405517578
-22.446792602539062 -9.899300575256348 -0.08745718002319336
-22.424381256103516 -8.998730659484863 -0.09654998779296875
-22.353256225585938 -8.046165466308594 -0.121307373046875
-22.365507125854492 -6.992555618286133 -0.1544513702392578
-22.3166446685791 -6.075477600097656 -0.17643260955810547
-22.285945892333984 -5.150369644165039 -0.20223283767700195
-22.636470794677734 -4.136283874511719 -0.20414972305297852
-23.185161590576172 -3.34938907623291 -0.2155771255493164
-23.951908111572266 -2.8287458419799805 -0.23135805130004883
-24.878984451293945 -2.6449451446533203 -0.24770784378051758
-25.9251708984375 -2.5997819900512695 -0.25151968002319336
-26.929784774780273 -2.597890853881836 -0.22562789916992188
-27.907148361206055 -2.5832252502441406 -0.22551345825195312
-28.86669158935547 -2.594327926635742 -0.22687578201293945
-29.86124610900879 -2.630021095275879 -0.2254352569580078

2
-22.199951171875 14.795242309570312 -0.29406213760375977
-22.222061157226562 13.989885330200195 -0.2803950309753418
-22.225341796875 13.105173110961914 -0.28031301498413086
-22.362295150756836 12.348915100097656 -0.2754364013671875
-22.265535354614258 11.495471954345703 -0.2679605484008789
-22.285831451416016 10.632404327392578 -0.26975393295288086
-22.352642059326172 9.831523895263672 -0.2748837471008301
-22.20705223083496 8.911020278930664 -0.27478599548339844
-22.33917999267578 7.99803352355957 -0.27022314071655273
-22.432308197021484 7.155986785888672 -0.26576662063598633
-22.79283905029297 6.396642684936523 -0.2632613182067871
-23.251073837280273 5.742761611938477 -0.25545835494995117
-24.043581008911133 5.318819046020508 -0.24980592727661133
-24.771013259887695 5.130022048950195 -0.23223257064819336
-25.580432891845703 5.069438934326172 -0.22951364517211914
-26.409313201904297 5.058563232421875 -0.2305607795715332
-27.294626235961914 5.100746154785156 -0.2128734588623047
-28.14137840270996 5.105670928955078 -0.2143235206604004
-28.99651527404785 5.162084579467773 -0.2104644775390625
-29.83994483947754 5.209056854248047 -0.21866941452026367

1
-22.357105255126953 8.197465896606445 -0.2562546730041504
-24.11883544921875 7.821849822998047 -0.19513511657714844
-26.07843589782715 7.387907028198242 -0.13683605194091797
-27.247432708740234 6.641481399536133 -0.081146240234375
-27.409461975097656 4.806127548217773 -0.09300899505615234
-27.48495864868164 3.0647830963134766 -0.07466697692871094
-27.44862174987793 1.26446533203125 -0.09286165237426758
-27.40601348876953 -0.5608415603637695 -0.0907902717590332
-27.349815368652344 -2.266448974609375 -0.10461664199829102
-27.18744468688965 -4.110700607299805 -0.10230731964111328
-25.7402400970459 -4.333677291870117 -0.1276111602783203
-23.891159057617188 -4.651398658752441 -0.17101812362670898
-22.667526245117188 -4.270435333251953 -0.19743061065673828
-22.641448974609375 -2.349822998046875 -0.204193115234375
-22.61172866821289 -0.6959896087646484 -0.2011404037475586
-22.558073043823242 1.110055923461914 -0.21880817413330078
-22.505563735961914 2.8979873657226562 -0.23425626754760742
-22.458288192749023 4.667501449584961 -0.2327737808227539
-22.32666778564453 6.384189605712891 -0.2538156509399414
-22.33642578125 8.287548065185547 -0.2706308364868164

2
26.816360473632812 14.805068969726562 -0.37713193893432617
26.449779510498047 11.500396728515625 -0.3905143737792969
26.388019561767578 8.179134368896484 -0.37752199172973633
25.287139892578125 5.186717987060547 -0.42225027084350586
22.393901824951172 4.971490859985352 -0.4236106872558594
18.725467681884766 4.878868103027344 -0.4169306755065918
15.597389221191406 4.953184127807617 -0.4049954414367676
12.253677368164062 5.005931854248047 -0.3792276382446289
8.98773193359375 5.028160095214844 -0.3673534393310547
5.703113555908203 5.119956970214844 -0.3593263626098633
2.4326515197753906 5.118804931640625 -0.35921287536621094
-0.8626155853271484 5.103094100952148 -0.36415863037109375
-4.362573623657227 5.082929611206055 -0.3818392753601074
-7.540843963623047 4.93255615234375 -0.34694433212280273
-9.549896240234375 3.3550586700439453 -0.30673646926879883
-12.665342330932617 3.6959362030029297 -0.27489757537841797
-15.006027221679688 6.099399566650391 -0.3386397361755371
-14.265111923217773 8.467145919799805 -0.331298828125
-14.039520263671875 11.526968002319336 -0.38606691360473633
-14.056387901306152 14.801275253295898 -0.3883819580078125

2
29.82990264892578 -2.8488826751708984 -0.38910722732543945
27.080081939697266 -2.805967330932617 -0.3693881034851074
24.26799774169922 -2.8015174865722656 -0.367767333984375
21.352981567382812 -2.7580299377441406 -0.3528609275817871
18.441776275634766 -2.7478151321411133 -0.3359246253967285
15.470062255859375 -2.752107620239258 -0.32979774475097656
12.59234619140625 -2.747526168823242 -0.32068634033203125
9.655071258544922 -2.7197999954223633 -0.30657100677490234
6.633720397949219 -2.7004032135009766 -0.2958035469055176
3.7920150756835938 -2.697028160095215 -0.294680118560791
0.9075374603271484 -2.671414375305176 -0.28875017166137695
-1.9695911407470703 -2.6531524658203125 -0.2831993103027344
-4.870100021362305 -2.650721549987793 -0.2822890281677246
-7.764421463012695 -2.5902976989746094 -0.29297828674316406
-10.69459342956543 -2.5879173278808594 -0.30718421936035156
-13.274456024169922 -3.5488452911376953 -0.2371349334716797
-14.227705955505371 -6.189507484436035 -0.19872474670410156
-14.182761192321777 -9.171512603759766 -0.1148538589477539
-14.254133224487305 -11.912117958068848 -0.03884172439575195
-14.241279602050781 -14.810138702392578 0.04321908950805664

1
-23.50667953491211 -8.760242462158203 -0.015139579772949219
-21.879135131835938 -8.682600975036621 -0.030936241149902344
-20.25393295288086 -8.766365051269531 -0.03435707092285156
-18.73998260498047 -8.774417877197266 -0.03251314163208008
-16.968692779541016 -8.780105590820312 -0.029564380645751953
-15.56739330291748 -8.739130020141602 -0.03113269805908203
-13.930421829223633 -8.73891830444336 -0.043436527252197266
-13.099008560180664 -7.775441646575928 -0.07530975341796875
-12.748952865600586 -6.243748664855957 -0.12743330001831055
-12.430500030517578 -4.593883514404297 -0.17066574096679688
-13.555034637451172 -4.092889785766602 -0.17007923126220703
-15.19644546508789 -4.11484432220459 -0.17594194412231445
-16.764848709106445 -4.074704170227051 -0.17581892013549805
-18.29226303100586 -4.178301811218262 -0.16439008712768555
-19.935646057128906 -4.195006370544434 -0.1721506118774414
-21.48625946044922 -4.199459075927734 -0.17102575302124023
-23.297924041748047 -4.142632484436035 -0.1625819206237793
-23.56521224975586 -5.622791290283203 -0.1014866828918457
-23.488380432128906 -7.140755653381348 -0.057150840759277344
-23.518165588378906 -8.860210418701172 0.008986949920654297

1
-13.16976547241211 5.226301193237305 -0.23842668533325195
-13.138513565063477 3.6502647399902344 -0.22620439529418945
-13.254390716552734 2.231473922729492 -0.2250370979309082
-13.277580261230469 0.6492109298706055 -0.20003652572631836
-13.289714813232422 -0.8334369659423828 -0.20216989517211914
-13.212930679321289 -2.2293834686279297 -0.18535470962524414
-13.287506103515625 -3.8041934967041016 -0.16399288177490234
-13.304420471191406 -5.146068572998047 -0.1591634750366211
-11.819259643554688 -4.687835693359375 -0.15334796905517578
-10.395881652832031 -4.216443061828613 -0.16211986541748047
-8.984344482421875 -3.7582883834838867 -0.15700912475585938
-8.490056991577148 -2.6207151412963867 -0.1750168800354004
-8.513473510742188 -1.1251602172851562 -0.21146440505981445
-8.50190544128418 0.31090545654296875 -0.23679876327514648
-8.511289596557617 1.7939701080322266 -0.2645273208618164
-8.483455657958984 3.2774887084960938 -0.2884030342102051
-8.699445724487305 4.539266586303711 -0.30405664443969727
-10.199163436889648 4.751628875732422 -0.27704620361328125
-11.706422805786133 4.975847244262695 -0.2624378204345703
-13.155416488647461 5.174962997436523 -0.25858592987060547

0
-29.040245056152344 0.9388284683227539 -0.22252178192138672
-29.021461486816406 0.9309320449829102 -0.22024822235107422
-29.1839542388916 0.9307823181152344 -0.2166895866394043
-29.255460739135742 0.9432182312011719 -0.21615076065063477
-29.34113121032715 0.939208984375 -0.21526527404785156
-29.364032745361328 0.93341064453125 -0.2184009552001953
-29.4351806640625 0.9391880035400391 -0.2153477668762207
-29.51009750366211 0.93670654296875 -0.22036123275756836
-29.572593688964844 0.9370193481445312 -0.22604036331176758
-29.587560653686523 0.9382648468017578 -0.22443771362304688
-29.615747451782227 0.9366989135742188 -0.21502113342285156
-29.64749526977539 0.9504966735839844 -0.22109031677246094
-29.69732093811035 0.9413261413574219 -0.22806930541992188
-29.718549728393555 0.9442319869995117 -0.2298297882080078
-29.771947860717773 0.9359426498413086 -0.23457622528076172
-29.811336517333984 0.9341220855712891 -0.22599172592163086
-29.84281349182129 0.9357776641845703 -0.22240495681762695
-29.89887237548828 0.9318675994873047 -0.2261343002319336
-29.945289611816406 0.9367990493774414 -0.22603321075439453
-29.996557235717773 0.9422779083251953 -0.22907543182373047

