1
-22.761865615844727 9.763019561767578 -0.24588584899902344
-23.63843536376953 8.33292007446289 -0.2487201690673828
-24.490859985351562 7.095676422119141 -0.24399662017822266
-25.475936889648438 5.584197998046875 -0.24576330184936523
-24.486221313476562 5.184471130371094 -0.2409992218017578
-22.882753372192383 5.138101577758789 -0.23472833633422852
-21.121660232543945 5.163335800170898 -0.23992633819580078
-19.701045989990234 5.135307312011719 -0.23927974700927734
-17.853404998779297 5.109424591064453 -0.25309085845947266
-16.219074249267578 5.066778182983398 -0.24930334091186523
-14.730470657348633 5.05908203125 -0.24270868301391602
-13.844293594360352 5.898128509521484 -0.25754690170288086
-13.886272430419922 7.570568084716797 -0.2806391716003418
-13.841865539550781 9.060916900634766 -0.30313825607299805
-14.642786979675293 9.722091674804688 -0.30633974075317383
-16.250885009765625 9.76280403137207 -0.29106616973876953
-17.829524993896484 9.683778762817383 -0.27811431884765625
-19.437711715698242 9.74043083190918 -0.2665581703186035
-21.170684814453125 9.777862548828125 -0.2560710906982422
-22.788537979125977 9.685628890991211 -0.2401595115661621

2
-22.785598754882812 -14.814533233642578 0.029984474182128906
-22.91574478149414 -13.933675765991211 0.016812801361083984
-22.93143081665039 -12.96786880493164 0.0021576881408691406
-22.92605972290039 -12.0427885055542 -0.03561735153198242
-22.894439697265625 -11.079988479614258 -0.044003963470458984
-22.966209411621094 -10.045921325683594 -0.05292701721191406
-22.934818267822266 -9.153238296508789 -0.0656881332397461
-22.84563446044922 -8.177879333496094 -0.09664392471313477
-22.869125366210938 -7.143584251403809 -0.13037538528442383
-22.775177001953125 -6.268893241882324 -0.15306997299194336
-22.67572021484375 -5.391160011291504 -0.1790480613708496
-22.90265464782715 -4.501473426818848 -0.18886375427246094
-23.42487335205078 -3.6107749938964844 -0.1925349235534668
-24.09199333190918 -2.9549036026000977 -0.21071672439575195
-25.025863647460938 -2.6761322021484375 -0.2364673614501953
-26.01174545288086 -2.596487045288086 -0.2433481216430664
-26.97542381286621 -2.5922088623046875 -0.22077560424804688
-27.936277389526367 -2.565114974975586 -0.21622371673583984
-28.870019912719727 -2.5774765014648438 -0.21705055236816406
-29.854339599609375 -2.6024293899536133 -0.21646833419799805

1
-22.758546829223633 8.179439544677734 -0.2558565139770508
-24.647443771362305 7.722221374511719 -0.1976757049560547
-26.488571166992188 7.333871841430664 -0.13933801651000977
-27.635292053222656 6.645538330078125 -0.08532524108886719
-27.75347137451172 4.782260894775391 -0.09113740921020508
-27.895206451416016 2.9996395111083984 -0.07052326202392578
-27.82449722290039 1.2284507751464844 -0.08382225036621094
-27.810428619384766 -0.5322494506835938 -0.07798480987548828
-27.755239486694336 -2.27016544342041 -0.09250164031982422
-27.52602767944336 -4.109332084655762 -0.08839130401611328
-26.097625732421875 -4.348112106323242 -0.1144876480102539
-24.290246963500977 -4.672903060913086 -0.15469980239868164
-23.04021453857422 -4.314878463745117 -0.18292617797851562
-22.99472999572754 -2.470553398132324 -0.19684553146362305
-22.94135093688965 -0.7310123443603516 -0.19630718231201172
-22.946794509887695 1.0835819244384766 -0.21632099151611328
-22.93548583984375 2.8758182525634766 -0.23539161682128906
-22.890926361083984 4.583810806274414 -0.23535776138305664
-22.733055114746094 6.276668548583984 -0.25977039337158203
-22.732589721679688 8.214668273925781 -0.28148412704467773

2
-22.64130973815918 14.79714584350586 -0.30730199813842773
-22.741445541381836 14.008197784423828 -0.2940559387207031
-22.755189895629883 13.185453414916992 -0.29288434982299805
-22.78752899169922 12.400138854980469 -0.2864108085632324
-22.706754684448242 11.572452545166016 -0.27678918838500977
-22.705154418945312 10.776744842529297 -0.2780470848083496
-22.788583755493164 9.935091018676758 -0.27750158309936523
-22.645580291748047 9.053133010864258 -0.27741384506225586
-22.733800888061523 8.229976654052734 -0.2757701873779297
-22.80160140991211 7.338052749633789 -0.27614593505859375
-23.0684814453125 6.596370697021484 -0.27112722396850586
-23.46148681640625 5.892206192016602 -0.26063966751098633
-24.153406143188477 5.426479339599609 -0.2525787353515625
-24.84425163269043 5.168832778930664 -0.23687124252319336
-25.604848861694336 5.054071426391602 -0.2334609031677246
-26.434246063232422 5.013296127319336 -0.2335810661315918
-27.310836791992188 5.061376571655273 -0.21409893035888672
-28.149566650390625 5.071994781494141 -0.21614456176757812
-28.998065948486328 5.141401290893555 -0.21271800994873047
-29.839319229125977 5.182521820068359 -0.22223663330078125

2
26.25835418701172 14.799219131469727 -0.41190576553344727
26.027729034423828 11.487676620483398 -0.41446542739868164
26.03087615966797 8.20562744140625 -0.38939523696899414
24.788406372070312 5.197076797485352 -0.4457111358642578
21.740856170654297 4.98820686340332 -0.4385356903076172
18.250484466552734 4.92906379699707 -0.4287271499633789
15.0516357421875 4.9781036376953125 -0.41689443588256836
11.591987609863281 5.017642974853516 -0.3960390090942383
8.448619842529297 5.053394317626953 -0.3824882507324219
5.1256866455078125 5.108732223510742 -0.3693838119506836
1.9091567993164062 5.125829696655273 -0.36676979064941406
-1.3615360260009766 5.101081848144531 -0.3715705871582031
-4.857006072998047 5.058778762817383 -0.38957643508911133
-8.026897430419922 4.955507278442383 -0.35346269607543945
-10.096742630004883 3.4209156036376953 -0.3112163543701172
-13.050712585449219 3.691864013671875 -0.2829442024230957
-15.472295761108398 6.063507080078125 -0.3444695472717285
-14.816910743713379 8.358287811279297 -0.3449716567993164
-14.571198463439941 11.527322769165039 -0.41120338439941406
-14.493781089782715 14.795799255371094 -0.41895437240600586

2
29.829345703125 -2.820582389831543 -0.40339183807373047
27.05451202392578 -2.78464412689209 -0.3767385482788086
24.238258361816406 -2.778803825378418 -0.3759489059448242
21.29041290283203 -2.7371721267700195 -0.35701465606689453
18.374046325683594 -2.719449996948242 -0.3377504348754883
15.393325805664062 -2.7336959838867188 -0.3322319984436035
12.485542297363281 -2.732729911804199 -0.3228764533996582
9.524864196777344 -2.706883430480957 -0.30709171295166016
6.507236480712891 -2.695315361022949 -0.29546117782592773
3.6116867065429688 -2.6978235244750977 -0.2904520034790039
0.7251911163330078 -2.679363250732422 -0.28403139114379883
-2.1971302032470703 -2.6703290939331055 -0.2772550582885742
-5.07826042175293 -2.6640625 -0.28038454055786133
-8.042186737060547 -2.599431037902832 -0.28641510009765625
-11.060131072998047 -2.574718475341797 -0.2965545654296875
-13.661735534667969 -3.4511213302612305 -0.22293758392333984
-14.664947509765625 -6.0412187576293945 -0.1766371726989746
-14.56934642791748 -9.165508270263672 -0.09040069580078125
-14.605708122253418 -11.905599594116211 -0.011752128601074219
-14.506101608276367 -14.803617477416992 0.0808420181274414

1
-24.047531127929688 -8.83150863647461 0.017059803009033203
-22.345823287963867 -8.721036911010742 0.005838871002197266
-20.77035903930664 -8.77509880065918 0.0015149116516113281
-19.13662338256836 -8.78786849975586 0.0015578269958496094
-17.46637725830078 -8.761545181274414 -0.0075836181640625
-16.000640869140625 -8.74707317352295 -0.009706974029541016
-14.326345443725586 -8.765850067138672 -0.019725799560546875
-13.536029815673828 -7.821807384490967 -0.056238651275634766
-13.182188034057617 -6.2558183670043945 -0.11092281341552734
-12.859855651855469 -4.6309356689453125 -0.16038942337036133
-13.984970092773438 -4.107220649719238 -0.16004276275634766
-15.596793174743652 -4.143402099609375 -0.1672654151916504
-17.12057113647461 -4.125156402587891 -0.16283655166625977
-18.72930145263672 -4.196786880493164 -0.15161514282226562
-20.328712463378906 -4.246009826660156 -0.15848684310913086
-22.025146484375 -4.253758430480957 -0.1571054458618164
-23.75408172607422 -4.260754585266113 -0.14057683944702148
-24.013341903686523 -5.636038780212402 -0.08771228790283203
-23.875524520874023 -7.1511688232421875 -0.03262472152709961
-24.017532348632812 -8.818923950195312 0.03961181640625

1
-13.646549224853516 5.248373031616211 -0.2417750358581543
-13.58066177368164 3.6513500213623047 -0.23228883743286133
-13.759866714477539 2.2217178344726562 -0.2266836166381836
-13.780977249145508 0.6989803314208984 -0.20157814025878906
-13.790899276733398 -0.8499755859375 -0.1982107162475586
-13.762781143188477 -2.2514591217041016 -0.1799168586730957
-13.741531372070312 -3.770343780517578 -0.1556568145751953
-13.794563293457031 -5.1787567138671875 -0.14452457427978516
-12.379343032836914 -4.657072067260742 -0.1451702117919922
-10.898326873779297 -4.206852912902832 -0.15390682220458984
-9.591136932373047 -3.7668142318725586 -0.1500873565673828
-8.995128631591797 -2.6081676483154297 -0.17070817947387695
-8.986330032348633 -1.1104049682617188 -0.2119755744934082
-9.012195587158203 0.3112468719482422 -0.24151325225830078
-9.00811767578125 1.8185482025146484 -0.27173566818237305
-8.956052780151367 3.3041954040527344 -0.2932314872741699
-9.106365203857422 4.557636260986328 -0.31486940383911133
-10.740964889526367 4.7813262939453125 -0.28399229049682617
-12.225252151489258 4.975488662719727 -0.26741743087768555
-13.696714401245117 5.217554092407227 -0.2622828483581543

0
-29.471933364868164 0.9248542785644531 -0.2104649543762207
-29.37073516845703 0.9303684234619141 -0.20792770385742188
-29.471866607666016 0.9249296188354492 -0.20184612274169922
-29.544775009155273 0.9345531463623047 -0.20166635513305664
-29.55630874633789 0.9283809661865234 -0.20195960998535156
-29.574508666992188 0.9266529083251953 -0.20593738555908203
-29.629993438720703 0.9342775344848633 -0.20256567001342773
-29.67024803161621 0.9302120208740234 -0.20579004287719727
-29.691055297851562 0.9280157089233398 -0.21304798126220703
-29.698163986206055 0.9252405166625977 -0.21170759201049805
-29.71869468688965 0.9099807739257812 -0.20478057861328125
-29.751367568969727 0.9184761047363281 -0.21003437042236328
-29.790515899658203 0.9194774627685547 -0.21532869338989258
-29.801490783691406 0.9187707901000977 -0.21930360794067383
-29.830204010009766 0.9143486022949219 -0.22343969345092773
-29.853994369506836 0.9132881164550781 -0.2155303955078125
-29.877384185791016 0.9117136001586914 -0.21088743209838867
-29.925006866455078 0.9063930511474609 -0.21545839309692383
-29.956750869750977 0.9149980545043945 -0.21637582778930664
-29.997377395629883 0.9199600219726562 -0.21960687637329102

