1
-23.364376068115234 9.758569717407227 -0.2442154884338379
-24.26752471923828 8.377141952514648 -0.2428889274597168
-25.151554107666016 7.050115585327148 -0.24182605743408203
-26.040660858154297 5.598932266235352 -0.24250459671020508
-25.074432373046875 5.156835556030273 -0.2372121810913086
-23.460426330566406 5.1590576171875 -0.2307262420654297
-21.780765533447266 5.12872314453125 -0.2364048957824707
-20.205284118652344 5.161861419677734 -0.23473691940307617
-18.317087173461914 5.0992889404296875 -0.250093936920166
-16.794822692871094 5.067516326904297 -0.24297475814819336
-15.219533920288086 5.0334014892578125 -0.2415471076965332
-14.300138473510742 5.829059600830078 -0.25891685485839844
-14.33424186706543 7.5438385009765625 -0.28240489959716797
-14.31443977355957 9.091567993164062 -0.3040032386779785
-15.183821678161621 9.723955154418945 -0.30411720275878906
-16.754379272460938 9.652427673339844 -0.29015064239501953
-18.379131317138672 9.716007232666016 -0.27635765075683594
-20.062145233154297 9.713912963867188 -0.2663459777832031
-21.694717407226562 9.718441009521484 -0.25650787353515625
-23.34414291381836 9.713226318359375 -0.24170494079589844

2
-23.23955535888672 -14.813956260681152 0.036753177642822266
-23.368894577026367 -13.957361221313477 0.02239847183227539
-23.35676383972168 -13.05185317993164 0.009335994720458984
-23.382068634033203 -12.093653678894043 -0.02652740478515625
-23.388072967529297 -11.214682579040527 -0.032788753509521484
-23.468013763427734 -10.210620880126953 -0.037634849548339844
-23.42523193359375 -9.355801582336426 -0.053784847259521484
-23.387252807617188 -8.34354019165039 -0.08637237548828125
-23.41069984436035 -7.453665733337402 -0.11728191375732422
-23.329315185546875 -6.547615051269531 -0.13982582092285156
-23.200031280517578 -5.664040565490723 -0.16606473922729492
-23.21932601928711 -4.813859939575195 -0.18024396896362305
-23.7721004486084 -3.88472843170166 -0.18116044998168945
-24.342252731323242 -3.1377601623535156 -0.19803571701049805
-25.211111068725586 -2.7638416290283203 -0.22895240783691406
-26.13850212097168 -2.6504735946655273 -0.2394399642944336
-27.046640396118164 -2.6240015029907227 -0.2160663604736328
-27.982994079589844 -2.595479965209961 -0.20917463302612305
-28.88062858581543 -2.596188545227051 -0.2111496925354004
-29.849777221679688 -2.6092710494995117 -0.210693359375

1
-23.44781494140625 8.126848220825195 -0.2499241828918457
-25.33203887939453 7.762943267822266 -0.1883845329284668
-27.089815139770508 7.317800521850586 -0.13428163528442383
-28.139162063598633 6.639230728149414 -0.0826716423034668
-28.282848358154297 4.787912368774414 -0.07932853698730469
-28.45610809326172 2.9872379302978516 -0.06502103805541992
-28.40317726135254 1.2560882568359375 -0.07532072067260742
-28.400665283203125 -0.5148649215698242 -0.0682978630065918
-28.338333129882812 -2.274517059326172 -0.08314704895019531
-28.041309356689453 -4.122377395629883 -0.08507299423217773
-26.777359008789062 -4.392936706542969 -0.10109615325927734
-24.965866088867188 -4.666460037231445 -0.14805889129638672
-23.74235725402832 -4.324462890625 -0.1764087677001953
-23.67591667175293 -2.5850229263305664 -0.19518756866455078
-23.546859741210938 -0.7527580261230469 -0.19632387161254883
-23.578712463378906 1.02984619140625 -0.21132850646972656
-23.551555633544922 2.834726333618164 -0.2247633934020996
-23.4915714263916 4.540107727050781 -0.23251962661743164
-23.29926872253418 6.312692642211914 -0.2527947425842285
-23.33871841430664 8.187620162963867 -0.2684659957885742

2
25.52783203125 14.797222137451172 -0.4026002883911133
25.697357177734375 11.528303146362305 -0.41155099868774414
25.665740966796875 8.222471237182617 -0.39048099517822266
24.49604034423828 5.22332763671875 -0.4481477737426758
21.283218383789062 5.00889778137207 -0.4373006820678711
17.89057159423828 4.9679107666015625 -0.4289236068725586
14.548393249511719 5.010129928588867 -0.41655445098876953
11.234573364257812 5.043542861938477 -0.3981895446777344
8.001846313476562 5.074037551879883 -0.3813176155090332
4.606487274169922 5.108251571655273 -0.36852550506591797
1.408853530883789 5.131551742553711 -0.3662886619567871
-1.8396759033203125 5.101879119873047 -0.37152910232543945
-5.3108978271484375 5.037525177001953 -0.3894495964050293
-8.572351455688477 4.979450225830078 -0.352938175201416
-10.516658782958984 3.3226795196533203 -0.30633068084716797
-13.481273651123047 3.6773452758789062 -0.2794613838195801
-15.973155975341797 6.101091384887695 -0.3348073959350586
-15.271387100219727 8.35256576538086 -0.3371548652648926
-14.933053970336914 11.557090759277344 -0.40596723556518555
-14.913917541503906 14.798107147216797 -0.4138169288635254

2
-23.126068115234375 14.803936004638672 -0.29685258865356445
-23.28986167907715 14.065855026245117 -0.30298614501953125
-23.355560302734375 13.280115127563477 -0.29620790481567383
-23.359542846679688 12.45699691772461 -0.28487396240234375
-23.27191162109375 11.69085693359375 -0.27956390380859375
-23.26658058166504 10.901252746582031 -0.2747030258178711
-23.385150909423828 10.06500244140625 -0.2679123878479004
-23.264503479003906 9.2899169921875 -0.2721266746520996
-23.295654296875 8.450460433959961 -0.26932287216186523
-23.349777221679688 7.583354949951172 -0.27801990509033203
-23.575481414794922 6.801347732543945 -0.2708010673522949
-23.833118438720703 6.136335372924805 -0.26081085205078125
-24.33731460571289 5.6086883544921875 -0.2533731460571289
-25.05130958557129 5.280281066894531 -0.23594999313354492
-25.74541473388672 5.065441131591797 -0.23646259307861328
-26.559593200683594 4.96826171875 -0.2308330535888672
-27.394149780273438 5.033832550048828 -0.20960426330566406
-28.21761703491211 5.025617599487305 -0.20580005645751953
-29.003910064697266 5.083194732666016 -0.2013545036315918
-29.833877563476562 5.096996307373047 -0.20990467071533203

2
29.82624053955078 -2.788799285888672 -0.4130253791809082
27.026248931884766 -2.759706497192383 -0.38444042205810547
24.19605255126953 -2.7498464584350586 -0.3819437026977539
21.227542877197266 -2.716947555541992 -0.3634495735168457
18.30764389038086 -2.7071075439453125 -0.3437657356262207
15.30023193359375 -2.7270374298095703 -0.33635616302490234
12.392200469970703 -2.7238540649414062 -0.3271346092224121
9.413642883300781 -2.710195541381836 -0.3102402687072754
6.399322509765625 -2.697359085083008 -0.2991752624511719
3.4361534118652344 -2.70601749420166 -0.2913656234741211
0.5889301300048828 -2.693636894226074 -0.2856454849243164
-2.4445018768310547 -2.688632011413574 -0.27549171447753906
-5.362588882446289 -2.67718505859375 -0.27888059616088867
-8.31989860534668 -2.6162004470825195 -0.28472423553466797
-11.375328063964844 -2.5998353958129883 -0.29420995712280273
-13.985252380371094 -3.429290771484375 -0.2191472053527832
-15.10986042022705 -6.008584976196289 -0.17494535446166992
-15.07369327545166 -9.095977783203125 -0.08778142929077148
-15.084094047546387 -11.95333480834961 -0.002158641815185547
-15.126468658447266 -14.800956726074219 0.07703304290771484

1
-24.554336547851562 -8.910341262817383 0.02661895751953125
-22.836925506591797 -8.798724174499512 0.015865325927734375
-21.336708068847656 -8.851146697998047 0.013181686401367188
-19.630455017089844 -8.889904022216797 0.010850906372070312
-18.040908813476562 -8.829038619995117 0.0010833740234375
-16.473541259765625 -8.807048797607422 -0.002109527587890625
-14.773159980773926 -8.8445463180542 -0.00840616226196289
-14.016101837158203 -7.945094585418701 -0.04833555221557617
-13.644193649291992 -6.3497772216796875 -0.10610532760620117
-13.350830078125 -4.694374084472656 -0.15758323669433594
-14.445182800292969 -4.185084342956543 -0.15757513046264648
-15.962204933166504 -4.204482078552246 -0.16229581832885742
-17.588632583618164 -4.21427059173584 -0.16048669815063477
-19.185123443603516 -4.254910469055176 -0.14618921279907227
-20.84433364868164 -4.292257308959961 -0.15224933624267578
-22.57176399230957 -4.313510894775391 -0.15016412734985352
-24.369365692138672 -4.320180892944336 -0.13324928283691406
-24.496305465698242 -5.684858322143555 -0.08265066146850586
-24.374282836914062 -7.182532787322998 -0.02605438232421875
-24.463560104370117 -8.8951416015625 0.05257463455200195

1
-14.111550331115723 5.240320205688477 -0.2394728660583496
-14.076688766479492 3.6507034301757812 -0.2327427864074707
-14.248125076293945 2.1853084564208984 -0.2240300178527832
-14.237701416015625 0.7113666534423828 -0.19599246978759766
-14.273387908935547 -0.8730907440185547 -0.1913900375366211
-14.274224281311035 -2.354360580444336 -0.17651605606079102
-14.202346801757812 -3.804232597351074 -0.14812517166137695
-14.246708869934082 -5.22620964050293 -0.13914728164672852
-12.834630966186523 -4.696632385253906 -0.1423501968383789
-11.382246017456055 -4.235965728759766 -0.1505722999572754
-10.074447631835938 -3.807321548461914 -0.14499759674072266
-9.506528854370117 -2.62770938873291 -0.16862869262695312
-9.465106964111328 -1.1816625595092773 -0.20567083358764648
-9.522489547729492 0.24133777618408203 -0.23837947845458984
-9.518497467041016 1.79180908203125 -0.27094030380249023
-9.443267822265625 3.3062782287597656 -0.2909512519836426
-9.640325546264648 4.540489196777344 -0.3142833709716797
-11.27577018737793 4.781473159790039 -0.28492116928100586
-12.691740036010742 4.976688385009766 -0.2657613754272461
-14.129968643188477 5.209146499633789 -0.2590956687927246

