1
-23.826059341430664 9.756818771362305 -0.23708057403564453
-24.840116500854492 8.37765121459961 -0.2323002815246582
-25.709129333496094 7.041471481323242 -0.2369241714477539
-26.58509063720703 5.576717376708984 -0.2378525733947754
-25.610519409179688 5.132837295532227 -0.2310333251953125
-24.063936233520508 5.148200988769531 -0.22557353973388672
-22.335193634033203 5.113710403442383 -0.2302074432373047
-20.731639862060547 5.135234832763672 -0.23012113571166992
-18.939502716064453 5.120903015136719 -0.24296092987060547
-17.386272430419922 5.044214248657227 -0.2373342514038086
-15.75082015991211 4.992364883422852 -0.23495101928710938
-14.822522163391113 5.769229888916016 -0.24883127212524414
-14.886740684509277 7.49052619934082 -0.2755441665649414
-14.887713432312012 9.073177337646484 -0.2945709228515625
-15.744553565979004 9.794511795043945 -0.29734277725219727
-17.27364158630371 9.621467590332031 -0.28055429458618164
-18.87329864501953 9.747539520263672 -0.26764965057373047
-20.48802947998047 9.736248016357422 -0.25856876373291016
-22.16352081298828 9.73505973815918 -0.24813127517700195
-23.980674743652344 9.737110137939453 -0.23185968399047852

2
-23.858470916748047 -14.819743156433105 0.049037933349609375
-23.85296630859375 -13.988369941711426 0.031650543212890625
-23.893226623535156 -13.113800048828125 0.020793914794921875
-23.916179656982422 -12.158058166503906 -0.007690906524658203
-23.91413116455078 -11.348371505737305 -0.016959190368652344
-23.982059478759766 -10.355417251586914 -0.02068805694580078
-23.98737907409668 -9.537467002868652 -0.03907918930053711
-23.931447982788086 -8.602975845336914 -0.06961250305175781
-23.98644256591797 -7.699264049530029 -0.102294921875
-23.937454223632812 -6.851055145263672 -0.1239314079284668
-23.835906982421875 -6.0182647705078125 -0.14805126190185547
-23.720136642456055 -5.215608596801758 -0.16220378875732422
-24.063129425048828 -4.238691329956055 -0.16312789916992188
-24.52318000793457 -3.4555578231811523 -0.17772340774536133
-25.35890007019043 -2.912271499633789 -0.21568012237548828
-26.264543533325195 -2.743954658508301 -0.22984075546264648
-27.11920928955078 -2.6924142837524414 -0.2075967788696289
-28.03069496154785 -2.6578779220581055 -0.19605541229248047
-28.891727447509766 -2.649764060974121 -0.1981039047241211
-29.840436935424805 -2.654770851135254 -0.19522523880004883

2
24.736713409423828 14.803865432739258 -0.42661237716674805
25.01224136352539 11.533914566040039 -0.42816972732543945
24.961090087890625 8.203174591064453 -0.4122428894042969
23.81208038330078 5.259660720825195 -0.47155332565307617
20.644927978515625 5.004804611206055 -0.45084524154663086
17.132904052734375 5.010334014892578 -0.4411773681640625
13.863052368164062 5.005731582641602 -0.4253711700439453
10.645149230957031 5.0463104248046875 -0.4009251594543457
7.4748382568359375 5.078638076782227 -0.38266420364379883
4.088226318359375 5.116809844970703 -0.3668336868286133
0.8916053771972656 5.127511978149414 -0.36494016647338867
-2.3621044158935547 5.109653472900391 -0.3704080581665039
-5.874166488647461 5.040187835693359 -0.38893651962280273
-9.13332748413086 4.981967926025391 -0.35160017013549805
-11.051004409790039 3.3856201171875 -0.3026762008666992
-13.964178085327148 3.6862030029296875 -0.27468299865722656
-16.453824996948242 6.147218704223633 -0.32884931564331055
-15.773950576782227 8.401678085327148 -0.3315281867980957
-15.484171867370605 11.571334838867188 -0.40639829635620117
-15.4014892578125 14.809324264526367 -0.4211297035217285

2
-23.814983367919922 14.810510635375977 -0.29244136810302734
-23.893815994262695 14.093179702758789 -0.2988715171813965
-23.94830322265625 13.352275848388672 -0.292874813079834
-23.885419845581055 12.563386917114258 -0.2826080322265625
-23.774658203125 11.853281021118164 -0.2711052894592285
-23.87509536743164 11.093530654907227 -0.26563596725463867
-23.97283172607422 10.241674423217773 -0.25951623916625977
-23.83020782470703 9.49952507019043 -0.2659950256347656
-23.87901496887207 8.654655456542969 -0.26227664947509766
-23.932369232177734 7.810096740722656 -0.2748255729675293
-24.063034057617188 7.061315536499023 -0.2699747085571289
-24.26359748840332 6.3562469482421875 -0.2640266418457031
-24.62053680419922 5.75373649597168 -0.2507510185241699
-25.275896072387695 5.388200759887695 -0.23551464080810547
-25.907140731811523 5.083705902099609 -0.23683500289916992
-26.688209533691406 4.981884002685547 -0.22796964645385742
-27.480623245239258 5.021631240844727 -0.2081284523010254
-28.277538299560547 4.979902267456055 -0.1955113410949707
-29.03148078918457 5.02070426940918 -0.1932086944580078
-29.82646369934082 5.016653060913086 -0.1986689567565918

2
29.827346801757812 -2.755460739135742 -0.42728424072265625
27.008033752441406 -2.733351707458496 -0.3933553695678711
24.153179168701172 -2.733462333679199 -0.39107847213745117
21.182964324951172 -2.7066192626953125 -0.37033653259277344
18.259132385253906 -2.6987476348876953 -0.3492264747619629
15.238929748535156 -2.725341796875 -0.34110212326049805
12.32708740234375 -2.7183656692504883 -0.3309602737426758
9.299152374267578 -2.7050046920776367 -0.31258344650268555
6.285007476806641 -2.6833925247192383 -0.3002595901489258
3.3088836669921875 -2.691586494445801 -0.29045772552490234
0.4201164245605469 -2.6825456619262695 -0.28470659255981445
-2.5963668823242188 -2.6803903579711914 -0.2746744155883789
-5.571937561035156 -2.6837549209594727 -0.27704381942749023
-8.540754318237305 -2.63291072845459 -0.28026819229125977
-11.64947509765625 -2.6349334716796875 -0.28838109970092773
-14.321788787841797 -3.344325065612793 -0.2135910987854004
-15.569536209106445 -5.957969665527344 -0.1731424331665039
-15.514418601989746 -9.006082534790039 -0.0816354751586914
-15.477923393249512 -11.916388511657715 0.004939556121826172
-15.491352081298828 -14.80839729309082 0.08767557144165039

1
-23.975330352783203 8.201358795166016 -0.24559974670410156
-25.882028579711914 7.776315689086914 -0.18821048736572266
-27.52142333984375 7.303676605224609 -0.12909984588623047
-28.4843692779541 6.644138336181641 -0.0795125961303711
-28.58892059326172 4.738868713378906 -0.07005596160888672
-28.768144607543945 2.840587615966797 -0.05749654769897461
-28.71816062927246 1.1977272033691406 -0.062448978424072266
-28.761823654174805 -0.5712432861328125 -0.05064201354980469
-28.665353775024414 -2.3412227630615234 -0.06903886795043945
-28.375625610351562 -4.1701202392578125 -0.07007932662963867
-27.23016357421875 -4.468381881713867 -0.09121513366699219
-25.441347122192383 -4.738284111022949 -0.13715744018554688
-24.265687942504883 -4.345830917358398 -0.16164731979370117
-24.178457260131836 -2.6331634521484375 -0.18676519393920898
-24.111553192138672 -0.7496004104614258 -0.19223403930664062
-24.13460922241211 1.0087642669677734 -0.20064544677734375
-24.065080642700195 2.818267822265625 -0.2175121307373047
-24.01329803466797 4.605823516845703 -0.2281813621520996
-23.76836585998535 6.383726119995117 -0.25202322006225586
-23.914894104003906 8.194761276245117 -0.26967477798461914

1
-25.061901092529297 -8.933454513549805 0.041472434997558594
-23.432889938354492 -8.846485137939453 0.030664443969726562
-21.796222686767578 -8.833406448364258 0.02808094024658203
-20.098777770996094 -8.866155624389648 0.0259552001953125
-18.518678665161133 -8.853811264038086 0.013890743255615234
-16.90793228149414 -8.855510711669922 0.007633686065673828
-15.247299194335938 -8.882728576660156 0.00046825408935546875
-14.41386604309082 -7.916255474090576 -0.03975963592529297
-14.064872741699219 -6.2868757247924805 -0.10228300094604492
-13.84123420715332 -4.650937080383301 -0.1531519889831543
-14.869614601135254 -4.179333686828613 -0.15180253982543945
-16.449718475341797 -4.1842241287231445 -0.15395689010620117
-18.11573028564453 -4.2173967361450195 -0.15243148803710938
-19.81375503540039 -4.267465591430664 -0.13804006576538086
-21.472511291503906 -4.279898643493652 -0.14110183715820312
-23.20357322692871 -4.270194053649902 -0.13944292068481445
-24.9188289642334 -4.281700134277344 -0.12257766723632812
-25.12432098388672 -5.600564956665039 -0.06944084167480469
-24.98893928527832 -7.15332555770874 -0.011791229248046875
-24.999181747436523 -8.848360061645508 0.06398630142211914

1
-14.574549674987793 5.239233016967773 -0.2369990348815918
-14.627437591552734 3.6396961212158203 -0.2281498908996582
-14.762200355529785 2.1762123107910156 -0.21448659896850586
-14.721912384033203 0.7109851837158203 -0.18737459182739258
-14.752570152282715 -0.9201993942260742 -0.18134737014770508
-14.765401840209961 -2.3638219833374023 -0.17002487182617188
-14.660296440124512 -3.8065576553344727 -0.14113807678222656
-14.72407054901123 -5.2364044189453125 -0.13363075256347656
-13.282432556152344 -4.76788330078125 -0.1367626190185547
-11.86164665222168 -4.2570953369140625 -0.14612770080566406
-10.537038803100586 -3.8361988067626953 -0.1386246681213379
-9.969461441040039 -2.657716751098633 -0.16274547576904297
-9.918716430664062 -1.2372465133666992 -0.2004547119140625
-9.980548858642578 0.20446300506591797 -0.23520994186401367
-9.980579376220703 1.7972755432128906 -0.26969432830810547
-9.877424240112305 3.295103073120117 -0.28899383544921875
-10.168241500854492 4.5257568359375 -0.31237030029296875
-11.6881103515625 4.783119201660156 -0.28173828125
-13.13559341430664 4.966495513916016 -0.26334571838378906
-14.598421096801758 5.186927795410156 -0.255678653717041

2
29.91242218017578 5.622943878173828 -0.4630565643310547
29.73291778564453 6.011308670043945 -0.4565739631652832
29.615589141845703 6.4959564208984375 -0.44225072860717773
29.48006820678711 6.9846649169921875 -0.4501781463623047
29.501453399658203 7.821506500244141 -0.4533390998840332
29.4969482421875 8.203084945678711 -0.44646787643432617
29.464595794677734 8.533163070678711 -0.4486541748046875
29.52133560180664 9.128524780273438 -0.44075441360473633
29.498886108398438 9.590093612670898 -0.4361848831176758
29.489917755126953 9.990150451660156 -0.42574357986450195
29.52741241455078 10.562051773071289 -0.42733192443847656
29.497337341308594 11.083406448364258 -0.44176340103149414
29.468303680419922 11.562808990478516 -0.4461183547973633
29.41632080078125 12.005144119262695 -0.45247697830200195
29.368473052978516 12.433290481567383 -0.48102855682373047
29.38233184814453 12.907987594604492 -0.48926258087158203
29.39455795288086 13.442037582397461 -0.4921870231628418
29.427654266357422 13.924531936645508 -0.4962444305419922
29.50484848022461 14.448898315429688 -0.49718427658081055
29.4814453125 14.802433013916016 -0.5051078796386719

