1
-24.26762580871582 9.627752304077148 -0.24314546585083008
-25.211288452148438 8.196863174438477 -0.23600101470947266
-26.194049835205078 6.967838287353516 -0.23856592178344727
-26.945287704467773 5.488956451416016 -0.24070405960083008
-26.08448028564453 5.066900253295898 -0.23073768615722656
-24.553308486938477 5.084766387939453 -0.22815752029418945
-22.826616287231445 5.057817459106445 -0.2308955192565918
-21.184856414794922 5.079349517822266 -0.23098993301391602
-19.52682876586914 5.0410919189453125 -0.24433279037475586
-17.89212417602539 4.997381210327148 -0.24187326431274414
-16.322063446044922 4.911218643188477 -0.2353973388671875
-15.253454208374023 5.723442077636719 -0.24951648712158203
-15.304336547851562 7.388494491577148 -0.2766280174255371
-15.26341438293457 8.961456298828125 -0.29467201232910156
-16.084754943847656 9.725761413574219 -0.30170345306396484
-17.6529541015625 9.59616470336914 -0.28394222259521484
-19.224468231201172 9.703468322753906 -0.27384376525878906
-20.835493087768555 9.719018936157227 -0.2632417678833008
-22.657285690307617 9.695295333862305 -0.25342893600463867
-24.35858154296875 9.620733261108398 -0.24051618576049805

2
-24.154170989990234 -14.819165229797363 0.03537750244140625
-24.174224853515625 -14.022677421569824 0.021699905395507812
-24.219310760498047 -13.1613187789917 0.01013040542602539
-24.263858795166016 -12.240930557250977 -0.01530313491821289
-24.263072967529297 -11.497579574584961 -0.025632381439208984
-24.344955444335938 -10.50648307800293 -0.032172203063964844
-24.337121963500977 -9.669857025146484 -0.048009395599365234
-24.365280151367188 -8.796533584594727 -0.07099390029907227
-24.41779899597168 -7.961793422698975 -0.10106801986694336
-24.327354431152344 -7.085246562957764 -0.12402009963989258
-24.33504867553711 -6.298601150512695 -0.14815044403076172
-24.12310028076172 -5.511739730834961 -0.1624889373779297
-24.412052154541016 -4.628498077392578 -0.17242431640625
-24.83547019958496 -3.7874574661254883 -0.1811351776123047
-25.537487030029297 -3.125337600708008 -0.22039365768432617
-26.377241134643555 -2.8472557067871094 -0.23259830474853516
-27.21312713623047 -2.762155532836914 -0.21127843856811523
-28.09520721435547 -2.7364463806152344 -0.19840383529663086
-28.909183502197266 -2.7454967498779297 -0.20156526565551758
-29.83545684814453 -2.7500391006469727 -0.1985177993774414

2
-24.21956443786621 14.807899475097656 -0.2947101593017578
-24.221031188964844 14.11001968383789 -0.2983098030090332
-24.254539489746094 13.413215637207031 -0.29593515396118164
-24.219097137451172 12.614450454711914 -0.28392553329467773
-24.132396697998047 11.918846130371094 -0.27100563049316406
-24.178298950195312 11.158136367797852 -0.26526832580566406
-24.329439163208008 10.327396392822266 -0.25539302825927734
-24.230213165283203 9.627613067626953 -0.26235437393188477
-24.301830291748047 8.799562454223633 -0.2579078674316406
-24.306346893310547 7.949726104736328 -0.2744874954223633
-24.360431671142578 7.242431640625 -0.2707033157348633
-24.516891479492188 6.536460876464844 -0.269986629486084
-24.867427825927734 5.9144439697265625 -0.2511582374572754
-25.419021606445312 5.448041915893555 -0.24145174026489258
-26.034025192260742 5.092245101928711 -0.24225378036499023
-26.7685489654541 4.977350234985352 -0.23334646224975586
-27.514068603515625 4.995882034301758 -0.21440458297729492
-28.310461044311523 4.902570724487305 -0.20038604736328125
-29.046634674072266 4.958551406860352 -0.19989776611328125
-29.82538414001465 4.955333709716797 -0.2045578956604004

2
24.49004364013672 14.80313491821289 -0.41675662994384766
24.532554626464844 11.535171508789062 -0.41736650466918945
24.39932632446289 8.20121955871582 -0.39970922470092773
23.411731719970703 5.285436630249023 -0.46110105514526367
20.15133285522461 5.022575378417969 -0.44060516357421875
16.64694595336914 5.002920150756836 -0.43648624420166016
13.418315887451172 4.9962615966796875 -0.4190206527709961
10.167015075683594 5.036066055297852 -0.39530086517333984
6.877021789550781 5.058170318603516 -0.37744951248168945
3.619396209716797 5.104713439941406 -0.36075448989868164
0.44951629638671875 5.117145538330078 -0.3599576950073242
-2.851858139038086 5.090021133422852 -0.3679537773132324
-6.31236457824707 5.034915924072266 -0.38463592529296875
-9.525333404541016 4.931966781616211 -0.3530454635620117
-11.400419235229492 3.3414840698242188 -0.302243709564209
-14.376286506652832 3.613037109375 -0.27378225326538086
-16.884960174560547 6.078359603881836 -0.32871007919311523
-16.177852630615234 8.390525817871094 -0.33559751510620117
-15.822310447692871 11.567428588867188 -0.40421628952026367
-15.728485107421875 14.800300598144531 -0.42188072204589844

2
29.828166961669922 -2.70626163482666 -0.42330026626586914
26.981929779052734 -2.678473472595215 -0.3908987045288086
24.08484649658203 -2.677870750427246 -0.3871598243713379
21.08700180053711 -2.658557891845703 -0.36749982833862305
18.12866973876953 -2.6598520278930664 -0.349337100982666
15.100666046142578 -2.6910886764526367 -0.3402538299560547
12.164073944091797 -2.69073486328125 -0.32980918884277344
9.099239349365234 -2.689952850341797 -0.3128528594970703
6.098117828369141 -2.673708915710449 -0.3010749816894531
3.0886993408203125 -2.686051368713379 -0.2909517288208008
0.1645050048828125 -2.68392276763916 -0.2857627868652344
-2.8864822387695312 -2.6800174713134766 -0.27609729766845703
-5.846702575683594 -2.69155216217041 -0.27968692779541016
-8.834470748901367 -2.6379594802856445 -0.2829403877258301
-11.991762161254883 -2.633197784423828 -0.29364681243896484
-14.678884506225586 -3.3140993118286133 -0.22031354904174805
-15.969771385192871 -5.872550964355469 -0.181976318359375
-15.962156295776367 -8.967662811279297 -0.08911991119384766
-15.969233512878418 -11.854781150817871 -0.0023736953735351562
-15.971026420593262 -14.810236930847168 0.08150243759155273

1
-25.420555114746094 -8.912016868591309 0.0306396484375
-23.878047943115234 -8.863275527954102 0.022676467895507812
-22.133956909179688 -8.858439445495605 0.018602371215820312
-20.51837158203125 -8.865705490112305 0.01600933074951172
-18.898483276367188 -8.892438888549805 0.011013984680175781
-17.34779930114746 -8.848503112792969 0.0023355484008789062
-15.68022346496582 -8.873573303222656 -0.005545616149902344
-14.850976943969727 -7.84099817276001 -0.04859590530395508
-14.506584167480469 -6.188047409057617 -0.11245536804199219
-14.335723876953125 -4.613381385803223 -0.1578226089477539
-15.38027572631836 -4.178767204284668 -0.15737485885620117
-16.999807357788086 -4.182856559753418 -0.15793895721435547
-18.634063720703125 -4.221357345581055 -0.15586233139038086
-20.441455841064453 -4.268985748291016 -0.1488943099975586
-22.048389434814453 -4.313039779663086 -0.1457204818725586
-23.77662467956543 -4.267900466918945 -0.14439916610717773
-25.448820114135742 -4.294897079467773 -0.12702369689941406
-25.632129669189453 -5.6179914474487305 -0.07895135879516602
-25.411758422851562 -7.178969860076904 -0.016341209411621094
-25.368709564208984 -8.844369888305664 0.05697822570800781

1
-24.234481811523438 8.19137191772461 -0.2511634826660156
-26.30953598022461 7.622550964355469 -0.19895172119140625
-27.828004837036133 7.262041091918945 -0.13797616958618164
-28.732444763183594 6.57513427734375 -0.08703947067260742
-28.808237075805664 4.728004455566406 -0.06838178634643555
-28.936763763427734 2.8166656494140625 -0.06076812744140625
-28.907657623291016 1.09051513671875 -0.059916019439697266
-28.96918487548828 -0.5686883926391602 -0.05077362060546875
-28.844463348388672 -2.4291906356811523 -0.06821346282958984
-28.565481185913086 -4.288006782531738 -0.06476402282714844
-27.468505859375 -4.5752410888671875 -0.09300661087036133
-25.647321701049805 -4.827579498291016 -0.13438940048217773
-24.589557647705078 -4.527113914489746 -0.16139507293701172
-24.424758911132812 -2.736098289489746 -0.18863677978515625
-24.452091217041016 -0.8609724044799805 -0.19628334045410156
-24.557119369506836 0.8979625701904297 -0.20429754257202148
-24.336124420166016 2.7481040954589844 -0.2253875732421875
-24.382164001464844 4.562229156494141 -0.23726940155029297
-24.155481338500977 6.338068008422852 -0.25817108154296875
-24.3347225189209 8.142946243286133 -0.277616024017334

2
29.891456604003906 5.391071319580078 -0.47647905349731445
29.58728790283203 5.581846237182617 -0.4617733955383301
29.348655700683594 5.894004821777344 -0.4387359619140625
29.20602798461914 6.362251281738281 -0.4493436813354492
29.03589630126953 7.022905349731445 -0.435758113861084
29.0294189453125 7.795127868652344 -0.42319345474243164
29.033004760742188 8.315229415893555 -0.41687774658203125
29.074981689453125 8.769559860229492 -0.41009044647216797
29.050739288330078 9.23314094543457 -0.4100613594055176
29.01150894165039 9.657901763916016 -0.4080677032470703
29.032474517822266 10.250959396362305 -0.40934324264526367
29.112911224365234 10.899198532104492 -0.42202186584472656
29.038864135742188 11.423015594482422 -0.4247593879699707
28.995677947998047 11.871578216552734 -0.42720508575439453
28.95987319946289 12.37580680847168 -0.4512672424316406
29.010013580322266 12.82044792175293 -0.4595661163330078
28.990840911865234 13.366022109985352 -0.4633035659790039
29.098472595214844 13.867849349975586 -0.4568042755126953
29.169849395751953 14.376615524291992 -0.4678688049316406
29.09259796142578 14.818696975708008 -0.465118408203125

1
-15.031473159790039 5.196592330932617 -0.2414865493774414
-15.05256462097168 3.617128372192383 -0.2299518585205078
-15.183225631713867 2.0732994079589844 -0.2141270637512207
-15.158222198486328 0.6751174926757812 -0.18504714965820312
-15.177902221679688 -0.93853759765625 -0.1829986572265625
-15.129474639892578 -2.3690881729125977 -0.16917037963867188
-15.091504096984863 -3.8314104080200195 -0.1403660774230957
-15.134825706481934 -5.251229286193848 -0.1358804702758789
-13.630207061767578 -4.72648811340332 -0.1405034065246582
-12.225383758544922 -4.256648063659668 -0.1519637107849121
-10.910226821899414 -3.865680694580078 -0.13979291915893555
-10.330036163330078 -2.6783323287963867 -0.16304922103881836
-10.32366943359375 -1.2355594635009766 -0.20107412338256836
-10.337884902954102 0.21881866455078125 -0.2365269660949707
-10.360919952392578 1.7927284240722656 -0.27286529541015625
-10.310087203979492 3.2219886779785156 -0.2960476875305176
-10.599649429321289 4.469873428344727 -0.3195009231567383
-12.136690139770508 4.712854385375977 -0.28635692596435547
-13.542306900024414 4.877592086791992 -0.26697397232055664
-15.034880638122559 5.134590148925781 -0.26159048080444336

