1
-24.59939956665039 9.536931991577148 -0.23885536193847656
-25.47893524169922 8.123865127563477 -0.23893213272094727
-26.44219970703125 6.926717758178711 -0.23661565780639648
-27.218345642089844 5.43463134765625 -0.2418041229248047
-26.331457138061523 5.064054489135742 -0.23151302337646484
-24.90606689453125 5.044628143310547 -0.2296304702758789
-23.265531539916992 5.024463653564453 -0.23270177841186523
-21.67908477783203 5.0486602783203125 -0.22772550582885742
-19.982532501220703 4.995065689086914 -0.24393272399902344
-18.302425384521484 4.967428207397461 -0.2438678741455078
-16.785396575927734 4.884546279907227 -0.23209285736083984
-15.71378231048584 5.68797492980957 -0.2470250129699707
-15.70334529876709 7.333866119384766 -0.2723202705383301
-15.591981887817383 8.897699356079102 -0.29111433029174805
-16.474834442138672 9.582155227661133 -0.2969083786010742
-18.00374412536621 9.580972671508789 -0.28223705291748047
-19.644962310791016 9.624320983886719 -0.2718162536621094
-21.164182662963867 9.691011428833008 -0.2602729797363281
-22.996379852294922 9.699121475219727 -0.25199174880981445
-24.683950424194336 9.601869583129883 -0.23366498947143555

2
-24.628128051757812 -14.803199768066406 0.017012596130371094
-24.67095184326172 -14.03050708770752 0.0108489990234375
-24.677356719970703 -13.211143493652344 -0.0031766891479492188
-24.698322296142578 -12.315713882446289 -0.031165122985839844
-24.71768569946289 -11.613775253295898 -0.03727865219116211
-24.775089263916016 -10.614217758178711 -0.04539012908935547
-24.790096282958984 -9.767383575439453 -0.061159610748291016
-24.751068115234375 -8.94583511352539 -0.081146240234375
-24.831552505493164 -8.122886657714844 -0.10247564315795898
-24.775571823120117 -7.305328845977783 -0.12648534774780273
-24.69795799255371 -6.518830299377441 -0.14913415908813477
-24.500057220458984 -5.720856666564941 -0.15883445739746094
-24.609451293945312 -4.850680351257324 -0.1768507957458496
-25.077667236328125 -3.9843339920043945 -0.18384361267089844
-25.71707534790039 -3.2704696655273438 -0.2261662483215332
-26.461143493652344 -2.929533004760742 -0.2365255355834961
-27.269315719604492 -2.8013906478881836 -0.21625137329101562
-28.143930435180664 -2.7523021697998047 -0.20191478729248047
-28.935535430908203 -2.7608299255371094 -0.20434141159057617
-29.82693862915039 -2.776386260986328 -0.20160818099975586

2
-24.698139190673828 14.807022094726562 -0.2915525436401367
-24.60921287536621 14.133575439453125 -0.2904219627380371
-24.548633575439453 13.447866439819336 -0.28960466384887695
-24.580608367919922 12.68156623840332 -0.2791786193847656
-24.499042510986328 11.949758529663086 -0.265749454498291
-24.491914749145508 11.22307014465332 -0.25684547424316406
-24.62677001953125 10.39695930480957 -0.24895238876342773
-24.562625885009766 9.741374969482422 -0.257296085357666
-24.616708755493164 8.922630310058594 -0.25345849990844727
-24.640296936035156 8.116695404052734 -0.2690706253051758
-24.625688552856445 7.419715881347656 -0.2666902542114258
-24.771060943603516 6.727357864379883 -0.26886796951293945
-25.040910720825195 6.006437301635742 -0.2559328079223633
-25.539188385009766 5.493597030639648 -0.24447393417358398
-26.111492156982422 5.103672027587891 -0.24270868301391602
-26.814481735229492 4.982486724853516 -0.23642969131469727
-27.540922164916992 4.9733123779296875 -0.21929931640625
-28.345096588134766 4.847160339355469 -0.20724105834960938
-29.063087463378906 4.9067840576171875 -0.20708847045898438
-29.822994232177734 4.9156494140625 -0.20961427688598633

2
23.923831939697266 14.799715042114258 -0.4132075309753418
23.673553466796875 11.494121551513672 -0.41294288635253906
23.77497100830078 8.244487762451172 -0.39284229278564453
22.878143310546875 5.332191467285156 -0.46684932708740234
19.64171600341797 5.076698303222656 -0.4438462257385254
16.10973358154297 5.022113800048828 -0.4357328414916992
12.898719787597656 5.01905632019043 -0.4158787727355957
9.663543701171875 5.03795051574707 -0.3921322822570801
6.350837707519531 5.0683441162109375 -0.3741178512573242
3.163066864013672 5.113834381103516 -0.3536810874938965
-0.11513137817382812 5.133350372314453 -0.3495974540710449
-3.3686046600341797 5.109066009521484 -0.36310625076293945
-6.729312896728516 5.060161590576172 -0.3798179626464844
-9.92800521850586 4.923883438110352 -0.3466339111328125
-11.830818176269531 3.2830734252929688 -0.29833507537841797
-14.879103660583496 3.5608158111572266 -0.2676987648010254
-17.291000366210938 6.101518630981445 -0.32393789291381836
-16.514976501464844 8.372194290161133 -0.3296694755554199
-16.2078800201416 11.531248092651367 -0.39471912384033203
-16.240842819213867 14.79859733581543 -0.405181884765625

2
29.826374053955078 -2.6876468658447266 -0.4293179512023926
26.95340347290039 -2.6625804901123047 -0.3962545394897461
24.04083251953125 -2.664997100830078 -0.39174842834472656
21.025596618652344 -2.6490707397460938 -0.37082481384277344
18.047122955322266 -2.6509361267089844 -0.3536405563354492
15.0098876953125 -2.6754493713378906 -0.343747615814209
12.049659729003906 -2.680239677429199 -0.3317379951477051
8.974369049072266 -2.679324150085449 -0.3145318031311035
5.9868316650390625 -2.6645898818969727 -0.3018808364868164
2.9270248413085938 -2.6729679107666016 -0.29173851013183594
-0.0336151123046875 -2.6806716918945312 -0.2863593101501465
-3.1195526123046875 -2.6756839752197266 -0.27721166610717773
-6.095582962036133 -2.7030105590820312 -0.28098106384277344
-9.151876449584961 -2.6641359329223633 -0.28412580490112305
-12.289289474487305 -2.660658836364746 -0.29794931411743164
-15.040107727050781 -3.256218910217285 -0.22839689254760742
-16.429508209228516 -5.78926944732666 -0.18598270416259766
-16.383434295654297 -8.927022933959961 -0.0968480110168457
-16.328933715820312 -11.842141151428223 -0.011836528778076172
-16.273710250854492 -14.809337615966797 0.07379770278930664

1
-25.769145965576172 -8.993904113769531 0.018998146057128906
-24.316679000854492 -8.901402473449707 0.005876064300537109
-22.54291343688965 -8.94233512878418 0.0028824806213378906
-20.959693908691406 -8.908259391784668 0.0014448165893554688
-19.281566619873047 -8.90744400024414 0.0011987686157226562
-17.78142547607422 -8.877155303955078 -0.007252216339111328
-16.170766830444336 -8.901400566101074 -0.01396322250366211
-15.33156681060791 -7.915538787841797 -0.056971073150634766
-14.994210243225098 -6.206011772155762 -0.12334537506103516
-14.808799743652344 -4.652843475341797 -0.16311931610107422
-15.902090072631836 -4.208864212036133 -0.1607985496520996
-17.476390838623047 -4.242863655090332 -0.16389179229736328
-19.04351043701172 -4.254358291625977 -0.15798187255859375
-20.928741455078125 -4.290569305419922 -0.15355539321899414
-22.589860916137695 -4.341435432434082 -0.14889955520629883
-24.263927459716797 -4.308191299438477 -0.14848089218139648
-25.837631225585938 -4.324214935302734 -0.1313786506652832
-26.007320404052734 -5.655719757080078 -0.08452939987182617
-25.797374725341797 -7.257936954498291 -0.023781299591064453
-25.736961364746094 -8.97789192199707 0.0545964241027832

2
29.867698669433594 5.273563385009766 -0.48410463333129883
29.503597259521484 5.422460556030273 -0.47316503524780273
29.20014190673828 5.640932083129883 -0.44938039779663086
28.893959045410156 5.982563018798828 -0.46233463287353516
28.736103057861328 6.655069351196289 -0.4408845901489258
28.648334503173828 7.391582489013672 -0.4244518280029297
28.652542114257812 8.043558120727539 -0.4175081253051758
28.614559173583984 8.49363899230957 -0.4039483070373535
28.678192138671875 9.057300567626953 -0.4049806594848633
28.677623748779297 9.480335235595703 -0.40560436248779297
28.625926971435547 10.064977645874023 -0.406644344329834
28.70855712890625 10.612417221069336 -0.4132237434387207
28.64849853515625 11.214052200317383 -0.41628551483154297
28.63768768310547 11.686761856079102 -0.41649818420410156
28.601367950439453 12.216833114624023 -0.43256711959838867
28.610618591308594 12.736480712890625 -0.4414067268371582
28.634971618652344 13.29931640625 -0.45269250869750977
28.66730499267578 13.784456253051758 -0.445615291595459
28.780548095703125 14.320394515991211 -0.4589724540710449
28.617958068847656 14.814680099487305 -0.44701290130615234

1
-15.539322853088379 5.129814147949219 -0.23962783813476562
-15.49552059173584 3.5853023529052734 -0.22763395309448242
-15.628608703613281 2.0407638549804688 -0.2138500213623047
-15.624211311340332 0.5952520370483398 -0.18469476699829102
-15.613873481750488 -0.9347105026245117 -0.18458318710327148
-15.550724983215332 -2.4139328002929688 -0.1700596809387207
-15.607534408569336 -3.9210853576660156 -0.14345502853393555
-15.593908309936523 -5.284598350524902 -0.14246082305908203
-14.087593078613281 -4.730978965759277 -0.1459026336669922
-12.617849349975586 -4.24769401550293 -0.1571331024169922
-11.37088394165039 -3.9062862396240234 -0.14277410507202148
-10.757989883422852 -2.687497138977051 -0.16449594497680664
-10.731561660766602 -1.246969223022461 -0.2010340690612793
-10.732269287109375 0.2166738510131836 -0.23757553100585938
-10.788211822509766 1.7136116027832031 -0.2740135192871094
-10.719718933105469 3.199941635131836 -0.29518985748291016
-11.001331329345703 4.460458755493164 -0.3195939064025879
-12.591512680053711 4.653148651123047 -0.28928327560424805
-13.986455917358398 4.830095291137695 -0.2668604850769043
-15.52903938293457 5.094135284423828 -0.26151084899902344

1
-24.4624080657959 8.16923713684082 -0.2541079521179199
-26.525989532470703 7.65496826171875 -0.2094407081604004
-28.047279357910156 7.198604583740234 -0.14779090881347656
-28.88304901123047 6.413015365600586 -0.0946354866027832
-28.937267303466797 4.718727111816406 -0.071746826171875
-29.0303955078125 2.8169498443603516 -0.06917810440063477
-29.006210327148438 1.0316448211669922 -0.0626835823059082
-29.06454849243164 -0.6033954620361328 -0.05549478530883789
-28.940187454223633 -2.480205535888672 -0.07065629959106445
-28.67156982421875 -4.300393104553223 -0.06478643417358398
-27.65886688232422 -4.619804382324219 -0.09592723846435547
-25.87021827697754 -4.885031700134277 -0.1375288963317871
-24.969402313232422 -4.572278022766113 -0.16027259826660156
-24.660015106201172 -2.8366289138793945 -0.19034433364868164
-24.72141456604004 -0.8950920104980469 -0.20022344589233398
-24.83316993713379 0.7860355377197266 -0.2073979377746582
-24.559083938598633 2.7082672119140625 -0.22816228866577148
-24.641149520874023 4.474262237548828 -0.2404637336730957
-24.47739601135254 6.2637481689453125 -0.26134204864501953
-24.62803840637207 8.12270736694336 -0.27826738357543945

