1
-25.177616119384766 9.645782470703125 -0.24007654190063477
-26.00399398803711 8.18299674987793 -0.24378299713134766
-27.142253875732422 6.894872665405273 -0.24518203735351562
-27.695056915283203 5.436918258666992 -0.24896669387817383
-26.851449966430664 5.061651229858398 -0.23978137969970703
-25.432558059692383 5.048200607299805 -0.23904991149902344
-23.95105743408203 5.050352096557617 -0.23928117752075195
-22.260093688964844 5.0471038818359375 -0.23229217529296875
-20.648601531982422 5.031721115112305 -0.24837541580200195
-18.873498916625977 5.000926971435547 -0.24666500091552734
-17.433048248291016 4.895839691162109 -0.23429441452026367
-16.191791534423828 5.677175521850586 -0.2503218650817871
-16.2111759185791 7.426570892333984 -0.2761116027832031
-16.122629165649414 8.908458709716797 -0.29470062255859375
-16.99655532836914 9.510311126708984 -0.2975592613220215
-18.58089256286621 9.62098503112793 -0.2842521667480469
-20.133811950683594 9.61802864074707 -0.27512359619140625
-21.811147689819336 9.644105911254883 -0.26018524169921875
-23.501365661621094 9.692224502563477 -0.2550802230834961
-25.2066650390625 9.692510604858398 -0.2344961166381836

2
-25.17253875732422 -14.79075813293457 0.0025577545166015625
-25.1262149810791 -14.02949333190918 -0.005456447601318359
-25.215900421142578 -13.249818801879883 -0.019870281219482422
-25.228904724121094 -12.440374374389648 -0.04616737365722656
-25.157569885253906 -11.679023742675781 -0.05578947067260742
-25.226211547851562 -10.747063636779785 -0.06616878509521484
-25.264427185058594 -9.911117553710938 -0.07679891586303711
-25.2259521484375 -9.094198226928711 -0.09220027923583984
-25.291133880615234 -8.379705429077148 -0.1092524528503418
-25.188980102539062 -7.546288967132568 -0.12922430038452148
-25.126352310180664 -6.743871688842773 -0.1552128791809082
-24.950252532958984 -6.032238960266113 -0.1671581268310547
-24.958438873291016 -5.148967742919922 -0.18560218811035156
-25.390544891357422 -4.253314018249512 -0.19833087921142578
-25.916654586791992 -3.5299558639526367 -0.23624467849731445
-26.634775161743164 -3.0827865600585938 -0.2541794776916504
-27.354984283447266 -2.8962554931640625 -0.2351517677307129
-28.208391189575195 -2.8027286529541016 -0.22039175033569336
-28.963838577270508 -2.807615280151367 -0.22401094436645508
-29.819849014282227 -2.8020849227905273 -0.2211594581604004

2
-25.28775405883789 14.802453994750977 -0.2903914451599121
-25.156251907348633 14.170141220092773 -0.28695249557495117
-25.120195388793945 13.4967041015625 -0.2852778434753418
-25.152973175048828 12.73008918762207 -0.27772951126098633
-25.181930541992188 12.08534049987793 -0.26635026931762695
-25.084754943847656 11.372995376586914 -0.2527198791503906
-25.169536590576172 10.570722579956055 -0.24709606170654297
-25.14857292175293 9.984477996826172 -0.26025390625
-25.189868927001953 9.184650421142578 -0.2539820671081543
-25.286396026611328 8.532304763793945 -0.26319169998168945
-25.161392211914062 7.810846328735352 -0.271207332611084
-25.417320251464844 7.148597717285156 -0.27005767822265625
-25.570890426635742 6.478282928466797 -0.2653989791870117
-25.852354049682617 5.9098663330078125 -0.2592134475708008
-26.35059356689453 5.302158355712891 -0.25557565689086914
-27.018321990966797 5.088735580444336 -0.25227832794189453
-27.672609329223633 5.0182952880859375 -0.23907184600830078
-28.42384910583496 4.869325637817383 -0.22467851638793945
-29.08641815185547 4.889873504638672 -0.22308683395385742
-29.809768676757812 4.884063720703125 -0.22689390182495117

2
23.398822784423828 14.79831314086914 -0.3881826400756836
23.14947509765625 11.513862609863281 -0.39123058319091797
23.157821655273438 8.245706558227539 -0.37232351303100586
22.44347381591797 5.350852966308594 -0.4515976905822754
19.314624786376953 5.095668792724609 -0.4295811653137207
15.660354614257812 5.019428253173828 -0.4244046211242676
12.373558044433594 5.017364501953125 -0.4052090644836426
9.215694427490234 5.0317840576171875 -0.3840508460998535
5.847400665283203 5.081613540649414 -0.3700385093688965
2.673797607421875 5.129940032958984 -0.34980297088623047
-0.6480064392089844 5.150856018066406 -0.3474869728088379
-3.901702880859375 5.122150421142578 -0.3631100654602051
-7.235969543457031 5.06004524230957 -0.38349008560180664
-10.470483779907227 4.940704345703125 -0.3507814407348633
-12.315689086914062 3.294891357421875 -0.3040437698364258
-15.435321807861328 3.568014144897461 -0.2756524085998535
-17.823474884033203 6.100711822509766 -0.33072710037231445
-16.99108123779297 8.352079391479492 -0.32961177825927734
-16.800640106201172 11.481756210327148 -0.4040999412536621
-16.841663360595703 14.804985046386719 -0.41299009323120117

2
29.828678131103516 -2.6635189056396484 -0.4268217086791992
26.914112091064453 -2.644303321838379 -0.39661073684692383
23.972824096679688 -2.649683952331543 -0.3900909423828125
20.932231903076172 -2.6414432525634766 -0.3702397346496582
17.914813995361328 -2.641794204711914 -0.35454845428466797
14.870559692382812 -2.6634445190429688 -0.3443164825439453
11.871585845947266 -2.6752748489379883 -0.3316922187805176
8.757644653320312 -2.6665420532226562 -0.314361572265625
5.746006011962891 -2.660310745239258 -0.30199146270751953
2.6929969787597656 -2.6765880584716797 -0.2940945625305176
-0.29366111755371094 -2.6859607696533203 -0.28824377059936523
-3.3590869903564453 -2.684154510498047 -0.2793560028076172
-6.339611053466797 -2.723173141479492 -0.2846250534057617
-9.456077575683594 -2.6959686279296875 -0.2895774841308594
-12.584589004516602 -2.684568405151367 -0.30474853515625
-15.452649116516113 -3.2261857986450195 -0.23932313919067383
-16.869216918945312 -5.730556488037109 -0.1972956657409668
-16.89847183227539 -8.800190925598145 -0.11038780212402344
-16.86337661743164 -11.844367980957031 -0.028365612030029297
-17.100908279418945 -14.812677383422852 0.05512428283691406

2
29.84166717529297 5.207632064819336 -0.4816584587097168
29.382972717285156 5.27342414855957 -0.4743480682373047
28.961444854736328 5.417795181274414 -0.4522433280944824
28.480701446533203 5.68348503112793 -0.4558525085449219
28.231670379638672 6.18733024597168 -0.4385213851928711
27.950576782226562 6.820322036743164 -0.4162874221801758
27.873924255371094 7.538715362548828 -0.39908885955810547
27.893413543701172 8.154787063598633 -0.38491010665893555
27.910682678222656 8.622884750366211 -0.3842477798461914
27.953826904296875 9.188249588012695 -0.38460636138916016
27.942134857177734 9.743938446044922 -0.3851633071899414
27.959369659423828 10.266521453857422 -0.3873462677001953
28.02649688720703 10.958080291748047 -0.3914475440979004
27.928546905517578 11.482446670532227 -0.3934664726257324
27.940780639648438 12.046361923217773 -0.4030914306640625
27.944515228271484 12.495603561401367 -0.4059748649597168
27.984512329101562 13.141897201538086 -0.4197816848754883
28.078285217285156 13.686491012573242 -0.41690540313720703
28.204242706298828 14.280868530273438 -0.42423057556152344
27.943553924560547 14.822257995605469 -0.4126896858215332

1
-26.232707977294922 -9.021140098571777 0.0008640289306640625
-24.725919723510742 -8.937705993652344 -0.015675067901611328
-23.069547653198242 -8.97833251953125 -0.01714801788330078
-21.40178108215332 -8.947681427001953 -0.014330387115478516
-19.734973907470703 -8.900577545166016 -0.015308856964111328
-18.251678466796875 -8.909517288208008 -0.019548416137695312
-16.702880859375 -8.896297454833984 -0.028643131256103516
-15.79980754852295 -7.8941802978515625 -0.06892776489257812
-15.50201416015625 -6.21269416809082 -0.1351184844970703
-15.28369426727295 -4.611172676086426 -0.1758413314819336
-16.35849952697754 -4.207365989685059 -0.17194032669067383
-18.01399040222168 -4.256233215332031 -0.17365407943725586
-19.50406837463379 -4.258236885070801 -0.16936302185058594
-21.48543357849121 -4.302013397216797 -0.1644124984741211
-23.10638427734375 -4.372674942016602 -0.16057586669921875
-24.81020736694336 -4.331395149230957 -0.15839862823486328
-26.264787673950195 -4.390801429748535 -0.14510345458984375
-26.432445526123047 -5.726366996765137 -0.10086345672607422
-26.24628448486328 -7.286959171295166 -0.03886985778808594
-26.215473175048828 -9.02247142791748 0.036754608154296875

1
-16.112586975097656 5.179908752441406 -0.24024295806884766
-16.097583770751953 3.6544227600097656 -0.2292008399963379
-16.180397033691406 2.0962963104248047 -0.21654748916625977
-16.185462951660156 0.5809650421142578 -0.18897151947021484
-16.075733184814453 -0.9013290405273438 -0.19040775299072266
-16.095890045166016 -2.430906295776367 -0.1771864891052246
-16.14255714416504 -3.9154272079467773 -0.15349960327148438
-16.146968841552734 -5.289637565612793 -0.15308094024658203
-14.534660339355469 -4.748856544494629 -0.1532754898071289
-13.139053344726562 -4.267675399780273 -0.16254949569702148
-11.798736572265625 -3.9145984649658203 -0.15007686614990234
-11.262571334838867 -2.7032556533813477 -0.1720881462097168
-11.275806427001953 -1.2641983032226562 -0.20395898818969727
-11.31683349609375 0.21105003356933594 -0.24054479598999023
-11.407230377197266 1.704050064086914 -0.2775421142578125
-11.352270126342773 3.2075119018554688 -0.2987375259399414
-11.621536254882812 4.472604751586914 -0.3185715675354004
-13.132692337036133 4.699512481689453 -0.2910733222961426
-14.553004264831543 4.888519287109375 -0.27052927017211914
-16.03424835205078 5.115720748901367 -0.26462888717651367

1
-29.665006637573242 -4.327247619628906 -0.12404489517211914
-28.619834899902344 -4.526972770690918 -0.13976240158081055
-27.298004150390625 -4.584896087646484 -0.14937639236450195
-26.593120574951172 -4.811885833740234 -0.16213321685791016
-25.803783416748047 -4.567844390869141 -0.1834263801574707
-25.459232330322266 -3.561107635498047 -0.19275760650634766
-25.498470306396484 -2.3093395233154297 -0.20017099380493164
-25.50341796875 -1.1572914123535156 -0.1942915916442871
-25.40325927734375 0.034689903259277344 -0.20607709884643555
-25.58222198486328 1.025522232055664 -0.21704626083374023
-25.566709518432617 2.267518997192383 -0.22765588760375977
-25.318403244018555 3.413522720336914 -0.22504234313964844
-25.38678741455078 4.701770782470703 -0.22550678253173828
-25.589996337890625 6.124298095703125 -0.2346634864807129
-25.6485595703125 7.014625549316406 -0.22890710830688477
-25.602794647216797 7.7327880859375 -0.2035064697265625
-26.14682388305664 7.996614456176758 -0.20036983489990234
-27.317426681518555 7.471567153930664 -0.17689180374145508
-28.396259307861328 7.16334342956543 -0.13942670822143555
-29.841773986816406 6.99390983581543 -0.08630084991455078

