1
-25.675106048583984 9.612924575805664 -0.258603572845459
-26.522809982299805 8.259990692138672 -0.2631354331970215
-27.668779373168945 6.883932113647461 -0.2662968635559082
-28.047719955444336 5.35801887512207 -0.26363039016723633
-27.172195434570312 5.050407409667969 -0.26021289825439453
-25.904163360595703 4.996721267700195 -0.2601809501647949
-24.415111541748047 4.987636566162109 -0.2575678825378418
-22.89226531982422 5.002838134765625 -0.25368261337280273
-21.223464965820312 4.9864349365234375 -0.2656526565551758
-19.47906494140625 4.983175277709961 -0.26220273971557617
-18.08010482788086 4.941827774047852 -0.25266122817993164
-16.83933448791504 5.638538360595703 -0.2668294906616211
-16.83663558959961 7.460630416870117 -0.29988861083984375
-16.792247772216797 8.926586151123047 -0.3134884834289551
-17.589263916015625 9.549591064453125 -0.31292200088500977
-19.187286376953125 9.643705368041992 -0.30484628677368164
-20.696880340576172 9.647453308105469 -0.30049753189086914
-22.48392105102539 9.545112609863281 -0.28295087814331055
-24.23038101196289 9.55879020690918 -0.2777109146118164
-25.6472225189209 9.655942916870117 -0.25012826919555664

2
-25.723072052001953 -14.800195693969727 -0.01940441131591797
-25.65481185913086 -14.052928924560547 -0.031078338623046875
-25.813804626464844 -13.309380531311035 -0.03830862045288086
-25.83976173400879 -12.540197372436523 -0.0704808235168457
-25.770797729492188 -11.800773620605469 -0.08028364181518555
-25.847423553466797 -10.941001892089844 -0.09235286712646484
-25.845195770263672 -10.174686431884766 -0.10410642623901367
-25.796436309814453 -9.388880729675293 -0.11308145523071289
-25.840274810791016 -8.712333679199219 -0.12751483917236328
-25.8350830078125 -7.8669753074646 -0.14418935775756836
-25.715805053710938 -7.048059463500977 -0.17515850067138672
-25.712703704833984 -6.448080062866211 -0.1847066879272461
-25.62071418762207 -5.6603288650512695 -0.20473289489746094
-25.875484466552734 -4.704587936401367 -0.22412919998168945
-26.360126495361328 -4.005063056945801 -0.2518119812011719
-26.93367576599121 -3.384518623352051 -0.2792644500732422
-27.530498504638672 -3.038341522216797 -0.26825904846191406
-28.291221618652344 -2.8932762145996094 -0.2531161308288574
-28.99695587158203 -2.8735971450805664 -0.25709104537963867
-29.821918487548828 -2.825265884399414 -0.25248003005981445

2
-25.76622200012207 14.802583694458008 -0.30876731872558594
-25.683563232421875 14.196525573730469 -0.3084287643432617
-25.650836944580078 13.528743743896484 -0.2982354164123535
-25.708236694335938 12.82071304321289 -0.2887606620788574
-25.799373626708984 12.225397109985352 -0.2902545928955078
-25.75674819946289 11.526508331298828 -0.2698497772216797
-25.768718719482422 10.716148376464844 -0.26703786849975586
-25.73133659362793 10.192804336547852 -0.2810401916503906
-25.78567123413086 9.400047302246094 -0.2733883857727051
-25.850536346435547 8.677576065063477 -0.28189706802368164
-25.72699737548828 8.059860229492188 -0.28745126724243164
-25.895973205566406 7.480630874633789 -0.2891507148742676
-25.99594497680664 6.869924545288086 -0.2897305488586426
-26.194931030273438 6.220478057861328 -0.2844243049621582
-26.715991973876953 5.655054092407227 -0.28199100494384766
-27.215251922607422 5.181947708129883 -0.28342628479003906
-27.82976531982422 5.075321197509766 -0.2727518081665039
-28.511695861816406 4.8899383544921875 -0.2617506980895996
-29.096532821655273 4.879926681518555 -0.2550344467163086
-29.79564666748047 4.870634078979492 -0.26129674911499023

2
22.810100555419922 14.801713943481445 -0.3538656234741211
22.786972045898438 11.55374526977539 -0.3670511245727539
22.708805084228516 8.316017150878906 -0.3551497459411621
21.872825622558594 5.353994369506836 -0.42247629165649414
18.7698974609375 5.083162307739258 -0.4132809638977051
15.173698425292969 5.054647445678711 -0.41022491455078125
11.832996368408203 5.040363311767578 -0.39423465728759766
8.759265899658203 5.061296463012695 -0.37642812728881836
5.308204650878906 5.101650238037109 -0.3670368194580078
2.164661407470703 5.145502090454102 -0.35076379776000977
-1.211862564086914 5.143104553222656 -0.35272216796875
-4.40887451171875 5.104839324951172 -0.37083911895751953
-7.83831787109375 5.0369873046875 -0.38847780227661133
-11.066162109375 4.913053512573242 -0.36377906799316406
-12.858512878417969 3.2779979705810547 -0.3187222480773926
-16.04975128173828 3.5825271606445312 -0.29265403747558594
-18.401124954223633 6.081155776977539 -0.35117053985595703
-17.617538452148438 8.311290740966797 -0.3502364158630371
-17.428817749023438 11.533321380615234 -0.42952680587768555
-17.595626831054688 14.80842399597168 -0.4374861717224121

2
29.82857894897461 -2.6227846145629883 -0.3950047492980957
26.886276245117188 -2.607372283935547 -0.37179088592529297
23.902908325195312 -2.6056785583496094 -0.3645668029785156
20.843097686767578 -2.6046066284179688 -0.3499603271484375
17.794750213623047 -2.607367515563965 -0.33715248107910156
14.732086181640625 -2.6345129013061523 -0.33129310607910156
11.67913818359375 -2.65140438079834 -0.31986379623413086
8.564998626708984 -2.6496496200561523 -0.3065671920776367
5.539146423339844 -2.654994010925293 -0.2961149215698242
2.432659149169922 -2.6762914657592773 -0.29366016387939453
-0.5805568695068359 -2.6854448318481445 -0.29032135009765625
-3.6517601013183594 -2.6895570755004883 -0.2859768867492676
-6.749053955078125 -2.736720085144043 -0.29071664810180664
-9.847541809082031 -2.721970558166504 -0.30132150650024414
-12.92123031616211 -2.7177772521972656 -0.31891441345214844
-15.884378433227539 -3.1476526260375977 -0.26175975799560547
-17.393787384033203 -5.691097259521484 -0.21927976608276367
-17.487102508544922 -8.719857215881348 -0.13597536087036133
-17.33778953552246 -11.813743591308594 -0.05472087860107422
-17.524686813354492 -14.810388565063477 0.034865379333496094

2
29.82305908203125 5.1787567138671875 -0.4568791389465332
29.305992126464844 5.225624084472656 -0.45127391815185547
28.810848236083984 5.325351715087891 -0.4315457344055176
28.271183013916016 5.439260482788086 -0.42964601516723633
27.914783477783203 5.915565490722656 -0.41634225845336914
27.547218322753906 6.5452880859375 -0.4009056091308594
27.348167419433594 7.242149353027344 -0.3802652359008789
27.468841552734375 7.8613433837890625 -0.36493825912475586
27.455360412597656 8.413265228271484 -0.3617262840270996
27.535736083984375 8.970386505126953 -0.3556203842163086
27.52214813232422 9.59733772277832 -0.36116600036621094
27.553466796875 10.12928581237793 -0.36286401748657227
27.578144073486328 10.715953826904297 -0.36545562744140625
27.41961669921875 11.313709259033203 -0.3702225685119629
27.486865997314453 11.963129043579102 -0.3795289993286133
27.46353530883789 12.426639556884766 -0.3810920715332031
27.530136108398438 13.010713577270508 -0.3913254737854004
27.55755615234375 13.632856369018555 -0.3916645050048828
27.657455444335938 14.231170654296875 -0.3961143493652344
27.411544799804688 14.81582260131836 -0.39170408248901367

1
-26.911907196044922 -8.980518341064453 -0.041054725646972656
-25.297582626342773 -9.05460262298584 -0.052140235900878906
-23.698392868041992 -9.00243091583252 -0.05178117752075195
-22.010026931762695 -8.94665241241455 -0.04854536056518555
-20.32764434814453 -8.858453750610352 -0.04895162582397461
-18.839210510253906 -8.923271179199219 -0.04525423049926758
-17.19738006591797 -8.867332458496094 -0.056122779846191406
-16.476449966430664 -7.910014629364014 -0.0916285514831543
-16.136343002319336 -6.213988304138184 -0.15137481689453125
-15.821160316467285 -4.5789031982421875 -0.19102811813354492
-16.971492767333984 -4.22639274597168 -0.18736791610717773
-18.612857818603516 -4.2550048828125 -0.18864679336547852
-20.211517333984375 -4.274279594421387 -0.19141674041748047
-22.025104522705078 -4.364421844482422 -0.18644475936889648
-23.85906219482422 -4.376613616943359 -0.18313121795654297
-25.415088653564453 -4.389265060424805 -0.18282222747802734
-26.836687088012695 -4.4306440353393555 -0.18148183822631836
-27.067737579345703 -5.771903991699219 -0.13804101943969727
-26.84577751159668 -7.307127952575684 -0.069488525390625
-26.86450958251953 -9.051579475402832 -0.0016374588012695312

1
-16.59990692138672 5.0772247314453125 -0.2536787986755371
-16.60818099975586 3.5655555725097656 -0.2448720932006836
-16.65114974975586 2.044841766357422 -0.23476552963256836
-16.674476623535156 0.5481071472167969 -0.20416641235351562
-16.558032989501953 -0.9577102661132812 -0.20732593536376953
-16.59406280517578 -2.5223445892333984 -0.19133996963500977
-16.609848022460938 -3.908738136291504 -0.16742658615112305
-16.68048095703125 -5.267307281494141 -0.1649794578552246
-15.161881446838379 -4.775782585144043 -0.1667780876159668
-13.629587173461914 -4.315302848815918 -0.17659330368041992
-12.285282135009766 -3.899958610534668 -0.1646265983581543
-11.78546142578125 -2.708052635192871 -0.18604564666748047
-11.818784713745117 -1.2667436599731445 -0.2161717414855957
-11.897008895874023 0.1833019256591797 -0.2522702217102051
-11.914888381958008 1.6779041290283203 -0.2906312942504883
-11.934690475463867 3.168701171875 -0.31538867950439453
-12.078968048095703 4.409727096557617 -0.33499813079833984
-13.628841400146484 4.64610481262207 -0.3052635192871094
-15.07285213470459 4.843709945678711 -0.28389739990234375
-16.575153350830078 5.043025970458984 -0.27652692794799805

1
-29.640012741088867 -4.414394378662109 -0.14351272583007812
-28.618043899536133 -4.629964828491211 -0.16458654403686523
-27.29945182800293 -4.75489616394043 -0.18154239654541016
-26.62242889404297 -4.875909805297852 -0.18957233428955078
-26.10810089111328 -4.372620582580566 -0.21597003936767578
-25.985031127929688 -3.2531051635742188 -0.22006607055664062
-25.914634704589844 -2.182971954345703 -0.22721290588378906
-25.94737434387207 -1.1737842559814453 -0.2151627540588379
-25.900554656982422 -0.009875297546386719 -0.22789812088012695
-26.100305557250977 1.0224685668945312 -0.2349381446838379
-25.946367263793945 2.298574447631836 -0.25096940994262695
-25.68081283569336 3.2938919067382812 -0.24782848358154297
-25.690399169921875 4.487449645996094 -0.24629497528076172
-25.8018741607666 5.696510314941406 -0.25784873962402344
-25.98000144958496 6.739994049072266 -0.2660698890686035
-26.001453399658203 7.64372444152832 -0.24828481674194336
-26.323631286621094 8.046754837036133 -0.240875244140625
-27.369932174682617 7.640605926513672 -0.22550249099731445
-28.331188201904297 7.365507125854492 -0.17869329452514648
-29.825685501098633 7.103185653686523 -0.13303089141845703

