1
7.139095306396484 -4.904522895812988 -0.28214073181152344
7.208213806152344 -3.2522363662719727 -0.28504514694213867
7.308750152587891 -1.6165800094604492 -0.2908358573913574
7.385570526123047 -0.005970001220703125 -0.29259586334228516
7.444782257080078 1.6227302551269531 -0.29730844497680664
7.492282867431641 3.209096908569336 -0.31124305725097656
7.5840301513671875 4.812656402587891 -0.31653451919555664
7.390800476074219 6.135715484619141 -0.32334089279174805
5.618030548095703 6.232532501220703 -0.28206348419189453
3.9879226684570312 6.411365509033203 -0.24692726135253906
2.9420852661132812 5.98121452331543 -0.22051525115966797
2.8376121520996094 4.321865081787109 -0.21645259857177734
2.7503890991210938 2.6501216888427734 -0.21024036407470703
2.6880264282226562 1.0737781524658203 -0.21338415145874023
2.5131988525390625 -0.5717811584472656 -0.20582246780395508
2.501903533935547 -2.2170257568359375 -0.21207666397094727
2.5330276489257812 -3.7863969802856445 -0.21030092239379883
3.9953765869140625 -4.186153411865234 -0.22830677032470703
5.517181396484375 -4.568488121032715 -0.2542552947998047
7.110870361328125 -4.881048202514648 -0.2850303649902344

2
29.843524932861328 3.684793472290039 -0.23708724975585938
28.699295043945312 3.7431297302246094 -0.2333230972290039
27.505905151367188 3.8106021881103516 -0.2468881607055664
26.353919982910156 3.884614944458008 -0.2584800720214844
25.207447052001953 3.985837936401367 -0.27435302734375
24.029491424560547 4.077953338623047 -0.2903461456298828
22.882423400878906 4.151056289672852 -0.2920808792114258
21.718303680419922 4.218780517578125 -0.300264835357666
20.638648986816406 4.28215217590332 -0.3158712387084961
19.45355224609375 4.423892974853516 -0.3314976692199707
18.341060638427734 4.801155090332031 -0.3412351608276367
17.424461364746094 5.68031120300293 -0.3456301689147949
17.049835205078125 6.712329864501953 -0.3498044013977051
16.997894287109375 7.902618408203125 -0.34349918365478516
17.101947784423828 9.067108154296875 -0.33786487579345703
17.25094223022461 10.310060501098633 -0.3416156768798828
17.296741485595703 11.372964859008789 -0.361264705657959
17.41437530517578 12.62405776977539 -0.3733096122741699
17.580829620361328 13.697004318237305 -0.38487958908081055
17.57168960571289 14.817544937133789 -0.3946681022644043

1
16.503082275390625 -4.703128814697266 -0.2383575439453125
14.99649429321289 -4.567802429199219 -0.2409648895263672
13.489025115966797 -4.441224098205566 -0.2510099411010742
12.007152557373047 -4.359328269958496 -0.25996971130371094
10.47092056274414 -4.23868465423584 -0.2636122703552246
9.061710357666016 -4.138742446899414 -0.25963497161865234
7.548282623291016 -4.043298721313477 -0.2684364318847656
6.1284942626953125 -3.979391098022461 -0.27136898040771484
6.4834747314453125 -5.4500932693481445 -0.2687253952026367
6.8407440185546875 -6.905911445617676 -0.2526836395263672
7.172981262207031 -8.344715118408203 -0.23953962326049805
8.354572296142578 -8.867664337158203 -0.2405109405517578
9.860267639160156 -8.957117080688477 -0.24576759338378906
11.320121765136719 -9.00804328918457 -0.260800838470459
12.727252960205078 -9.132671356201172 -0.27336645126342773
14.265419006347656 -9.259244918823242 -0.2846684455871582
15.5889892578125 -9.080347061157227 -0.2951641082763672
15.891162872314453 -7.599279880523682 -0.28743410110473633
16.19061279296875 -6.209156036376953 -0.26824474334716797
16.527111053466797 -4.707977294921875 -0.24567699432373047

2
9.674530029296875 14.80345344543457 -0.43733692169189453
9.584365844726562 12.32530403137207 -0.4238104820251465
9.424297332763672 9.875345230102539 -0.39343976974487305
9.255210876464844 7.307338714599609 -0.4025540351867676
7.740596771240234 5.3937835693359375 -0.36040782928466797
5.366058349609375 5.127399444580078 -0.3404884338378906
2.7493743896484375 5.341075897216797 -0.32516002655029297
0.33075904846191406 5.464881896972656 -0.28843164443969727
-2.3228321075439453 5.602025985717773 -0.27281808853149414
-4.866851806640625 5.762929916381836 -0.24537086486816406
-7.419267654418945 5.978578567504883 -0.2358708381652832
-9.882331848144531 6.158273696899414 -0.23129844665527344
-12.4464111328125 6.303821563720703 -0.22700977325439453
-14.818709373474121 6.448848724365234 -0.22579002380371094
-17.290668487548828 6.605302810668945 -0.22356414794921875
-19.79312515258789 6.763471603393555 -0.2186412811279297
-22.357158660888672 6.914098739624023 -0.21471500396728516
-24.901912689208984 7.112634658813477 -0.21738243103027344
-27.406566619873047 7.202707290649414 -0.2021327018737793
-29.821474075317383 7.358390808105469 -0.20012950897216797

2
8.100997924804688 -14.799139022827148 -0.3029947280883789
8.270164489746094 -12.25241470336914 -0.3279452323913574
8.357425689697266 -9.831228256225586 -0.3326840400695801
8.504196166992188 -7.191504955291748 -0.36246585845947266
8.047325134277344 -4.653741836547852 -0.3290090560913086
6.0881195068359375 -3.228178024291992 -0.3175811767578125
3.4799156188964844 -3.032467842102051 -0.2938990592956543
0.8919601440429688 -2.903982162475586 -0.2434215545654297
-1.598968505859375 -2.759158134460449 -0.20338726043701172
-4.186820983886719 -2.6322641372680664 -0.1788473129272461
-6.776908874511719 -2.4912424087524414 -0.1665630340576172
-9.358184814453125 -2.30596923828125 -0.17705440521240234
-11.940719604492188 -2.137035369873047 -0.18752813339233398
-14.545769691467285 -1.9764595031738281 -0.19199228286743164
-17.208316802978516 -1.796635627746582 -0.19665765762329102
-19.747528076171875 -1.6274499893188477 -0.2143416404724121
-22.385154724121094 -1.4523029327392578 -0.22217369079589844
-24.869258880615234 -1.3098955154418945 -0.23293209075927734
-27.282495498657227 -1.144770622253418 -0.23235797882080078
-29.81876564025879 -0.9766511917114258 -0.2501521110534668

1
17.587623596191406 4.856803894042969 -0.37200403213500977
17.42938995361328 3.408567428588867 -0.34015321731567383
17.167938232421875 1.9686832427978516 -0.32791996002197266
17.036514282226562 0.5854721069335938 -0.30344390869140625
16.752605438232422 -0.8372802734375 -0.3038640022277832
16.597881317138672 -2.2786827087402344 -0.2915654182434082
16.25347137451172 -3.753239631652832 -0.2690296173095703
17.055953979492188 -4.410579681396484 -0.2665214538574219
18.482791900634766 -4.527585983276367 -0.27663087844848633
19.846332550048828 -4.575054168701172 -0.26648426055908203
21.14517593383789 -4.486908912658691 -0.2726454734802246
21.226951599121094 -3.061722755432129 -0.26810693740844727
21.211471557617188 -1.6426734924316406 -0.2602858543395996
21.28931427001953 -0.20865249633789062 -0.2519407272338867
21.478538513183594 1.2092437744140625 -0.2518315315246582
21.5462646484375 2.5740890502929688 -0.2556185722351074
21.729236602783203 3.9937095642089844 -0.2425980567932129
20.420528411865234 4.412321090698242 -0.28580760955810547
19.11927032470703 4.598455429077148 -0.3212165832519531
17.511783599853516 4.869178771972656 -0.3539128303527832

1
7.967826843261719 10.010505676269531 -0.3084840774536133
7.616054534912109 8.499397277832031 -0.31280088424682617
7.338100433349609 6.905414581298828 -0.35416173934936523
7.162296295166016 5.43626594543457 -0.3662605285644531
8.676448822021484 5.332763671875 -0.3560323715209961
10.37673568725586 5.268749237060547 -0.3493666648864746
11.776130676269531 5.195528030395508 -0.3475680351257324
13.392021179199219 5.13133430480957 -0.3430938720703125
15.082870483398438 5.017360687255859 -0.34848737716674805
16.550941467285156 4.9832611083984375 -0.34754180908203125
18.16344451904297 4.862979888916016 -0.33418750762939453
17.93859100341797 6.382804870605469 -0.3406376838684082
17.686199188232422 7.880861282348633 -0.33309221267700195
17.37314224243164 9.509382247924805 -0.33550596237182617
15.891239166259766 9.790340423583984 -0.34485292434692383
14.388916015625 9.800027847290039 -0.34590721130371094
12.744415283203125 9.818885803222656 -0.33856725692749023
11.21649169921875 9.862062454223633 -0.32210636138916016
9.575489044189453 9.97928237915039 -0.31847238540649414
7.931819915771484 9.968145370483398 -0.31415700912475586

2
29.843292236328125 -4.631143569946289 -0.26534461975097656
28.450946807861328 -4.511366844177246 -0.2789592742919922
26.94049072265625 -4.411762237548828 -0.2982649803161621
25.38681411743164 -4.335874557495117 -0.3064289093017578
23.93036651611328 -4.2466840744018555 -0.32032203674316406
22.42192840576172 -4.147340774536133 -0.3297443389892578
20.979122161865234 -4.0664262771606445 -0.33443498611450195
20.09626007080078 -3.581496238708496 -0.3346853256225586
19.239887237548828 -2.641134262084961 -0.3445158004760742
17.991188049316406 -2.679234504699707 -0.3284139633178711
16.398204803466797 -3.3969459533691406 -0.30739259719848633
15.362632751464844 -4.40833854675293 -0.29492664337158203
14.79831314086914 -5.720578193664551 -0.3018498420715332
14.519428253173828 -7.253152847290039 -0.31611204147338867
14.43728256225586 -8.839484214782715 -0.32933473587036133
15.260269165039062 -9.41610050201416 -0.3302316665649414
15.90060806274414 -10.392129898071289 -0.32732391357421875
15.959033966064453 -11.974054336547852 -0.3333263397216797
15.877738952636719 -13.338088989257812 -0.32994985580444336
15.813709259033203 -14.810474395751953 -0.32621097564697266

0
13.28671646118164 14.972198486328125 -0.41399383544921875
13.290515899658203 14.851037979125977 -0.40676403045654297
13.266883850097656 14.66622543334961 -0.4012479782104492
13.273666381835938 14.470752716064453 -0.40352392196655273
13.263633728027344 14.27180290222168 -0.40088605880737305
13.289596557617188 14.077484130859375 -0.39830827713012695
13.29257583618164 13.89663314819336 -0.3931846618652344
13.294116973876953 13.7120361328125 -0.3947138786315918
13.284927368164062 13.550727844238281 -0.39599609375
13.260684967041016 13.332996368408203 -0.40003252029418945
13.226669311523438 13.128271102905273 -0.4015965461730957
13.19082260131836 12.930173873901367 -0.4085378646850586
13.194927215576172 12.76382064819336 -0.40709495544433594
13.18975830078125 12.58646011352539 -0.40156984329223633
13.168895721435547 12.413219451904297 -0.40272045135498047
13.154495239257812 12.174659729003906 -0.39664745330810547
13.157257080078125 11.97602653503418 -0.39394474029541016
13.145957946777344 11.812744140625 -0.39228343963623047
13.159400939941406 11.626567840576172 -0.39091920852661133
13.18985366821289 11.44096565246582 -0.38271188735961914

