2
-26.21536636352539 -14.8064546585083 -0.008548259735107422
-26.161914825439453 -14.073638916015625 -0.023679733276367188
-26.236385345458984 -13.351463317871094 -0.03311872482299805
-26.24049186706543 -12.60586929321289 -0.06456995010375977
-26.261587142944336 -11.895442962646484 -0.07208728790283203
-26.270587921142578 -11.085858345031738 -0.08780622482299805
-26.27066421508789 -10.312649726867676 -0.10087776184082031
-26.20045280456543 -9.575160026550293 -0.10860300064086914
-26.274822235107422 -8.903910636901855 -0.11987066268920898
-26.222267150878906 -8.090461730957031 -0.14020919799804688
-26.169158935546875 -7.247642517089844 -0.1733102798461914
-26.165084838867188 -6.671438217163086 -0.18760919570922852
-26.033790588378906 -5.916751861572266 -0.20586204528808594
-26.19962501525879 -5.097162246704102 -0.2248368263244629
-26.639610290527344 -4.242286682128906 -0.24906110763549805
-27.081432342529297 -3.615589141845703 -0.2793116569519043
-27.649133682250977 -3.2134180068969727 -0.27620410919189453
-28.354734420776367 -2.983499526977539 -0.26592111587524414
-29.031782150268555 -2.9008636474609375 -0.2711329460144043
-29.82608413696289 -2.8241233825683594 -0.2671818733215332

2
-26.139270782470703 14.80130386352539 -0.34079456329345703
-26.061424255371094 14.200695037841797 -0.33526134490966797
-26.068927764892578 13.52651596069336 -0.3298983573913574
-26.154949188232422 12.850406646728516 -0.31699275970458984
-26.13532066345215 12.326292037963867 -0.32932567596435547
-26.21913719177246 11.652219772338867 -0.29850244522094727
-26.260034561157227 10.880701065063477 -0.2894773483276367
-26.13205909729004 10.308319091796875 -0.31511878967285156
-26.2181453704834 9.606334686279297 -0.30407142639160156
-26.16628074645996 8.852500915527344 -0.3082609176635742
-26.022720336914062 8.226396560668945 -0.30927276611328125
-26.14089584350586 7.708354949951172 -0.31192684173583984
-26.260107040405273 7.19636344909668 -0.3135242462158203
-26.42672348022461 6.495525360107422 -0.3072633743286133
-26.953519821166992 5.820499420166016 -0.31077098846435547
-27.34722137451172 5.269264221191406 -0.30934810638427734
-27.92337989807129 5.118354797363281 -0.30510520935058594
-28.547468185424805 4.9005584716796875 -0.292877197265625
-29.09589958190918 4.867637634277344 -0.2848215103149414
-29.793594360351562 4.84930419921875 -0.2879633903503418

2
22.358753204345703 14.805824279785156 -0.34975147247314453
22.55679702758789 11.566642761230469 -0.36809492111206055
22.414730072021484 8.372169494628906 -0.3514738082885742
21.380592346191406 5.306957244873047 -0.41858959197998047
18.232791900634766 5.072359085083008 -0.40788793563842773
14.599773406982422 5.052379608154297 -0.40680885314941406
11.359634399414062 5.050327301025391 -0.3972797393798828
8.275642395019531 5.0801239013671875 -0.38184022903442383
4.756683349609375 5.105188369750977 -0.3711709976196289
1.7001056671142578 5.137685775756836 -0.3601040840148926
-1.6865463256835938 5.141508102416992 -0.36176490783691406
-4.886497497558594 5.081569671630859 -0.3799262046813965
-8.312345504760742 5.035371780395508 -0.3989071846008301
-11.600353240966797 4.904533386230469 -0.37473011016845703
-13.379037857055664 3.1987266540527344 -0.33223772048950195
-16.575756072998047 3.5463333129882812 -0.30960702896118164
-18.863325119018555 6.057233810424805 -0.36672496795654297
-18.14574432373047 8.315074920654297 -0.37172889709472656
-17.822010040283203 11.557777404785156 -0.4496450424194336
-17.983264923095703 14.812700271606445 -0.4613180160522461

1
-26.015029907226562 9.599605560302734 -0.28053903579711914
-26.956491470336914 8.297233581542969 -0.2803773880004883
-27.942047119140625 6.837303161621094 -0.2853069305419922
-28.241744995117188 5.348438262939453 -0.27699899673461914
-27.42621612548828 5.080013275146484 -0.2775721549987793
-26.206918716430664 4.987098693847656 -0.2796635627746582
-24.693506240844727 4.972064971923828 -0.2775888442993164
-23.283828735351562 4.977451324462891 -0.27675771713256836
-21.55352020263672 4.966032028198242 -0.28087949752807617
-19.804061889648438 4.933965682983398 -0.27791786193847656
-18.41543960571289 4.930795669555664 -0.2712411880493164
-17.330467224121094 5.700916290283203 -0.28687572479248047
-17.313318252563477 7.396629333496094 -0.31934499740600586
-17.269084930419922 8.954046249389648 -0.33440446853637695
-18.247821807861328 9.53875732421875 -0.33096981048583984
-19.650352478027344 9.64133071899414 -0.32593536376953125
-21.271169662475586 9.660686492919922 -0.31821680068969727
-22.959014892578125 9.521530151367188 -0.30186033248901367
-24.797800064086914 9.469757080078125 -0.29490137100219727
-26.11858558654785 9.615032196044922 -0.2733464241027832

2
29.82781982421875 -2.586009979248047 -0.3717203140258789
26.865440368652344 -2.5857362747192383 -0.353731632232666
23.85641098022461 -2.598381996154785 -0.34921836853027344
20.772323608398438 -2.597928047180176 -0.335660457611084
17.705852508544922 -2.6074886322021484 -0.3249821662902832
14.632064819335938 -2.6278066635131836 -0.32097387313842773
11.542778015136719 -2.6470870971679688 -0.31257152557373047
8.44736099243164 -2.6489734649658203 -0.3003830909729004
5.37493896484375 -2.6568613052368164 -0.2910442352294922
2.2126731872558594 -2.678605079650879 -0.28986454010009766
-0.8270092010498047 -2.691190719604492 -0.2871103286743164
-3.910449981689453 -2.698117256164551 -0.2847261428833008
-7.04442024230957 -2.7386064529418945 -0.2904524803161621
-10.144308090209961 -2.7100658416748047 -0.3011751174926758
-13.26083755493164 -2.7085142135620117 -0.3194608688354492
-16.26166534423828 -3.0811805725097656 -0.2691936492919922
-17.88626480102539 -5.640364646911621 -0.21817684173583984
-17.89419174194336 -8.673967361450195 -0.13204479217529297
-17.788185119628906 -11.792563438415527 -0.04154777526855469
-17.86479377746582 -14.808085441589355 0.051772117614746094

2
29.80156707763672 5.155475616455078 -0.44550561904907227
29.25879669189453 5.180534362792969 -0.43930625915527344
28.691791534423828 5.244165420532227 -0.4266390800476074
28.17923355102539 5.314523696899414 -0.42188119888305664
27.719905853271484 5.6313629150390625 -0.4128603935241699
27.325862884521484 6.270227432250977 -0.39580535888671875
27.106739044189453 6.999067306518555 -0.37687015533447266
27.119857788085938 7.572261810302734 -0.3585071563720703
27.053199768066406 8.14120864868164 -0.3560600280761719
27.219036102294922 8.748981475830078 -0.34923267364501953
27.211990356445312 9.401565551757812 -0.35312891006469727
27.141021728515625 9.881841659545898 -0.35452938079833984
27.209583282470703 10.537849426269531 -0.35614585876464844
27.060749053955078 11.193584442138672 -0.36125707626342773
27.080860137939453 11.86007308959961 -0.3748359680175781
27.05608367919922 12.379989624023438 -0.376889705657959
27.16681671142578 12.95356559753418 -0.3851661682128906
27.09841537475586 13.589723587036133 -0.38650083541870117
27.143844604492188 14.18155288696289 -0.39313316345214844
26.993698120117188 14.807964324951172 -0.39041805267333984

1
-27.523971557617188 -8.976024627685547 -0.042308807373046875
-25.691871643066406 -9.092008590698242 -0.046459197998046875
-24.159717559814453 -8.950445175170898 -0.04917097091674805
-22.450586318969727 -8.968189239501953 -0.044829368591308594
-20.802080154418945 -8.896668434143066 -0.047240257263183594
-19.23665428161621 -8.938075065612793 -0.03821420669555664
-17.622116088867188 -8.865560531616211 -0.0523838996887207
-16.95893669128418 -7.9414520263671875 -0.08775949478149414
-16.629594802856445 -6.2004804611206055 -0.14897680282592773
-16.356002807617188 -4.588735580444336 -0.18962621688842773
-17.52881622314453 -4.256294250488281 -0.1912240982055664
-19.08706283569336 -4.271329879760742 -0.19087791442871094
-20.68248176574707 -4.352028846740723 -0.1971888542175293
-22.483264923095703 -4.390947341918945 -0.19315767288208008
-24.339981079101562 -4.3837432861328125 -0.18791532516479492
-25.87290382385254 -4.410635948181152 -0.18916893005371094
-27.17905044555664 -4.430906295776367 -0.19199085235595703
-27.47386932373047 -5.818891525268555 -0.14922523498535156
-27.302417755126953 -7.338331699371338 -0.07542181015014648
-27.22418212890625 -9.006328582763672 -0.009964466094970703

1
-29.66451644897461 -4.49356746673584 -0.15419387817382812
-28.693254470825195 -4.673932075500488 -0.17658090591430664
-27.495342254638672 -4.860441207885742 -0.18944931030273438
-26.860017776489258 -4.888716697692871 -0.19915199279785156
-26.47223663330078 -4.276516914367676 -0.22053050994873047
-26.331022262573242 -3.0623035430908203 -0.22803640365600586
-26.20036506652832 -2.115349769592285 -0.23747968673706055
-26.373554229736328 -1.1325178146362305 -0.2301034927368164
-26.360177993774414 -0.005108833312988281 -0.24494504928588867
-26.411073684692383 1.0929031372070312 -0.24839353561401367
-26.266334533691406 2.2691688537597656 -0.26375675201416016
-26.109891891479492 3.2301025390625 -0.2669086456298828
-25.992755889892578 4.293972015380859 -0.268740177154541
-25.94918441772461 5.418218612670898 -0.28970956802368164
-26.137266159057617 6.464481353759766 -0.3008999824523926
-26.297290802001953 7.533639907836914 -0.28637123107910156
-26.48602294921875 8.043380737304688 -0.280731201171875
-27.52007293701172 7.671550750732422 -0.26455259323120117
-28.432689666748047 7.39177131652832 -0.21887779235839844
-29.829227447509766 7.24433708190918 -0.18209552764892578

1
-17.099119186401367 5.024105072021484 -0.2663145065307617
-17.074310302734375 3.500032424926758 -0.26302242279052734
-17.10626983642578 2.013866424560547 -0.249298095703125
-17.173927307128906 0.534602165222168 -0.21646785736083984
-17.014568328857422 -0.977665901184082 -0.2152247428894043
-17.01958656311035 -2.5046157836914062 -0.1951918601989746
-17.08060073852539 -3.963923454284668 -0.17038440704345703
-17.13878631591797 -5.300787925720215 -0.16857242584228516
-15.64490032196045 -4.783307075500488 -0.17371559143066406
-14.095972061157227 -4.323830604553223 -0.18322181701660156
-12.753149032592773 -3.881960868835449 -0.17319297790527344
-12.26243782043457 -2.743746757507324 -0.19346904754638672
-12.335836410522461 -1.2993488311767578 -0.22649383544921875
-12.377679824829102 0.1972208023071289 -0.2636408805847168
-12.404169082641602 1.6513404846191406 -0.30396175384521484
-12.417312622070312 3.1185226440429688 -0.33292531967163086
-12.566421508789062 4.35899543762207 -0.34775543212890625
-14.107577323913574 4.575736999511719 -0.31929683685302734
-15.58576488494873 4.816246032714844 -0.2969970703125
-17.085283279418945 5.011068344116211 -0.29076480865478516

