2
-26.52294921875 14.802253723144531 -0.36962461471557617
-26.46224021911621 14.207719802856445 -0.36570024490356445
-26.491289138793945 13.548948287963867 -0.36077880859375
-26.53230094909668 12.934688568115234 -0.3512840270996094
-26.52469825744629 12.39600944519043 -0.3603968620300293
-26.67807960510254 11.76434326171875 -0.3282151222229004
-26.706010818481445 10.998912811279297 -0.32384824752807617
-26.54596710205078 10.438423156738281 -0.34487152099609375
-26.636430740356445 9.747749328613281 -0.33640336990356445
-26.679840087890625 8.94145393371582 -0.3358578681945801
-26.497859954833984 8.468759536743164 -0.3351616859436035
-26.583070755004883 7.958187103271484 -0.33614253997802734
-26.66352653503418 7.376169204711914 -0.33406591415405273
-26.723419189453125 6.741710662841797 -0.33867406845092773
-27.195232391357422 6.059627532958984 -0.33837080001831055
-27.55785369873047 5.475372314453125 -0.33713531494140625
-28.048450469970703 5.210235595703125 -0.33274173736572266
-28.599367141723633 5.015892028808594 -0.32295751571655273
-29.09372901916504 4.903139114379883 -0.31377267837524414
-29.788068771362305 4.858247756958008 -0.31429481506347656

2
21.942317962646484 14.800209045410156 -0.36489248275756836
22.10793685913086 11.535154342651367 -0.37848711013793945
21.988510131835938 8.365936279296875 -0.35796260833740234
20.937789916992188 5.336658477783203 -0.4288477897644043
17.73525619506836 5.084318161010742 -0.410555362701416
14.113250732421875 5.042184829711914 -0.41216182708740234
10.973102569580078 5.0488128662109375 -0.4026947021484375
7.7755126953125 5.0669403076171875 -0.3885483741760254
4.365741729736328 5.082881927490234 -0.3787827491760254
1.3278255462646484 5.114322662353516 -0.37545108795166016
-2.0662078857421875 5.128206253051758 -0.37360143661499023
-5.3430328369140625 5.0558624267578125 -0.3922100067138672
-8.761619567871094 4.992580413818359 -0.4161844253540039
-11.985952377319336 4.859954833984375 -0.3875389099121094
-13.832874298095703 3.203519821166992 -0.3492259979248047
-16.956167221069336 3.5683727264404297 -0.32666444778442383
-19.299562454223633 6.044578552246094 -0.3835158348083496
-18.50528907775879 8.332744598388672 -0.3901214599609375
-18.183303833007812 11.549470901489258 -0.46939611434936523
-18.392576217651367 14.807497024536133 -0.4882822036743164

2
-26.711097717285156 -14.8110933303833 -0.0046863555908203125
-26.644336700439453 -14.070188522338867 -0.02567911148071289
-26.675071716308594 -13.389652252197266 -0.032329559326171875
-26.642263412475586 -12.639265060424805 -0.06583070755004883
-26.719552993774414 -11.944873809814453 -0.07194232940673828
-26.694570541381836 -11.1733980178833 -0.09178352355957031
-26.658966064453125 -10.461376190185547 -0.10231733322143555
-26.642065048217773 -9.714055061340332 -0.10785484313964844
-26.63890266418457 -9.052091598510742 -0.12289571762084961
-26.626056671142578 -8.274524688720703 -0.13958120346069336
-26.46027183532715 -7.506447792053223 -0.17290115356445312
-26.50537872314453 -6.906536102294922 -0.18735122680664062
-26.44643783569336 -6.180737495422363 -0.20230484008789062
-26.517324447631836 -5.424491882324219 -0.22815799713134766
-26.827486038208008 -4.446115493774414 -0.24997186660766602
-27.264188766479492 -3.8766965866088867 -0.2766256332397461
-27.759235382080078 -3.4126081466674805 -0.281954288482666
-28.432422637939453 -3.0879201889038086 -0.27664995193481445
-29.069021224975586 -2.953969955444336 -0.2827162742614746
-29.829105377197266 -2.8373680114746094 -0.28040552139282227

2
29.825218200683594 -2.560731887817383 -0.3547239303588867
26.841949462890625 -2.564006805419922 -0.341855525970459
23.786911010742188 -2.5798120498657227 -0.3390660285949707
20.690067291259766 -2.582461357116699 -0.3264775276184082
17.55310821533203 -2.603456497192383 -0.3192324638366699
14.451568603515625 -2.621504783630371 -0.31622886657714844
11.345050811767578 -2.654500961303711 -0.3101935386657715
8.219406127929688 -2.6516456604003906 -0.2989940643310547
5.105892181396484 -2.6642189025878906 -0.2905921936035156
1.9531230926513672 -2.6834001541137695 -0.2894139289855957
-1.1311721801757812 -2.692380905151367 -0.2861785888671875
-4.26036262512207 -2.6915435791015625 -0.2847447395324707
-7.384725570678711 -2.738252639770508 -0.29181385040283203
-10.51224136352539 -2.701565742492676 -0.30184221267700195
-13.590362548828125 -2.687784194946289 -0.3186469078063965
-16.6098690032959 -3.048691749572754 -0.2727975845336914
-18.323150634765625 -5.549187660217285 -0.2210988998413086
-18.41913604736328 -8.601980209350586 -0.13698720932006836
-18.352455139160156 -11.754353523254395 -0.04278278350830078
-18.4178409576416 -14.812676429748535 0.05620241165161133

1
-29.707422256469727 -4.565532684326172 -0.17394781112670898
-28.840787887573242 -4.727368354797363 -0.2008056640625
-27.832382202148438 -4.851619720458984 -0.2015829086303711
-27.212520599365234 -4.817866325378418 -0.20925664901733398
-26.943462371826172 -4.117444038391113 -0.23062944412231445
-26.694873809814453 -2.9050474166870117 -0.23946619033813477
-26.683727264404297 -1.9515619277954102 -0.24440288543701172
-26.87600326538086 -1.060093879699707 -0.2530069351196289
-26.98064613342285 0.04774188995361328 -0.26647520065307617
-26.89127540588379 1.1618633270263672 -0.27239513397216797
-26.714338302612305 2.268749237060547 -0.2819838523864746
-26.575599670410156 3.183500289916992 -0.2920241355895996
-26.45156478881836 4.208074569702148 -0.299163818359375
-26.561298370361328 5.155616760253906 -0.30994081497192383
-26.553749084472656 6.122341156005859 -0.3296670913696289
-26.609764099121094 7.329437255859375 -0.3207683563232422
-26.88398551940918 7.955774307250977 -0.3251504898071289
-27.759424209594727 7.641773223876953 -0.3006768226623535
-28.603843688964844 7.470819473266602 -0.26563072204589844
-29.83474349975586 7.290496826171875 -0.2385082244873047

2
29.781864166259766 5.188087463378906 -0.4461097717285156
29.19119644165039 5.199785232543945 -0.4409189224243164
28.545467376708984 5.214208602905273 -0.43442678451538086
27.979393005371094 5.267034530639648 -0.42327213287353516
27.43207550048828 5.36347770690918 -0.4228072166442871
26.953868865966797 5.806840896606445 -0.4046769142150879
26.57094955444336 6.521629333496094 -0.3886685371398926
26.53540802001953 7.172567367553711 -0.36815404891967773
26.458919525146484 7.851240158081055 -0.36502695083618164
26.532764434814453 8.479255676269531 -0.35237741470336914
26.59719467163086 9.071174621582031 -0.35474491119384766
26.49828338623047 9.633771896362305 -0.3604722023010254
26.58367919921875 10.342243194580078 -0.3594822883605957
26.450119018554688 11.019433975219727 -0.3682222366333008
26.535442352294922 11.702600479125977 -0.3776512145996094
26.455589294433594 12.257843017578125 -0.38721418380737305
26.52802276611328 12.887678146362305 -0.39440441131591797
26.40398406982422 13.539604187011719 -0.39390087127685547
26.542877197265625 14.179542541503906 -0.41112184524536133
26.567028045654297 14.806076049804688 -0.40459489822387695

1
-27.929153442382812 -9.039031982421875 -0.039745330810546875
-26.1265811920166 -9.060647964477539 -0.04659605026245117
-24.630691528320312 -8.992291450500488 -0.04553413391113281
-22.85256004333496 -8.944071769714355 -0.047934532165527344
-21.202247619628906 -8.927212715148926 -0.05075836181640625
-19.660968780517578 -8.945104598999023 -0.04263019561767578
-18.144777297973633 -8.872116088867188 -0.05385303497314453
-17.34259033203125 -7.939332485198975 -0.09259748458862305
-17.021636962890625 -6.194108963012695 -0.15163469314575195
-16.799503326416016 -4.613594055175781 -0.18943500518798828
-17.984525680541992 -4.249057769775391 -0.19717645645141602
-19.490781784057617 -4.272638320922852 -0.19572687149047852
-21.106590270996094 -4.364992141723633 -0.1995534896850586
-22.884239196777344 -4.404263496398926 -0.19960880279541016
-24.68899917602539 -4.406791687011719 -0.1898503303527832
-26.244373321533203 -4.461750030517578 -0.19558048248291016
-27.438188552856445 -4.494472503662109 -0.20096254348754883
-27.800016403198242 -5.93233585357666 -0.15767717361450195
-27.609575271606445 -7.433986186981201 -0.0828695297241211
-27.683517456054688 -9.042527198791504 -0.02036905288696289

1
-26.46857261657715 9.59039306640625 -0.30045223236083984
-27.437450408935547 8.283733367919922 -0.29558849334716797
-28.27485466003418 6.708988189697266 -0.3003554344177246
-28.470226287841797 5.313756942749023 -0.29099464416503906
-27.65546989440918 5.058353424072266 -0.29741525650024414
-26.429576873779297 4.952550888061523 -0.30082273483276367
-25.0079345703125 4.941640853881836 -0.30150938034057617
-23.592771530151367 4.983236312866211 -0.2955293655395508
-21.779327392578125 4.96272087097168 -0.29779958724975586
-20.09100914001465 4.9324798583984375 -0.2931938171386719
-18.678401947021484 4.9412994384765625 -0.2885580062866211
-17.732139587402344 5.756338119506836 -0.30407285690307617
-17.63592529296875 7.513668060302734 -0.3370990753173828
-17.61620330810547 9.008419036865234 -0.35646486282348633
-18.745025634765625 9.531105041503906 -0.35979127883911133
-20.206295013427734 9.633995056152344 -0.34924936294555664
-21.899219512939453 9.559236526489258 -0.3418264389038086
-23.40144157409668 9.496356964111328 -0.32389116287231445
-25.30331039428711 9.472017288208008 -0.3066892623901367
-26.652603149414062 9.543155670166016 -0.28452491760253906

1
-17.52269744873047 5.029024124145508 -0.28058719635009766
-17.488101959228516 3.4952163696289062 -0.2812943458557129
-17.51165771484375 2.0475215911865234 -0.26416635513305664
-17.57013511657715 0.5397281646728516 -0.22922325134277344
-17.415023803710938 -0.9280223846435547 -0.22413015365600586
-17.37905502319336 -2.527297019958496 -0.2031402587890625
-17.534772872924805 -3.9291505813598633 -0.17695093154907227
-17.60849952697754 -5.2989654541015625 -0.1737198829650879
-16.04235076904297 -4.7385969161987305 -0.1800379753112793
-14.55645751953125 -4.311962127685547 -0.19028043746948242
-13.173513412475586 -3.878146171569824 -0.17971229553222656
-12.71185302734375 -2.671605110168457 -0.20219087600708008
-12.736822128295898 -1.2794418334960938 -0.2330765724182129
-12.816368103027344 0.1909627914428711 -0.2739882469177246
-12.830606460571289 1.619485855102539 -0.31590986251831055
-12.826969146728516 3.122110366821289 -0.35031938552856445
-13.050804138183594 4.367864608764648 -0.3634209632873535
-14.458816528320312 4.587085723876953 -0.3363008499145508
-15.980978012084961 4.784727096557617 -0.3134279251098633
-17.49578285217285 5.009832382202148 -0.30414533615112305

