2
-27.273120880126953 14.806795120239258 -0.39016246795654297
-27.206560134887695 14.238161087036133 -0.38976049423217773
-27.19671630859375 13.571435928344727 -0.3845844268798828
-27.193527221679688 12.97694206237793 -0.38788652420043945
-27.198501586914062 12.439857482910156 -0.392427921295166
-27.354188919067383 11.8062744140625 -0.37401533126831055
-27.423603057861328 11.151546478271484 -0.3695816993713379
-27.269203186035156 10.600044250488281 -0.38123226165771484
-27.316761016845703 9.99009895324707 -0.37011051177978516
-27.436840057373047 9.240690231323242 -0.37430334091186523
-27.225177764892578 8.741952896118164 -0.37437963485717773
-27.151042938232422 8.17561149597168 -0.3727245330810547
-27.235759735107422 7.749860763549805 -0.370086669921875
-27.34938621520996 7.143098831176758 -0.374971866607666
-27.613985061645508 6.514263153076172 -0.38065528869628906
-28.015953063964844 5.966211318969727 -0.3747410774230957
-28.320358276367188 5.435628890991211 -0.36776065826416016
-28.77079963684082 5.180316925048828 -0.36215972900390625
-29.15518569946289 4.992870330810547 -0.34883785247802734
-29.79198455810547 4.88737678527832 -0.35071611404418945

2
21.512645721435547 14.799053192138672 -0.3574361801147461
21.476375579833984 11.53494644165039 -0.3566875457763672
21.331348419189453 8.414527893066406 -0.34098243713378906
20.356124877929688 5.324972152709961 -0.41645240783691406
17.133190155029297 5.105195999145508 -0.40185546875
13.492176055908203 5.0565032958984375 -0.4062385559082031
10.27853775024414 5.045583724975586 -0.3980894088745117
7.0338287353515625 5.049531936645508 -0.38516712188720703
3.6544418334960938 5.066585540771484 -0.38410234451293945
0.5039615631103516 5.107513427734375 -0.3858509063720703
-2.706470489501953 5.115564346313477 -0.38920068740844727
-5.878469467163086 5.061626434326172 -0.4103827476501465
-9.409976959228516 4.993675231933594 -0.4341917037963867
-12.561952590942383 4.874050140380859 -0.4044008255004883
-14.458537101745605 3.1495704650878906 -0.3639683723449707
-17.61458969116211 3.5841140747070312 -0.3446798324584961
-20.006458282470703 5.976573944091797 -0.4028959274291992
-19.19637680053711 8.325984954833984 -0.4062232971191406
-19.138351440429688 11.466276168823242 -0.48053741455078125
-19.22761344909668 14.802715301513672 -0.5138368606567383

2
-27.36105728149414 -14.818081855773926 -0.0178985595703125
-27.131784439086914 -14.08726978302002 -0.04337882995605469
-27.132139205932617 -13.431051254272461 -0.04535818099975586
-27.09762954711914 -12.692333221435547 -0.07838582992553711
-27.209138870239258 -12.017719268798828 -0.08551216125488281
-27.14332389831543 -11.29139232635498 -0.10472440719604492
-27.113037109375 -10.623096466064453 -0.11098384857177734
-27.055450439453125 -9.944900512695312 -0.11983633041381836
-27.1346435546875 -9.288640022277832 -0.1345686912536621
-27.096237182617188 -8.47795581817627 -0.14934921264648438
-27.023761749267578 -7.839863300323486 -0.1854243278503418
-27.00871467590332 -7.222557544708252 -0.19887113571166992
-26.932071685791016 -6.482937812805176 -0.216278076171875
-27.05936050415039 -5.834359169006348 -0.24031591415405273
-27.234596252441406 -4.912134170532227 -0.26306581497192383
-27.594486236572266 -4.328150749206543 -0.28935766220092773
-27.931730270385742 -3.7210311889648438 -0.2995767593383789
-28.526485443115234 -3.2689504623413086 -0.3047976493835449
-29.125324249267578 -3.072711944580078 -0.3060135841369629
-29.83991813659668 -2.899738311767578 -0.3069953918457031

2
29.828060150146484 -2.5757455825805664 -0.3389291763305664
26.82827377319336 -2.576491355895996 -0.32842302322387695
23.76666259765625 -2.5904617309570312 -0.3279438018798828
20.634464263916016 -2.5875015258789062 -0.31571102142333984
17.487777709960938 -2.615302085876465 -0.31142139434814453
14.34768295288086 -2.6284141540527344 -0.3094663619995117
11.191871643066406 -2.6635122299194336 -0.3050370216369629
8.052845001220703 -2.659456253051758 -0.2949061393737793
4.924175262451172 -2.6740798950195312 -0.28903722763061523
1.7224502563476562 -2.697615623474121 -0.2884688377380371
-1.4308280944824219 -2.701517105102539 -0.2865910530090332
-4.583595275878906 -2.704747200012207 -0.2878265380859375
-7.677652359008789 -2.747922897338867 -0.2957267761230469
-10.860727310180664 -2.7137813568115234 -0.30841636657714844
-13.974056243896484 -2.702808380126953 -0.3293008804321289
-17.046293258666992 -3.0220489501953125 -0.28884315490722656
-18.81155776977539 -5.462560653686523 -0.23155641555786133
-18.793746948242188 -8.5324068069458 -0.14971160888671875
-18.72740936279297 -11.72119140625 -0.05117988586425781
-18.755918502807617 -14.813213348388672 0.053366661071777344

2
29.778873443603516 5.220499038696289 -0.4283280372619629
29.142356872558594 5.229852676391602 -0.42667627334594727
28.479633331298828 5.224754333496094 -0.42129993438720703
27.87975311279297 5.263193130493164 -0.41212034225463867
27.271949768066406 5.314216613769531 -0.41088104248046875
26.75430679321289 5.523715972900391 -0.395235538482666
26.176410675048828 6.182565689086914 -0.37987279891967773
26.07406997680664 6.917781829833984 -0.35828065872192383
25.940261840820312 7.564340591430664 -0.3505425453186035
26.03728485107422 8.271711349487305 -0.33780956268310547
26.08498764038086 8.860212326049805 -0.33265161514282227
26.008441925048828 9.484136581420898 -0.3433694839477539
26.15325927734375 10.204381942749023 -0.34345149993896484
26.046520233154297 10.885795593261719 -0.35418176651000977
26.0440673828125 11.525224685668945 -0.3602151870727539
26.022422790527344 12.181167602539062 -0.37711668014526367
26.06051254272461 12.803718566894531 -0.3762369155883789
26.049530029296875 13.544099807739258 -0.3781261444091797
26.23163604736328 14.185665130615234 -0.39092493057250977
26.278240203857422 14.815284729003906 -0.3849472999572754

1
-29.762920379638672 -4.678267478942871 -0.2010178565979004
-29.05351448059082 -4.790884017944336 -0.2218923568725586
-28.205123901367188 -4.909249305725098 -0.22278308868408203
-27.72909164428711 -4.7398834228515625 -0.22869443893432617
-27.473644256591797 -3.5749521255493164 -0.24369192123413086
-27.351810455322266 -2.676762580871582 -0.2638735771179199
-27.374107360839844 -1.7058048248291016 -0.26311206817626953
-27.483015060424805 -0.9533576965332031 -0.27623462677001953
-27.48750877380371 0.19407367706298828 -0.29127073287963867
-27.4825382232666 1.1550369262695312 -0.29892635345458984
-27.349164962768555 2.2851905822753906 -0.30786800384521484
-27.209247589111328 3.075002670288086 -0.3204169273376465
-27.15627670288086 4.039051055908203 -0.3338198661804199
-27.20059585571289 5.052995681762695 -0.33648252487182617
-27.0667667388916 5.843967437744141 -0.35968828201293945
-27.25541877746582 7.116487503051758 -0.3556947708129883
-27.457887649536133 7.649761199951172 -0.38147735595703125
-28.073650360107422 7.69902229309082 -0.34475278854370117
-28.821592330932617 7.63838005065918 -0.3192625045776367
-29.854862213134766 7.393978118896484 -0.2975034713745117

1
-28.386653900146484 -9.151326179504395 -0.0630502700805664
-26.64262580871582 -8.978517532348633 -0.06492471694946289
-25.027631759643555 -9.011713981628418 -0.053048133850097656
-23.356964111328125 -8.936530113220215 -0.060675621032714844
-21.666805267333984 -8.965433120727539 -0.06488513946533203
-20.01081085205078 -8.933460235595703 -0.05685758590698242
-18.531972885131836 -8.855839729309082 -0.06749677658081055
-17.699161529541016 -7.974644660949707 -0.10837268829345703
-17.519004821777344 -6.1990251541137695 -0.16075372695922852
-17.455434799194336 -4.642854690551758 -0.19583749771118164
-18.577495574951172 -4.239812850952148 -0.2092423439025879
-20.18048095703125 -4.262215614318848 -0.20799636840820312
-21.753480911254883 -4.320305824279785 -0.2154393196105957
-23.435094833374023 -4.3655595779418945 -0.2158794403076172
-25.239118576049805 -4.346992492675781 -0.20598173141479492
-26.758655548095703 -4.443927764892578 -0.2148265838623047
-27.7699031829834 -4.521710395812988 -0.2195262908935547
-28.210750579833984 -6.057090759277344 -0.1798114776611328
-28.16072654724121 -7.434129238128662 -0.10787487030029297
-28.105709075927734 -9.10893440246582 -0.04026603698730469

1
-29.79248046875 4.90983772277832 -0.3607144355773926
-28.30429458618164 5.013582229614258 -0.36505126953125
-26.717966079711914 4.947935104370117 -0.3568143844604492
-24.82440185546875 4.915071487426758 -0.3530573844909668
-23.108842849731445 4.908023834228516 -0.3446178436279297
-21.43156623840332 4.916402816772461 -0.33802223205566406
-19.73275375366211 4.892732620239258 -0.32864952087402344
-18.694259643554688 4.932537078857422 -0.32860898971557617
-18.560192108154297 6.086969375610352 -0.34840917587280273
-18.405128479003906 7.739940643310547 -0.37842321395874023
-18.557743072509766 9.170886993408203 -0.39789915084838867
-19.242538452148438 9.563669204711914 -0.4013047218322754
-21.25259780883789 9.626789093017578 -0.40168190002441406
-23.435108184814453 9.484535217285156 -0.3908853530883789
-24.96607780456543 9.515865325927734 -0.3767991065979004
-26.156383514404297 9.46095085144043 -0.3699040412902832
-27.268993377685547 9.14625358581543 -0.36353015899658203
-28.460033416748047 7.889713287353516 -0.3714165687561035
-29.0069522857666 6.796344757080078 -0.350372314453125
-29.863630294799805 5.376354217529297 -0.3358893394470215

1
-18.04922866821289 5.028608322143555 -0.29831361770629883
-18.009862899780273 3.5021705627441406 -0.29876279830932617
-18.02286148071289 2.0157089233398438 -0.27718639373779297
-18.066139221191406 0.5726966857910156 -0.24532270431518555
-17.899370193481445 -0.9378070831298828 -0.2350311279296875
-17.86429214477539 -2.5230913162231445 -0.21198272705078125
-18.06389617919922 -3.9582672119140625 -0.18677949905395508
-18.111141204833984 -5.277596473693848 -0.1824493408203125
-16.50997543334961 -4.737196922302246 -0.18940401077270508
-15.054420471191406 -4.328702926635742 -0.19809246063232422
-13.612384796142578 -3.8953895568847656 -0.18627023696899414
-13.30044937133789 -2.673412322998047 -0.20689105987548828
-13.270139694213867 -1.2678651809692383 -0.2369518280029297
-13.29322624206543 0.23271751403808594 -0.2841987609863281
-13.315900802612305 1.6428050994873047 -0.3274221420288086
-13.387199401855469 3.151487350463867 -0.3629326820373535
-13.560094833374023 4.414329528808594 -0.3780527114868164
-15.000906944274902 4.631494522094727 -0.35033273696899414
-16.461475372314453 4.7684326171875 -0.329653263092041
-18.019561767578125 4.992984771728516 -0.31427717208862305

