1
-29.812728881835938 4.891361236572266 -0.3747272491455078
-28.39107894897461 4.971729278564453 -0.37824535369873047
-26.810195922851562 4.872182846069336 -0.3731822967529297
-25.005144119262695 4.892797470092773 -0.3667287826538086
-23.388843536376953 4.8850860595703125 -0.35555076599121094
-21.89211654663086 4.910066604614258 -0.35022830963134766
-20.363624572753906 4.896261215209961 -0.34069061279296875
-19.205842971801758 4.894929885864258 -0.34103870391845703
-18.964580535888672 6.009468078613281 -0.36162471771240234
-18.865055084228516 7.593679428100586 -0.39208412170410156
-19.03921890258789 9.082769393920898 -0.4073162078857422
-19.788482666015625 9.578170776367188 -0.41861677169799805
-21.34391212463379 9.52983283996582 -0.42354345321655273
-23.390920639038086 9.423736572265625 -0.41048479080200195
-24.771493911743164 9.468475341796875 -0.3935222625732422
-26.195924758911133 9.418725967407227 -0.39093542098999023
-27.148693084716797 9.481664657592773 -0.3902473449707031
-28.349048614501953 8.095907211303711 -0.3828263282775879
-29.105222702026367 7.368368148803711 -0.38033628463745117
-29.902999877929688 6.279691696166992 -0.35662269592285156

2
21.290130615234375 14.799226760864258 -0.34731340408325195
21.089256286621094 11.500465393066406 -0.3394312858581543
20.998001098632812 8.416242599487305 -0.32469940185546875
20.02347183227539 5.327913284301758 -0.4003925323486328
16.760780334472656 5.110267639160156 -0.39171934127807617
13.242778778076172 5.063892364501953 -0.40070152282714844
9.976768493652344 5.04389762878418 -0.3923044204711914
6.686729431152344 5.069173812866211 -0.38184022903442383
3.255756378173828 5.085664749145508 -0.3832206726074219
0.049774169921875 5.109844207763672 -0.38877010345458984
-3.1495227813720703 5.12748908996582 -0.39460134506225586
-6.24763298034668 5.076112747192383 -0.4194326400756836
-9.828327178955078 5.007846832275391 -0.44205188751220703
-13.066858291625977 4.881504058837891 -0.41936635971069336
-15.014630317687988 3.1448841094970703 -0.379335880279541
-18.169031143188477 3.52581787109375 -0.3601222038269043
-20.64864730834961 6.027589797973633 -0.4176216125488281
-19.652259826660156 8.268939971923828 -0.42049694061279297
-19.614776611328125 11.481681823730469 -0.49454736709594727
-19.709505081176758 14.809555053710938 -0.5210704803466797

2
29.826881408691406 -2.552760124206543 -0.30414724349975586
26.784343719482422 -2.56503963470459 -0.2993292808532715
23.70389175415039 -2.586496353149414 -0.3056659698486328
20.54684829711914 -2.577127456665039 -0.29665088653564453
17.38298797607422 -2.6120691299438477 -0.29471254348754883
14.199623107910156 -2.6256895065307617 -0.2981252670288086
10.969280242919922 -2.661036491394043 -0.2959156036376953
7.837245941162109 -2.667222023010254 -0.2886686325073242
4.697196960449219 -2.6813840866088867 -0.2845144271850586
1.4954681396484375 -2.7081985473632812 -0.2871894836425781
-1.7218799591064453 -2.70697021484375 -0.2873215675354004
-4.920255661010742 -2.711857795715332 -0.28931140899658203
-8.029661178588867 -2.7418766021728516 -0.299318790435791
-11.252155303955078 -2.7062997817993164 -0.31382036209106445
-14.414440155029297 -2.6958961486816406 -0.33641672134399414
-17.481061935424805 -2.9894914627075195 -0.30277395248413086
-19.34101104736328 -5.4476318359375 -0.24205780029296875
-19.29269027709961 -8.49656867980957 -0.16102313995361328
-19.179828643798828 -11.697568893432617 -0.06365251541137695
-19.10232162475586 -14.8098783493042 0.046549320220947266

2
-27.89543914794922 14.807497024536133 -0.43682146072387695
-27.852264404296875 14.266014099121094 -0.42551469802856445
-27.85151481628418 13.645118713378906 -0.40973472595214844
-27.78644561767578 13.04415512084961 -0.4189443588256836
-27.800201416015625 12.516263961791992 -0.43297338485717773
-27.956340789794922 11.899410247802734 -0.4250946044921875
-28.011226654052734 11.417896270751953 -0.41406917572021484
-27.86332130432129 10.724601745605469 -0.4242982864379883
-27.880964279174805 10.254354476928711 -0.40651559829711914
-27.984771728515625 9.547061920166016 -0.41588449478149414
-27.870080947875977 9.002401351928711 -0.4144401550292969
-27.68221664428711 8.518796920776367 -0.39899396896362305
-27.7232666015625 7.879325866699219 -0.40150928497314453
-27.923860549926758 7.507059097290039 -0.40080833435058594
-28.116943359375 6.878330230712891 -0.40693092346191406
-28.341068267822266 6.308174133300781 -0.4082322120666504
-28.587432861328125 5.749385833740234 -0.39840173721313477
-28.957435607910156 5.33595085144043 -0.40070581436157227
-29.27190589904785 5.093072891235352 -0.3837118148803711
-29.824077606201172 4.960742950439453 -0.3867058753967285

2
29.788047790527344 5.227148056030273 -0.4102144241333008
29.12230682373047 5.237060546875 -0.41089534759521484
28.463623046875 5.221761703491211 -0.40702104568481445
27.813549041748047 5.251422882080078 -0.40007543563842773
27.17400360107422 5.281789779663086 -0.3988065719604492
26.641498565673828 5.391935348510742 -0.38558340072631836
25.986656188964844 5.953800201416016 -0.37207698822021484
25.763301849365234 6.731870651245117 -0.34971094131469727
25.603553771972656 7.357473373413086 -0.34076404571533203
25.592998504638672 8.116889953613281 -0.3289480209350586
25.699176788330078 8.679878234863281 -0.32068872451782227
25.637832641601562 9.35397720336914 -0.33353567123413086
25.74581527709961 10.060644149780273 -0.3345942497253418
25.733047485351562 10.78274154663086 -0.34316349029541016
25.73357391357422 11.441627502441406 -0.3491392135620117
25.729942321777344 12.108610153198242 -0.36646127700805664
25.796775817871094 12.77548599243164 -0.3647589683532715
25.746463775634766 13.511632919311523 -0.36702537536621094
25.938568115234375 14.178112030029297 -0.37770891189575195
26.012310028076172 14.815073013305664 -0.36841297149658203

2
-28.076433181762695 -14.81087589263916 -0.05530881881713867
-27.757036209106445 -14.115157127380371 -0.06806755065917969
-27.720043182373047 -13.488908767700195 -0.06967973709106445
-27.745037078857422 -12.757007598876953 -0.09226083755493164
-27.798320770263672 -12.082566261291504 -0.0964808464050293
-27.80872344970703 -11.488142967224121 -0.1139841079711914
-27.618267059326172 -10.730659484863281 -0.12732791900634766
-27.614219665527344 -10.089948654174805 -0.13677644729614258
-27.7244815826416 -9.522327423095703 -0.1531696319580078
-27.552467346191406 -8.721553802490234 -0.16831588745117188
-27.51022720336914 -8.123326301574707 -0.19211196899414062
-27.571443557739258 -7.479337215423584 -0.2090315818786621
-27.493297576904297 -6.835039138793945 -0.23156309127807617
-27.589115142822266 -6.127470016479492 -0.25630712509155273
-27.768482208251953 -5.438383102416992 -0.2818026542663574
-27.889713287353516 -4.687560081481934 -0.2934532165527344
-28.136619567871094 -4.035831451416016 -0.3107748031616211
-28.634265899658203 -3.5060415267944336 -0.32637596130371094
-29.16624641418457 -3.222869873046875 -0.3303847312927246
-29.854825973510742 -3.0203514099121094 -0.3309206962585449

1
-28.915973663330078 -9.148294448852539 -0.07468652725219727
-27.19192123413086 -8.956493377685547 -0.08426427841186523
-25.626760482788086 -9.082561492919922 -0.06635332107543945
-23.915393829345703 -8.905313491821289 -0.07448625564575195
-22.25029945373535 -8.961502075195312 -0.08314943313598633
-20.65951156616211 -8.85780143737793 -0.07508134841918945
-19.11834716796875 -8.891204833984375 -0.08393621444702148
-18.254070281982422 -8.071584701538086 -0.12292623519897461
-18.024574279785156 -6.2546586990356445 -0.16672277450561523
-17.97162437438965 -4.694893836975098 -0.20170354843139648
-19.064430236816406 -4.300889015197754 -0.2167654037475586
-20.699193954467773 -4.305713653564453 -0.21834754943847656
-22.171445846557617 -4.344557762145996 -0.22432374954223633
-23.760570526123047 -4.373465538024902 -0.22790145874023438
-25.5340576171875 -4.392120361328125 -0.21949243545532227
-26.935871124267578 -4.476894378662109 -0.2297649383544922
-27.930112838745117 -4.5714216232299805 -0.23680639266967773
-28.584108352661133 -5.993590354919434 -0.20418405532836914
-28.579998016357422 -7.503717422485352 -0.13513994216918945
-28.672130584716797 -9.126474380493164 -0.07007408142089844

1
-29.801984786987305 -4.793456077575684 -0.22663211822509766
-29.1820011138916 -4.825084686279297 -0.2402043342590332
-28.466604232788086 -4.907968521118164 -0.2415604591369629
-28.19929313659668 -4.57801628112793 -0.2483973503112793
-27.976781845092773 -3.459465980529785 -0.2663102149963379
-27.96333885192871 -2.5480499267578125 -0.2844529151916504
-27.986713409423828 -1.6202888488769531 -0.28557777404785156
-28.01262664794922 -0.7893009185791016 -0.2980375289916992
-28.079242706298828 0.18969345092773438 -0.3146376609802246
-28.043670654296875 1.1595287322998047 -0.3217287063598633
-27.990293502807617 2.1684131622314453 -0.33257579803466797
-27.815746307373047 2.9681549072265625 -0.3456735610961914
-27.81264877319336 3.855222702026367 -0.3629131317138672
-27.70395278930664 4.783288955688477 -0.37094831466674805
-27.67818832397461 5.508848190307617 -0.3854832649230957
-27.79909324645996 6.561067581176758 -0.39562225341796875
-28.026498794555664 7.402345657348633 -0.41872310638427734
-28.42460823059082 7.64616584777832 -0.39019346237182617
-28.971155166625977 7.72105598449707 -0.36820316314697266
-29.874752044677734 7.511659622192383 -0.35054874420166016

1
-18.594030380249023 4.949108123779297 -0.3242802619934082
-18.513656616210938 3.4733009338378906 -0.31925201416015625
-18.56439208984375 1.9371910095214844 -0.2956376075744629
-18.593324661254883 0.5506591796875 -0.26691532135009766
-18.386547088623047 -0.9548854827880859 -0.250485897064209
-18.444564819335938 -2.4917173385620117 -0.22287797927856445
-18.55089569091797 -3.9642839431762695 -0.19527959823608398
-18.57601547241211 -5.240727424621582 -0.18699884414672852
-17.089258193969727 -4.75943660736084 -0.19531822204589844
-15.580631256103516 -4.323230743408203 -0.20179367065429688
-14.097880363464355 -3.8772268295288086 -0.19668912887573242
-13.812707901000977 -2.702341079711914 -0.21435213088989258
-13.838485717773438 -1.2548809051513672 -0.2429203987121582
-13.799873352050781 0.19571685791015625 -0.2899184226989746
-13.819355010986328 1.6599502563476562 -0.3389244079589844
-13.855154037475586 3.1159439086914062 -0.3774542808532715
-14.029664039611816 4.382381439208984 -0.3910794258117676
-15.562164306640625 4.584758758544922 -0.3648414611816406
-16.96146011352539 4.721036911010742 -0.34535884857177734
-18.53215789794922 4.938972473144531 -0.32924461364746094

