1
-29.8143310546875 4.904319763183594 -0.3652372360229492
-28.431058883666992 4.974985122680664 -0.3660545349121094
-26.952600479125977 4.867818832397461 -0.36122608184814453
-25.27635955810547 4.896173477172852 -0.3515167236328125
-23.78922462463379 4.904489517211914 -0.34154844284057617
-22.350048065185547 4.90626335144043 -0.3379063606262207
-20.904937744140625 4.90052604675293 -0.3304619789123535
-19.712596893310547 4.931344985961914 -0.3284444808959961
-19.377498626708984 5.983930587768555 -0.3459901809692383
-19.30918312072754 7.503929138183594 -0.3780374526977539
-19.293930053710938 9.018013000488281 -0.3964958190917969
-19.984878540039062 9.576061248779297 -0.4075899124145508
-21.34617042541504 9.529851913452148 -0.4105525016784668
-23.29179573059082 9.457950592041016 -0.39922046661376953
-24.616121292114258 9.514890670776367 -0.3787050247192383
-26.105403900146484 9.459774017333984 -0.3785090446472168
-27.142961502075195 9.51038932800293 -0.3810434341430664
-28.18979263305664 9.001775741577148 -0.37822771072387695
-29.160634994506836 7.6594390869140625 -0.37726306915283203
-29.923627853393555 6.903654098510742 -0.34474992752075195

2
20.798599243164062 14.801286697387695 -0.33701610565185547
20.598464965820312 11.507644653320312 -0.3344845771789551
20.614856719970703 8.40005111694336 -0.31896400451660156
19.588237762451172 5.30427360534668 -0.39324951171875
16.276596069335938 5.116725921630859 -0.3863334655761719
12.86029052734375 5.058847427368164 -0.3955249786376953
9.594532012939453 5.044340133666992 -0.3853778839111328
6.292564392089844 5.066720962524414 -0.37407398223876953
2.8167991638183594 5.088781356811523 -0.37283849716186523
-0.3666820526123047 5.099382400512695 -0.37911462783813477
-3.629934310913086 5.124702453613281 -0.3879852294921875
-6.682373046875 5.083738327026367 -0.413754940032959
-10.251710891723633 5.004354476928711 -0.4339756965637207
-13.466548919677734 4.867067337036133 -0.41069889068603516
-15.327767372131348 3.1152782440185547 -0.37381505966186523
-18.557010650634766 3.5454578399658203 -0.3534364700317383
-21.0139102935791 6.080957412719727 -0.40810298919677734
-20.020671844482422 8.308605194091797 -0.4086728096008301
-20.011260986328125 11.476348876953125 -0.48394775390625
-19.972530364990234 14.812812805175781 -0.4968113899230957

2
29.827964782714844 -2.560359001159668 -0.3135652542114258
26.771591186523438 -2.5657615661621094 -0.30603504180908203
23.661415100097656 -2.585263252258301 -0.31177473068237305
20.48889923095703 -2.5711631774902344 -0.30269956588745117
17.308048248291016 -2.616147041320801 -0.30054521560668945
14.132850646972656 -2.6243467330932617 -0.3031907081604004
10.8524169921875 -2.650136947631836 -0.2998623847961426
7.68414306640625 -2.6639060974121094 -0.29218435287475586
4.543087005615234 -2.674370765686035 -0.28792238235473633
1.3319664001464844 -2.7010316848754883 -0.28922176361083984
-1.892608642578125 -2.6989898681640625 -0.2905311584472656
-5.0941619873046875 -2.7058963775634766 -0.2907586097717285
-8.176033020019531 -2.745227813720703 -0.2998776435852051
-11.432577133178711 -2.72308349609375 -0.3146677017211914
-14.604042053222656 -2.7057857513427734 -0.33695125579833984
-17.71764373779297 -2.9597702026367188 -0.3071632385253906
-19.597267150878906 -5.392679214477539 -0.2447199821472168
-19.512096405029297 -8.460583686828613 -0.1633448600769043
-19.418739318847656 -11.658966064453125 -0.07005739212036133
-19.44381332397461 -14.809484481811523 0.03954935073852539

2
29.79248046875 5.245332717895508 -0.4050869941711426
29.10071563720703 5.253690719604492 -0.4099102020263672
28.424137115478516 5.231576919555664 -0.40320634841918945
27.72354507446289 5.250085830688477 -0.3994874954223633
27.018619537353516 5.264928817749023 -0.3967561721801758
26.47447967529297 5.326454162597656 -0.3840632438659668
25.78824234008789 5.689096450805664 -0.37662458419799805
25.425373077392578 6.461885452270508 -0.35103845596313477
25.139556884765625 7.107339859008789 -0.3381929397583008
25.11098861694336 7.8344268798828125 -0.3200364112854004
25.174312591552734 8.460615158081055 -0.31506776809692383
25.129859924316406 9.146671295166016 -0.32629919052124023
25.175457000732422 9.865036010742188 -0.3295860290527344
25.249614715576172 10.648626327514648 -0.33553028106689453
25.247295379638672 11.291156768798828 -0.3444485664367676
25.24126434326172 12.020570755004883 -0.35529088973999023
25.273666381835938 12.710878372192383 -0.35735654830932617
25.25542449951172 13.430986404418945 -0.3603053092956543
25.415237426757812 14.136363983154297 -0.3691868782043457
25.52239990234375 14.813634872436523 -0.3536996841430664

1
-29.20271873474121 -9.144013404846191 -0.07697486877441406
-27.532386779785156 -9.019264221191406 -0.08825206756591797
-25.959606170654297 -9.133462905883789 -0.06917524337768555
-24.301025390625 -8.94606876373291 -0.07811260223388672
-22.492111206054688 -8.987092018127441 -0.08744192123413086
-21.029558181762695 -8.917545318603516 -0.07790660858154297
-19.463539123535156 -8.940378189086914 -0.08461856842041016
-18.520240783691406 -8.173599243164062 -0.1252732276916504
-18.29756736755371 -6.388978958129883 -0.16286134719848633
-18.241016387939453 -4.839205741882324 -0.20239973068237305
-19.296096801757812 -4.345884323120117 -0.218475341796875
-21.013153076171875 -4.341168403625488 -0.21938467025756836
-22.335220336914062 -4.337185859680176 -0.22820806503295898
-23.919635772705078 -4.378898620605469 -0.23247623443603516
-25.541711807250977 -4.383612632751465 -0.22242450714111328
-26.933589935302734 -4.50508975982666 -0.2325901985168457
-27.929466247558594 -4.555756568908691 -0.2429060935974121
-28.725448608398438 -5.588434219360352 -0.2142491340637207
-28.788564682006836 -7.530926704406738 -0.14786624908447266
-29.006772994995117 -9.037576675415039 -0.0901498794555664

2
-28.37436866760254 14.8134765625 -0.4255251884460449
-28.320878982543945 14.272613525390625 -0.4139218330383301
-28.318830490112305 13.745546340942383 -0.4061570167541504
-28.303756713867188 13.172859191894531 -0.403414249420166
-28.356382369995117 12.568897247314453 -0.41262102127075195
-28.39984703063965 11.978124618530273 -0.4096207618713379
-28.41725730895996 11.51921272277832 -0.4030728340148926
-28.31562614440918 10.889066696166992 -0.41001129150390625
-28.303071975708008 10.433843612670898 -0.3954453468322754
-28.366514205932617 9.824026107788086 -0.4033851623535156
-28.33620262145996 9.333486557006836 -0.39931440353393555
-28.124048233032227 8.73881721496582 -0.39236974716186523
-28.116426467895508 8.063636779785156 -0.39319372177124023
-28.249237060546875 7.71653938293457 -0.38478660583496094
-28.332813262939453 7.097751617431641 -0.3942265510559082
-28.521038055419922 6.551511764526367 -0.3945317268371582
-28.758628845214844 6.010772705078125 -0.3833580017089844
-29.051416397094727 5.524747848510742 -0.3863048553466797
-29.341625213623047 5.220972061157227 -0.37323951721191406
-29.841543197631836 5.062646865844727 -0.3739323616027832

2
-28.306201934814453 -14.806536674499512 -0.06198406219482422
-28.067127227783203 -14.151944160461426 -0.07628440856933594
-28.00798797607422 -13.545599937438965 -0.0729227066040039
-28.059043884277344 -12.846433639526367 -0.08791065216064453
-28.099763870239258 -12.19204330444336 -0.09560585021972656
-28.128681182861328 -11.639225959777832 -0.11403369903564453
-27.9324951171875 -10.840641021728516 -0.12508344650268555
-27.947757720947266 -10.26124095916748 -0.1350412368774414
-28.0107479095459 -9.5863618850708 -0.15390777587890625
-27.842601776123047 -8.856624603271484 -0.16804742813110352
-27.814096450805664 -8.362556457519531 -0.1904444694519043
-27.903593063354492 -7.6251115798950195 -0.21038532257080078
-27.842172622680664 -7.073346138000488 -0.22985601425170898
-27.901634216308594 -6.394721984863281 -0.25336360931396484
-28.037092208862305 -5.736843109130859 -0.2777104377746582
-28.163267135620117 -5.053081512451172 -0.2897505760192871
-28.380495071411133 -4.453324317932129 -0.30374622344970703
-28.761693954467773 -3.84183406829834 -0.32691192626953125
-29.227842330932617 -3.451390266418457 -0.33175134658813477
-29.868207931518555 -3.1952972412109375 -0.3332371711730957

1
-29.836767196655273 -4.936771392822266 -0.2337799072265625
-29.324012756347656 -4.951944351196289 -0.2447504997253418
-28.74818229675293 -4.926214218139648 -0.24776601791381836
-28.588777542114258 -4.285518646240234 -0.25285768508911133
-28.425640106201172 -3.3499813079833984 -0.27549314498901367
-28.333988189697266 -2.4808177947998047 -0.28628015518188477
-28.413799285888672 -1.6216497421264648 -0.28923654556274414
-28.481647491455078 -0.7896022796630859 -0.3006892204284668
-28.569557189941406 0.15813446044921875 -0.31509923934936523
-28.525014877319336 0.9948205947875977 -0.3189816474914551
-28.422727584838867 2.086925506591797 -0.32974958419799805
-28.283937454223633 2.8766403198242188 -0.3394765853881836
-28.24728775024414 3.664216995239258 -0.3508882522583008
-28.23301887512207 4.558555603027344 -0.3593258857727051
-28.232547760009766 5.229387283325195 -0.3713417053222656
-28.278839111328125 6.188253402709961 -0.3744926452636719
-28.31563949584961 7.14067268371582 -0.39885425567626953
-28.69132423400879 7.590579986572266 -0.3699202537536621
-29.17119026184082 7.734884262084961 -0.35524463653564453
-29.898990631103516 7.6061553955078125 -0.3398747444152832

1
-19.10666847229004 5.022409439086914 -0.3289799690246582
-18.965890884399414 3.5074100494384766 -0.3205380439758301
-19.000324249267578 1.976785659790039 -0.3000173568725586
-19.03350257873535 0.5433712005615234 -0.26570940017700195
-18.85265350341797 -0.9241809844970703 -0.24813556671142578
-18.936769485473633 -2.470095634460449 -0.22075271606445312
-18.969806671142578 -3.9318151473999023 -0.1959676742553711
-18.962364196777344 -5.239557266235352 -0.18567514419555664
-17.57122802734375 -4.808262825012207 -0.1927952766418457
-16.033504486083984 -4.371438980102539 -0.20119953155517578
-14.580050468444824 -3.909855842590332 -0.19611692428588867
-14.243921279907227 -2.681070327758789 -0.21367359161376953
-14.310754776000977 -1.2574520111083984 -0.23932361602783203
-14.2356595993042 0.1852407455444336 -0.2881302833557129
-14.264126777648926 1.7235050201416016 -0.33833742141723633
-14.235344886779785 3.137685775756836 -0.36964845657348633
-14.439764976501465 4.418901443481445 -0.3876347541809082
-15.984771728515625 4.582063674926758 -0.36472034454345703
-17.338268280029297 4.758182525634766 -0.34524011611938477
-18.962358474731445 4.958831787109375 -0.3245692253112793

