1
-29.813663482666016 4.878923416137695 -0.34477663040161133
-28.49958610534668 4.905815124511719 -0.345339298248291
-27.108999252319336 4.850652694702148 -0.33873462677001953
-25.584318161010742 4.862094879150391 -0.3280467987060547
-24.240459442138672 4.893270492553711 -0.32321691513061523
-22.829666137695312 4.8788604736328125 -0.31674814224243164
-21.505083084106445 4.867610931396484 -0.31048059463500977
-20.247722625732422 4.87164306640625 -0.3048210144042969
-19.90468978881836 5.828832626342773 -0.3245062828063965
-19.926658630371094 7.271665573120117 -0.35045814514160156
-19.748254776000977 8.738775253295898 -0.3676328659057617
-20.281387329101562 9.51397705078125 -0.3826441764831543
-21.313440322875977 9.527921676635742 -0.3912386894226074
-23.172216415405273 9.467512130737305 -0.3786325454711914
-24.522470474243164 9.520116806030273 -0.3602733612060547
-25.95267105102539 9.490922927856445 -0.35387611389160156
-27.0385799407959 9.499507904052734 -0.3548407554626465
-28.035411834716797 9.355979919433594 -0.3535928726196289
-29.099294662475586 8.406862258911133 -0.33966732025146484
-29.92041778564453 7.444246292114258 -0.3247408866882324

2
19.992435455322266 14.802877426147461 -0.356658935546875
19.90338134765625 11.533308029174805 -0.35094308853149414
19.98720932006836 8.378807067871094 -0.33579111099243164
19.088092803955078 5.304460525512695 -0.4085860252380371
15.723121643066406 5.099340438842773 -0.3971829414367676
12.466339111328125 5.064874649047852 -0.406033992767334
9.151153564453125 5.055686950683594 -0.39227294921875
5.834571838378906 5.074546813964844 -0.3807716369628906
2.3709640502929688 5.089260101318359 -0.3738441467285156
-0.7910346984863281 5.102289199829102 -0.3751707077026367
-4.177785873413086 5.125282287597656 -0.3811531066894531
-7.294912338256836 5.083049774169922 -0.40394067764282227
-11.010854721069336 4.985994338989258 -0.4191765785217285
-14.115884780883789 4.85392951965332 -0.3915882110595703
-15.899404525756836 3.1198558807373047 -0.3586440086364746
-19.086666107177734 3.5581398010253906 -0.33593273162841797
-21.496925354003906 6.057638168334961 -0.3913745880126953
-20.50306510925293 8.389238357543945 -0.3939051628112793
-20.477619171142578 11.473445892333984 -0.4666166305541992
-20.577014923095703 14.818120956420898 -0.4683370590209961

2
29.82535171508789 -2.514179229736328 -0.3509345054626465
26.745410919189453 -2.516803741455078 -0.33716630935668945
23.61481475830078 -2.5409555435180664 -0.33550024032592773
20.42290496826172 -2.536229133605957 -0.32520008087158203
17.24311065673828 -2.586920738220215 -0.31966209411621094
14.036201477050781 -2.5958852767944336 -0.3175344467163086
10.739822387695312 -2.6369447708129883 -0.31118297576904297
7.527271270751953 -2.6655750274658203 -0.3000354766845703
4.305423736572266 -2.6770524978637695 -0.29346179962158203
1.1480960845947266 -2.7064361572265625 -0.29017162322998047
-2.1029739379882812 -2.7131052017211914 -0.2913370132446289
-5.389730453491211 -2.7359933853149414 -0.2888326644897461
-8.457185745239258 -2.7744150161743164 -0.2974205017089844
-11.714279174804688 -2.7679052352905273 -0.30719709396362305
-14.90609073638916 -2.758334159851074 -0.3227667808532715
-18.070510864257812 -2.978717803955078 -0.29892826080322266
-20.041458129882812 -5.328810691833496 -0.2396988868713379
-19.919034957885742 -8.418071746826172 -0.15626144409179688
-19.809476852416992 -11.626602172851562 -0.06413125991821289
-19.884489059448242 -14.806928634643555 0.04032278060913086

2
29.798931121826172 5.267534255981445 -0.4315781593322754
29.083969116210938 5.2736968994140625 -0.43435049057006836
28.379398345947266 5.259885787963867 -0.42327308654785156
27.65310287475586 5.263833999633789 -0.422332763671875
26.88886260986328 5.271144866943359 -0.4192056655883789
26.31078338623047 5.311000823974609 -0.40965747833251953
25.660968780517578 5.509878158569336 -0.4074835777282715
25.188865661621094 6.204021453857422 -0.3821730613708496
24.786754608154297 6.92976188659668 -0.36646413803100586
24.67591094970703 7.597812652587891 -0.3438444137573242
24.729778289794922 8.245975494384766 -0.333620548248291
24.6483154296875 8.964035034179688 -0.34327268600463867
24.652008056640625 9.698652267456055 -0.3494391441345215
24.666275024414062 10.536331176757812 -0.35352230072021484
24.692047119140625 11.13656997680664 -0.3661627769470215
24.710643768310547 11.911676406860352 -0.3747882843017578
24.645488739013672 12.623886108398438 -0.3775186538696289
24.682891845703125 13.357505798339844 -0.3823270797729492
24.785186767578125 14.110454559326172 -0.389737606048584
24.75112533569336 14.808744430541992 -0.37940168380737305

1
-29.52399444580078 -9.110612869262695 -0.06630229949951172
-28.067481994628906 -9.032607078552246 -0.07878303527832031
-26.47265625 -9.062976837158203 -0.058397769927978516
-24.98572540283203 -8.961343765258789 -0.06458187103271484
-23.27832794189453 -9.000028610229492 -0.07554149627685547
-21.785541534423828 -8.982199668884277 -0.07066726684570312
-19.990413665771484 -8.944650650024414 -0.0751800537109375
-19.08414649963379 -8.401028633117676 -0.1112666130065918
-18.786134719848633 -6.737922668457031 -0.1422123908996582
-18.722492218017578 -5.198077201843262 -0.1877894401550293
-19.396621704101562 -4.438055992126465 -0.20992660522460938
-20.99716567993164 -4.385432243347168 -0.21351289749145508
-22.316936492919922 -4.356020927429199 -0.22001981735229492
-23.798503875732422 -4.370258331298828 -0.2271733283996582
-25.293052673339844 -4.352109909057617 -0.21480798721313477
-26.707536697387695 -4.486362457275391 -0.2254185676574707
-27.765697479248047 -4.501323699951172 -0.23491811752319336
-28.692678451538086 -5.0935564041137695 -0.21535587310791016
-29.10333824157715 -7.226129531860352 -0.1546306610107422
-29.42186164855957 -9.097694396972656 -0.09875249862670898

1
-19.595104217529297 4.988761901855469 -0.3131837844848633
-19.374725341796875 3.461467742919922 -0.3143887519836426
-19.455734252929688 1.9884071350097656 -0.2938241958618164
-19.48898696899414 0.46472835540771484 -0.2563457489013672
-19.36520767211914 -0.9685859680175781 -0.23401689529418945
-19.475862503051758 -2.459599494934082 -0.20532989501953125
-19.455564498901367 -3.8896350860595703 -0.19305419921875
-19.26134490966797 -5.208845138549805 -0.18212270736694336
-18.02764129638672 -4.857077598571777 -0.1905055046081543
-16.520057678222656 -4.389691352844238 -0.2003173828125
-15.102326393127441 -3.9580307006835938 -0.19529294967651367
-14.73802375793457 -2.6733226776123047 -0.21203994750976562
-14.754781723022461 -1.2282276153564453 -0.22586488723754883
-14.762556076049805 0.1864185333251953 -0.2804865837097168
-14.812592506408691 1.7419891357421875 -0.3224310874938965
-14.69274616241455 3.087017059326172 -0.34284019470214844
-14.903156280517578 4.3983306884765625 -0.3658561706542969
-16.506641387939453 4.558393478393555 -0.3537569046020508
-17.994876861572266 4.790397644042969 -0.3330202102661133
-19.55242156982422 4.9674224853515625 -0.31374263763427734

2
-28.63141632080078 -14.801286697387695 -0.05114030838012695
-28.55912971496582 -14.153599739074707 -0.06442785263061523
-28.47840118408203 -13.59935474395752 -0.06352901458740234
-28.55879783630371 -12.948419570922852 -0.07049846649169922
-28.58647918701172 -12.321867942810059 -0.07520866394042969
-28.592397689819336 -11.799521446228027 -0.09470987319946289
-28.474620819091797 -11.074054718017578 -0.10624027252197266
-28.47502899169922 -10.469197273254395 -0.11682605743408203
-28.524539947509766 -9.869548797607422 -0.13669490814208984
-28.404129028320312 -9.147941589355469 -0.1530170440673828
-28.31426429748535 -8.520421981811523 -0.17731952667236328
-28.34014129638672 -7.833398818969727 -0.1882624626159668
-28.25779914855957 -7.270533561706543 -0.20601606369018555
-28.298160552978516 -6.630756378173828 -0.22848796844482422
-28.414384841918945 -6.074678421020508 -0.25648069381713867
-28.537586212158203 -5.39193058013916 -0.27171993255615234
-28.65139389038086 -4.6894121170043945 -0.2875800132751465
-28.938508987426758 -3.9821577072143555 -0.3004121780395508
-29.31909942626953 -3.62221622467041 -0.31794214248657227
-29.888044357299805 -3.3026580810546875 -0.31803417205810547

2
-28.919586181640625 14.808120727539062 -0.38251781463623047
-28.874164581298828 14.314739227294922 -0.3763236999511719
-28.856626510620117 13.824691772460938 -0.3747415542602539
-28.8819522857666 13.282257080078125 -0.36377429962158203
-28.91242790222168 12.679872512817383 -0.3753523826599121
-28.961118698120117 12.150957107543945 -0.3707456588745117
-28.929948806762695 11.695182800292969 -0.3545804023742676
-28.923337936401367 11.169698715209961 -0.3691139221191406
-28.81664276123047 10.671792984008789 -0.3610501289367676
-28.886751174926758 10.101707458496094 -0.37795448303222656
-28.821413040161133 9.685771942138672 -0.35715246200561523
-28.734939575195312 9.109827041625977 -0.3656940460205078
-28.548473358154297 8.405128479003906 -0.36497068405151367
-28.601110458374023 7.911458969116211 -0.3591017723083496
-28.665271759033203 7.641321182250977 -0.37314319610595703
-28.709157943725586 7.000425338745117 -0.3656606674194336
-28.95192527770996 6.4384918212890625 -0.35699987411499023
-29.154972076416016 5.889671325683594 -0.35908079147338867
-29.387292861938477 5.526802062988281 -0.35182762145996094
-29.842605590820312 5.273433685302734 -0.3598823547363281

1
-29.867815017700195 -4.896976470947266 -0.22644996643066406
-29.436717987060547 -4.911685943603516 -0.23920631408691406
-29.050495147705078 -4.5960693359375 -0.2447509765625
-28.874204635620117 -3.912968635559082 -0.25020885467529297
-28.92515754699707 -3.0262346267700195 -0.2627601623535156
-28.75719451904297 -2.040738105773926 -0.2739982604980469
-28.841577529907227 -1.524601936340332 -0.27689218521118164
-28.90608024597168 -0.7022533416748047 -0.28382444381713867
-29.014429092407227 0.16271209716796875 -0.2955803871154785
-28.956722259521484 1.0131568908691406 -0.29726648330688477
-28.845661163330078 2.0010623931884766 -0.30356693267822266
-28.765111923217773 2.8746261596679688 -0.3171820640563965
-28.716154098510742 3.496988296508789 -0.32872676849365234
-28.686168670654297 4.3974609375 -0.33333587646484375
-28.708833694458008 5.050031661987305 -0.3428792953491211
-28.717239379882812 5.86170768737793 -0.3354001045227051
-28.7742919921875 6.53807258605957 -0.34938573837280273
-29.006359100341797 7.462665557861328 -0.3312664031982422
-29.397890090942383 7.724720001220703 -0.32070207595825195
-29.92607879638672 7.742870330810547 -0.30364513397216797

