1
-29.802087783813477 4.859880447387695 -0.3503913879394531
-28.567548751831055 4.836088180541992 -0.3505439758300781
-27.18772315979004 4.832651138305664 -0.3455648422241211
-25.830530166625977 4.8574066162109375 -0.3347048759460449
-24.619274139404297 4.8347015380859375 -0.329953670501709
-23.318553924560547 4.811580657958984 -0.322235107421875
-21.972248077392578 4.816469192504883 -0.3225111961364746
-20.723995208740234 4.7967529296875 -0.31268787384033203
-20.43928337097168 5.7080230712890625 -0.3335909843444824
-20.41748809814453 6.981189727783203 -0.36012840270996094
-20.312841415405273 8.404121398925781 -0.37558984756469727
-20.54261016845703 9.384340286254883 -0.38972902297973633
-21.423246383666992 9.452949523925781 -0.4029884338378906
-23.12029266357422 9.453119277954102 -0.3910202980041504
-24.3858699798584 9.467992782592773 -0.3709716796875
-25.743101119995117 9.458368301391602 -0.3640608787536621
-26.910484313964844 9.4444580078125 -0.36327266693115234
-27.924850463867188 9.381767272949219 -0.3611140251159668
-28.923566818237305 9.0843505859375 -0.36382007598876953
-29.915050506591797 8.670305252075195 -0.3426094055175781

2
29.827648162841797 -2.5218420028686523 -0.3317103385925293
26.69912338256836 -2.5290889739990234 -0.3217463493347168
23.549915313720703 -2.552652359008789 -0.32449913024902344
20.329620361328125 -2.550769805908203 -0.3159909248352051
17.140987396240234 -2.602200508117676 -0.31035327911376953
13.87759780883789 -2.5989694595336914 -0.3105320930480957
10.579814910888672 -2.6424779891967773 -0.3051152229309082
7.339931488037109 -2.6641626358032227 -0.2934865951538086
4.033760070800781 -2.6847457885742188 -0.28765296936035156
0.8921089172363281 -2.7063350677490234 -0.28589868545532227
-2.339509963989258 -2.720754623413086 -0.2892303466796875
-5.7306060791015625 -2.736440658569336 -0.28783273696899414
-8.877843856811523 -2.7636613845825195 -0.29535675048828125
-12.098278045654297 -2.7788705825805664 -0.3058009147644043
-15.23298454284668 -2.7437686920166016 -0.3171839714050293
-18.544269561767578 -2.9433717727661133 -0.2979774475097656
-20.543289184570312 -5.148197174072266 -0.23750686645507812
-20.5460205078125 -8.359016418457031 -0.15228939056396484
-20.51205825805664 -11.589532852172852 -0.056995391845703125
-20.59908676147461 -14.806547164916992 0.05390214920043945

1
-29.810697555541992 -8.972797393798828 -0.05074739456176758
-28.640844345092773 -8.999218940734863 -0.06535720825195312
-27.19050407409668 -8.984538078308105 -0.05697202682495117
-25.924694061279297 -8.985126495361328 -0.05541801452636719
-24.611135482788086 -8.87959098815918 -0.06915426254272461
-23.138423919677734 -8.942253112792969 -0.061887264251708984
-21.523616790771484 -9.041802406311035 -0.06280183792114258
-20.115089416503906 -8.894371032714844 -0.08008527755737305
-19.75763511657715 -7.872873306274414 -0.10645198822021484
-19.619964599609375 -6.316129684448242 -0.15288686752319336
-19.568559646606445 -5.022665977478027 -0.1908435821533203
-19.973840713500977 -4.354958534240723 -0.20759057998657227
-21.344764709472656 -4.239595413208008 -0.2101283073425293
-22.74787139892578 -4.316719055175781 -0.21860504150390625
-24.243995666503906 -4.346906661987305 -0.20717763900756836
-25.594497680664062 -4.347862243652344 -0.21206903457641602
-26.934812545776367 -4.383852958679199 -0.23163366317749023
-28.166749954223633 -4.5300703048706055 -0.2264237403869629
-29.19904136657715 -4.962791442871094 -0.2010030746459961
-29.869464874267578 -5.575839042663574 -0.2001500129699707

2
19.607887268066406 14.803400039672852 -0.37066030502319336
19.642398834228516 11.507892608642578 -0.3672657012939453
19.701431274414062 8.353141784667969 -0.3475818634033203
18.743812561035156 5.302186965942383 -0.4263315200805664
15.313980102539062 5.104732513427734 -0.40676450729370117
12.170211791992188 5.058053970336914 -0.42055225372314453
8.713077545166016 5.059104919433594 -0.4036130905151367
5.474246978759766 5.073530197143555 -0.3933749198913574
1.9779815673828125 5.082664489746094 -0.3821544647216797
-1.1930789947509766 5.097381591796875 -0.38507080078125
-4.611185073852539 5.097743988037109 -0.3868403434753418
-7.690301895141602 5.063287734985352 -0.41078853607177734
-11.449020385742188 4.971132278442383 -0.4240407943725586
-14.642223358154297 4.819841384887695 -0.39980506896972656
-16.34320068359375 3.094268798828125 -0.3658618927001953
-19.513187408447266 3.490589141845703 -0.34370851516723633
-21.93757438659668 5.969612121582031 -0.39897632598876953
-20.92901039123535 8.395143508911133 -0.40601110458374023
-20.850460052490234 11.465965270996094 -0.47994518280029297
-20.901281356811523 14.81695556640625 -0.4840259552001953

2
29.80248260498047 5.267124176025391 -0.43456411361694336
29.078201293945312 5.266645431518555 -0.4340510368347168
28.344932556152344 5.255443572998047 -0.42398786544799805
27.573436737060547 5.257631301879883 -0.4230771064758301
26.768203735351562 5.253992080688477 -0.42160892486572266
26.148441314697266 5.25946044921875 -0.4152398109436035
25.458755493164062 5.330877304077148 -0.41394758224487305
24.909957885742188 5.800222396850586 -0.401914119720459
24.467025756835938 6.623239517211914 -0.37687253952026367
24.255794525146484 7.319580078125 -0.35468101501464844
24.335636138916016 8.03836441040039 -0.33923864364624023
24.248916625976562 8.726669311523438 -0.3491511344909668
24.216583251953125 9.541496276855469 -0.35780811309814453
24.243316650390625 10.352319717407227 -0.3629441261291504
24.223342895507812 11.026838302612305 -0.37836456298828125
24.250343322753906 11.790010452270508 -0.38849925994873047
24.21108627319336 12.582700729370117 -0.3958730697631836
24.21646499633789 13.348495483398438 -0.3989882469177246
24.300674438476562 14.089157104492188 -0.4076709747314453
24.375316619873047 14.807544708251953 -0.40137243270874023

1
-20.054954528808594 4.882785797119141 -0.31839561462402344
-19.831226348876953 3.506776809692383 -0.3097405433654785
-19.952482223510742 1.9883689880371094 -0.28329038619995117
-19.951190948486328 0.4281482696533203 -0.2590522766113281
-19.90846824645996 -0.9594316482543945 -0.2499527931213379
-19.964153289794922 -2.401226043701172 -0.24884748458862305
-20.061227798461914 -3.821852684020996 -0.2260298728942871
-19.964311599731445 -5.215370178222656 -0.21542596817016602
-18.576053619384766 -4.7942352294921875 -0.21351861953735352
-17.199031829833984 -4.4272871017456055 -0.2006688117980957
-15.753564834594727 -3.9893436431884766 -0.2023754119873047
-15.167076110839844 -2.839061737060547 -0.21175575256347656
-15.254328727722168 -1.2995109558105469 -0.24317216873168945
-15.265682220458984 0.12903404235839844 -0.26182985305786133
-15.317948341369629 1.6290817260742188 -0.3016543388366699
-15.231112480163574 3.029115676879883 -0.3397178649902344
-15.39539623260498 4.314128875732422 -0.3562307357788086
-16.80850601196289 4.510074615478516 -0.3648862838745117
-18.461811065673828 4.695444107055664 -0.3369460105895996
-20.000171661376953 4.961736679077148 -0.3199148178100586

2
-29.213359832763672 -14.801307678222656 -0.030712127685546875
-29.118864059448242 -14.222550392150879 -0.04543733596801758
-29.10918426513672 -13.720062255859375 -0.04735231399536133
-29.190208435058594 -13.14785099029541 -0.052329063415527344
-29.199050903320312 -12.548711776733398 -0.06907510757446289
-29.146114349365234 -12.104515075683594 -0.08319377899169922
-29.225353240966797 -11.635807037353516 -0.09262418746948242
-29.20615005493164 -10.934797286987305 -0.10748529434204102
-29.225311279296875 -10.392126083374023 -0.11186504364013672
-29.208454132080078 -9.774801254272461 -0.12814855575561523
-29.08051109313965 -9.034730911254883 -0.16173791885375977
-29.15748405456543 -8.521829605102539 -0.16350078582763672
-29.11143684387207 -7.724815845489502 -0.17535829544067383
-29.08711051940918 -7.269383430480957 -0.20126962661743164
-29.10414695739746 -6.739508628845215 -0.21795368194580078
-29.12392807006836 -6.099279403686523 -0.2311878204345703
-29.204940795898438 -5.569555282592773 -0.26476144790649414
-29.347822189331055 -4.783356666564941 -0.2787008285522461
-29.575180053710938 -4.200963973999023 -0.29260873794555664
-29.938932418823242 -4.037971496582031 -0.2986326217651367

2
-29.339262008666992 14.803674697875977 -0.40392637252807617
-29.21029281616211 14.36423110961914 -0.4012017250061035
-29.216079711914062 13.906314849853516 -0.39931631088256836
-29.2943172454834 13.39908218383789 -0.3874683380126953
-29.326135635375977 12.919095993041992 -0.40083885192871094
-29.342540740966797 12.435197830200195 -0.39283227920532227
-29.26904296875 11.947868347167969 -0.3709750175476074
-29.305105209350586 11.45124626159668 -0.37697553634643555
-29.25815200805664 10.94803237915039 -0.3700113296508789
-29.275617599487305 10.619304656982422 -0.380251407623291
-29.18341064453125 10.024703979492188 -0.36846351623535156
-29.123424530029297 9.617288589477539 -0.3643302917480469
-29.025123596191406 9.021722793579102 -0.38016748428344727
-29.039081573486328 8.416492462158203 -0.37937116622924805
-29.011930465698242 7.926019668579102 -0.3824138641357422
-29.03125 7.714517593383789 -0.37671899795532227
-29.140121459960938 7.017435073852539 -0.3733696937561035
-29.33457374572754 6.439672470092773 -0.37113475799560547
-29.49681854248047 6.077297210693359 -0.3675389289855957
-29.873653411865234 5.72508430480957 -0.36868858337402344

1
-29.910152435302734 -5.012259483337402 -0.24831151962280273
-29.627593994140625 -4.788198471069336 -0.24616146087646484
-29.426921844482422 -3.955242156982422 -0.26444196701049805
-29.49177360534668 -3.203441619873047 -0.2584066390991211
-29.420923233032227 -2.1296424865722656 -0.2797079086303711
-29.462383270263672 -1.5564651489257812 -0.27527952194213867
-29.363208770751953 -0.9482631683349609 -0.27219104766845703
-29.515689849853516 -0.4168729782104492 -0.2849736213684082
-29.54184341430664 0.47605323791503906 -0.2906527519226074
-29.543771743774414 1.1567325592041016 -0.2929205894470215
-29.42071533203125 1.936361312866211 -0.30095720291137695
-29.330307006835938 2.8219757080078125 -0.3227729797363281
-29.2977237701416 3.333707809448242 -0.3445730209350586
-29.22780418395996 4.13224983215332 -0.3445272445678711
-29.2271785736084 4.737632751464844 -0.3551139831542969
-29.24993324279785 5.492147445678711 -0.3626084327697754
-29.31206703186035 6.2016143798828125 -0.3656473159790039
-29.400833129882812 6.991117477416992 -0.3483152389526367
-29.656036376953125 7.566946029663086 -0.32953357696533203
-29.968830108642578 7.724264144897461 -0.32523536682128906

