1
-29.81041145324707 4.879077911376953 -0.3626260757446289
-28.668773651123047 4.85960578918457 -0.3606128692626953
-27.330707550048828 4.871709823608398 -0.35524797439575195
-26.09389877319336 4.853694915771484 -0.34386301040649414
-24.83191680908203 4.8261871337890625 -0.33695173263549805
-23.60599708557129 4.807733535766602 -0.3331594467163086
-22.36141586303711 4.82911491394043 -0.33556127548217773
-21.212411880493164 4.798978805541992 -0.3250303268432617
-20.839380264282227 5.641750335693359 -0.34802865982055664
-20.85443115234375 6.862112045288086 -0.37319135665893555
-20.655029296875 8.066730499267578 -0.38948583602905273
-20.772750854492188 9.172185897827148 -0.4026527404785156
-21.497005462646484 9.438322067260742 -0.4201540946960449
-23.01759910583496 9.45608139038086 -0.40796947479248047
-24.234434127807617 9.494646072387695 -0.3914022445678711
-25.539562225341797 9.502401351928711 -0.3851947784423828
-26.738910675048828 9.466615676879883 -0.3848881721496582
-27.784568786621094 9.435346603393555 -0.38283538818359375
-28.82217025756836 9.403861999511719 -0.38348865509033203
-29.908836364746094 9.188674926757812 -0.3816494941711426

1
-20.51421356201172 4.8898468017578125 -0.3233165740966797
-20.465673446655273 3.490915298461914 -0.31501293182373047
-20.516620635986328 1.989492416381836 -0.28742361068725586
-20.50110626220703 0.47939109802246094 -0.26707983016967773
-20.499805450439453 -0.994542121887207 -0.258270263671875
-20.562129974365234 -2.371058464050293 -0.252105712890625
-20.68895721435547 -3.80477237701416 -0.21981048583984375
-20.543331146240234 -5.325029373168945 -0.20885467529296875
-19.09658432006836 -4.822797775268555 -0.2059493064880371
-17.651195526123047 -4.40355110168457 -0.19422483444213867
-16.307645797729492 -4.018242835998535 -0.20441150665283203
-15.76268196105957 -2.8078250885009766 -0.2206745147705078
-15.787470817565918 -1.292776107788086 -0.24316835403442383
-15.846344947814941 0.15952014923095703 -0.26837778091430664
-15.873984336853027 1.6267166137695312 -0.30242919921875
-15.785516738891602 3.035490036010742 -0.35045957565307617
-15.884712219238281 4.347461700439453 -0.3797621726989746
-17.249069213867188 4.555156707763672 -0.3719916343688965
-18.980480194091797 4.740207672119141 -0.3505125045776367
-20.40945816040039 4.922264099121094 -0.32604074478149414

2
29.82697296142578 -2.5515060424804688 -0.31379222869873047
26.660266876220703 -2.557811737060547 -0.3065643310546875
23.48401641845703 -2.5803661346435547 -0.3137173652648926
20.222179412841797 -2.580723762512207 -0.30739545822143555
17.05178451538086 -2.6259498596191406 -0.30269813537597656
13.761024475097656 -2.6186561584472656 -0.30457115173339844
10.414409637451172 -2.6599788665771484 -0.29985857009887695
7.165683746337891 -2.676664352416992 -0.28688526153564453
3.8166732788085938 -2.6971330642700195 -0.2815079689025879
0.6439704895019531 -2.7138004302978516 -0.28056764602661133
-2.6128692626953125 -2.727397918701172 -0.28421640396118164
-5.986946105957031 -2.7344541549682617 -0.2846055030822754
-9.279119491577148 -2.7584362030029297 -0.2931380271911621
-12.45345687866211 -2.770083427429199 -0.3028221130371094
-15.65621280670166 -2.748265266418457 -0.3165011405944824
-19.016220092773438 -2.9040374755859375 -0.3002772331237793
-21.010223388671875 -5.063360214233398 -0.24021387100219727
-21.063716888427734 -8.329477310180664 -0.14641237258911133
-21.006179809570312 -11.55319595336914 -0.04219388961791992
-21.066299438476562 -14.807182312011719 0.08055639266967773

2
19.064281463623047 14.799793243408203 -0.3828763961791992
19.01645278930664 11.525901794433594 -0.3778362274169922
19.128971099853516 8.35715103149414 -0.3502693176269531
18.18215560913086 5.293418884277344 -0.4268302917480469
14.795806884765625 5.1132659912109375 -0.4115304946899414
11.667598724365234 5.0573577880859375 -0.42378711700439453
8.274471282958984 5.048650741577148 -0.40905332565307617
4.9853057861328125 5.062721252441406 -0.40044164657592773
1.6022415161132812 5.065483093261719 -0.39198732376098633
-1.566976547241211 5.080015182495117 -0.3964061737060547
-5.068620681762695 5.074365615844727 -0.4004535675048828
-8.090484619140625 5.070268630981445 -0.4250164031982422
-11.885091781616211 4.972322463989258 -0.43846893310546875
-15.119237899780273 4.822147369384766 -0.4161415100097656
-16.811595916748047 3.1336727142333984 -0.3818082809448242
-20.02176284790039 3.5285606384277344 -0.35826826095581055
-22.26681900024414 6.029134750366211 -0.417083740234375
-21.266401290893555 8.464424133300781 -0.4251527786254883
-21.11077880859375 11.467451095581055 -0.4947538375854492
-21.186614990234375 14.817588806152344 -0.5161557197570801

2
29.81716537475586 5.278629302978516 -0.4272756576538086
29.067962646484375 5.272493362426758 -0.4298224449157715
28.278465270996094 5.270029067993164 -0.4218173027038574
27.442928314208984 5.26763916015625 -0.4197425842285156
26.588043212890625 5.251789093017578 -0.42243242263793945
25.92605972290039 5.262147903442383 -0.41785192489624023
25.133201599121094 5.28141975402832 -0.4176192283630371
24.526752471923828 5.428672790527344 -0.41442155838012695
23.807071685791016 6.091651916503906 -0.3962407112121582
23.56714630126953 6.886045455932617 -0.36644792556762695
23.602115631103516 7.710163116455078 -0.34323549270629883
23.538211822509766 8.40199089050293 -0.34711790084838867
23.520965576171875 9.309377670288086 -0.35822582244873047
23.481788635253906 10.112768173217773 -0.3649735450744629
23.506332397460938 10.849884033203125 -0.3805398941040039
23.512649536132812 11.653657913208008 -0.38857269287109375
23.51278305053711 12.485206604003906 -0.40026187896728516
23.544918060302734 13.302505493164062 -0.407712459564209
23.618057250976562 14.082403182983398 -0.4130592346191406
23.882312774658203 14.800237655639648 -0.4145817756652832

1
-29.84848403930664 -9.013883590698242 -0.03966331481933594
-28.735157012939453 -9.01092529296875 -0.05560445785522461
-27.331819534301758 -9.011556625366211 -0.05039834976196289
-26.081575393676758 -8.982209205627441 -0.048285484313964844
-24.912002563476562 -8.925418853759766 -0.05805015563964844
-23.471813201904297 -8.940191268920898 -0.056138038635253906
-21.997074127197266 -9.068792343139648 -0.05437469482421875
-20.705780029296875 -8.951567649841309 -0.06432962417602539
-20.191116333007812 -8.080512046813965 -0.09203767776489258
-20.033432006835938 -6.667912483215332 -0.13878202438354492
-19.794038772583008 -5.253818511962891 -0.18245506286621094
-19.969614028930664 -4.405890464782715 -0.20753240585327148
-21.111473083496094 -4.221538543701172 -0.210784912109375
-22.46959114074707 -4.285140037536621 -0.22289609909057617
-23.862089157104492 -4.295061111450195 -0.2086944580078125
-25.153270721435547 -4.301867485046387 -0.2137317657470703
-26.464778900146484 -4.328062057495117 -0.22928953170776367
-27.751466751098633 -4.381133079528809 -0.2375011444091797
-28.993083953857422 -4.403990745544434 -0.2123727798461914
-29.887136459350586 -4.396183013916016 -0.22405099868774414

2
-29.55152702331543 14.812311172485352 -0.43473148345947266
-29.411602020263672 14.422515869140625 -0.4325447082519531
-29.447242736816406 13.995346069335938 -0.43376636505126953
-29.508676528930664 13.493017196655273 -0.43190431594848633
-29.56572723388672 13.052154541015625 -0.4402494430541992
-29.596952438354492 12.658937454223633 -0.43099117279052734
-29.50324058532715 12.118988037109375 -0.407318115234375
-29.5174617767334 11.64583969116211 -0.40392065048217773
-29.55956268310547 11.203697204589844 -0.39932680130004883
-29.595096588134766 10.917261123657227 -0.41082048416137695
-29.516979217529297 10.326562881469727 -0.39820051193237305
-29.41289520263672 9.924917221069336 -0.3897995948791504
-29.440990447998047 9.490226745605469 -0.39074134826660156
-29.329519271850586 8.939413070678711 -0.40022897720336914
-29.406509399414062 8.524255752563477 -0.40277624130249023
-29.412063598632812 8.124099731445312 -0.39738988876342773
-29.430438995361328 7.853763580322266 -0.4022045135498047
-29.52561378479004 6.965192794799805 -0.3960609436035156
-29.687122344970703 6.703851699829102 -0.37816476821899414
-29.933692932128906 6.498329162597656 -0.3928999900817871

2
-29.530099868774414 -14.79372787475586 -0.013792991638183594
-29.414121627807617 -14.31284236907959 -0.028080463409423828
-29.428897857666016 -13.785887718200684 -0.026187896728515625
-29.462955474853516 -13.2860746383667 -0.04391956329345703
-29.53144073486328 -12.775362014770508 -0.05584526062011719
-29.49165153503418 -12.309778213500977 -0.07146739959716797
-29.5592098236084 -11.896702766418457 -0.0831899642944336
-29.55948257446289 -11.272687911987305 -0.09549760818481445
-29.620019912719727 -10.756025314331055 -0.10100078582763672
-29.524818420410156 -10.097386360168457 -0.11407947540283203
-29.586997985839844 -9.580286979675293 -0.144317626953125
-29.508251190185547 -8.947490692138672 -0.15619325637817383
-29.54344940185547 -8.350879669189453 -0.16631126403808594
-29.529922485351562 -7.605800628662109 -0.1990671157836914
-29.556468963623047 -7.308699607849121 -0.21978473663330078
-29.54558563232422 -6.7119903564453125 -0.2178792953491211
-29.568523406982422 -6.183193206787109 -0.24565505981445312
-29.627058029174805 -5.752488136291504 -0.2640843391418457
-29.786880493164062 -5.167914390563965 -0.27120494842529297
-29.961589813232422 -4.64155387878418 -0.2801513671875

1
-29.990001678466797 0.9716625213623047 -0.28534364700317383
-29.953336715698242 1.817586898803711 -0.2861170768737793
-29.914140701293945 1.5280876159667969 -0.3135051727294922
-29.879234313964844 1.9904842376708984 -0.29047727584838867
-29.848384857177734 2.333261489868164 -0.28200244903564453
-29.822357177734375 2.7376365661621094 -0.2487788200378418
-29.678382873535156 3.00775146484375 -0.29598045349121094
-29.694904327392578 3.480093002319336 -0.33828258514404297
-29.771902084350586 3.911060333251953 -0.31291675567626953
-29.812013626098633 4.094522476196289 -0.29488086700439453
-29.79819679260254 4.61297607421875 -0.3496222496032715
-29.744539260864258 4.808284759521484 -0.36513805389404297
-29.683780670166016 5.254795074462891 -0.33014917373657227
-29.669898986816406 5.633098602294922 -0.37140560150146484
-29.743497848510742 6.128734588623047 -0.40644311904907227
-29.79758071899414 6.560543060302734 -0.3945450782775879
-29.785558700561523 7.028520584106445 -0.3906846046447754
-29.868465423583984 7.231391906738281 -0.3715367317199707
-29.953332901000977 7.606830596923828 -0.3373451232910156
-29.996597290039062 7.502017974853516 -0.33548879623413086

