1
-29.82575798034668 4.872661590576172 -0.3590726852416992
-28.743165969848633 4.861444473266602 -0.3575773239135742
-27.54743003845215 4.8862457275390625 -0.3505253791809082
-26.432878494262695 4.866064071655273 -0.34449291229248047
-25.219085693359375 4.825958251953125 -0.34058237075805664
-24.160785675048828 4.829801559448242 -0.3367805480957031
-22.87252426147461 4.828107833862305 -0.34040403366088867
-21.85793685913086 4.8312835693359375 -0.3310575485229492
-21.377349853515625 5.606792449951172 -0.35272836685180664
-21.469072341918945 6.733467102050781 -0.3757338523864746
-21.22134017944336 7.847526550292969 -0.3936638832092285
-21.355224609375 9.01132583618164 -0.40360212326049805
-21.872074127197266 9.458009719848633 -0.4156503677368164
-23.0700626373291 9.446565628051758 -0.4087648391723633
-24.272235870361328 9.511327743530273 -0.4001350402832031
-25.529138565063477 9.511423110961914 -0.3916740417480469
-26.601110458374023 9.497806549072266 -0.3908843994140625
-27.657663345336914 9.460897445678711 -0.38477182388305664
-28.757522583007812 9.476835250854492 -0.38139915466308594
-29.900009155273438 9.421012878417969 -0.39211225509643555

1
-21.05809783935547 4.891262054443359 -0.3282623291015625
-21.10118865966797 3.456655502319336 -0.313291072845459
-21.05492401123047 1.970663070678711 -0.28199338912963867
-21.061969757080078 0.5175628662109375 -0.25557947158813477
-21.00285530090332 -1.0028343200683594 -0.2474803924560547
-21.140567779541016 -2.3484420776367188 -0.2304844856262207
-21.225902557373047 -3.8982973098754883 -0.19064855575561523
-20.943269729614258 -5.320671081542969 -0.17634868621826172
-19.527408599853516 -4.822778701782227 -0.1776866912841797
-18.10410499572754 -4.37801456451416 -0.1680283546447754
-16.681907653808594 -4.004137992858887 -0.17814254760742188
-16.172943115234375 -2.7561492919921875 -0.20316648483276367
-16.203292846679688 -1.2653121948242188 -0.2312760353088379
-16.2762508392334 0.1737661361694336 -0.26446104049682617
-16.29293441772461 1.6270885467529297 -0.30312108993530273
-16.299022674560547 3.062528610229492 -0.35491943359375
-16.443866729736328 4.374765396118164 -0.38683080673217773
-17.890247344970703 4.578166961669922 -0.3745880126953125
-19.571744918823242 4.696435928344727 -0.34760618209838867
-21.01101303100586 4.897665023803711 -0.3237442970275879

2
29.828025817871094 -2.5568933486938477 -0.3216986656188965
26.629894256591797 -2.571507453918457 -0.31551218032836914
23.44092559814453 -2.5976152420043945 -0.3195524215698242
20.143238067626953 -2.6044445037841797 -0.3125476837158203
16.9688720703125 -2.6403274536132812 -0.306365966796875
13.642929077148438 -2.627565383911133 -0.30753374099731445
10.260379791259766 -2.6638622283935547 -0.30223989486694336
7.056095123291016 -2.675790786743164 -0.2864389419555664
3.6359519958496094 -2.6957874298095703 -0.2792696952819824
0.4410972595214844 -2.7104549407958984 -0.27735471725463867
-2.853313446044922 -2.7237977981567383 -0.2786846160888672
-6.197040557861328 -2.734869956970215 -0.27822256088256836
-9.52890396118164 -2.7594118118286133 -0.2852210998535156
-12.74776840209961 -2.767888069152832 -0.29192113876342773
-15.956725120544434 -2.7336301803588867 -0.30408334732055664
-19.38712501525879 -2.8644676208496094 -0.2890477180480957
-21.542110443115234 -5.057027816772461 -0.22613143920898438
-21.588947296142578 -8.244319915771484 -0.13095617294311523
-21.622982025146484 -11.5634765625 -0.016384601593017578
-21.465572357177734 -14.80771255493164 0.117279052734375

2
18.647560119628906 14.80282211303711 -0.4173884391784668
18.448944091796875 11.565027236938477 -0.39656496047973633
18.51508331298828 8.311090469360352 -0.3621225357055664
17.603313446044922 5.279985427856445 -0.43340444564819336
14.179302215576172 5.08973503112793 -0.4231085777282715
11.023967742919922 5.056114196777344 -0.43585205078125
7.649299621582031 5.041873931884766 -0.41930627822875977
4.388740539550781 5.067783355712891 -0.4164133071899414
1.005767822265625 5.072977066040039 -0.40354204177856445
-2.1762943267822266 5.0831756591796875 -0.4068632125854492
-5.588165283203125 5.073732376098633 -0.40925025939941406
-8.691034317016602 5.047658920288086 -0.43238210678100586
-12.507375717163086 4.946981430053711 -0.44828271865844727
-15.669081687927246 4.832756042480469 -0.4187355041503906
-17.461837768554688 3.117053985595703 -0.3840312957763672
-20.690414428710938 3.6022491455078125 -0.3520193099975586
-23.012462615966797 6.065532684326172 -0.42200374603271484
-21.976688385009766 8.518972396850586 -0.4398798942565918
-21.7751522064209 11.440393447875977 -0.5086297988891602
-21.88113021850586 14.796667098999023 -0.5445480346679688

1
-29.85028648376465 -9.043088912963867 -0.009786128997802734
-28.78326988220215 -9.057390213012695 -0.024721622467041016
-27.45478630065918 -9.047307014465332 -0.020433902740478516
-26.277416229248047 -9.003509521484375 -0.02417278289794922
-25.157787322998047 -8.99870491027832 -0.02951669692993164
-23.730976104736328 -9.003467559814453 -0.027668476104736328
-22.38897132873535 -9.132698059082031 -0.025354862213134766
-21.148090362548828 -9.012249946594238 -0.028274059295654297
-20.70587921142578 -8.131717681884766 -0.0647573471069336
-20.52157974243164 -6.784284591674805 -0.12181520462036133
-20.309480667114258 -5.473443984985352 -0.16173887252807617
-20.290390014648438 -4.478020668029785 -0.1945323944091797
-21.30289077758789 -4.26340389251709 -0.19571447372436523
-22.594829559326172 -4.306070327758789 -0.2129373550415039
-23.892559051513672 -4.3204803466796875 -0.19809389114379883
-25.090715408325195 -4.348274230957031 -0.19967412948608398
-26.322834014892578 -4.376715660095215 -0.21123504638671875
-27.584083557128906 -4.408946990966797 -0.21558904647827148
-28.862653732299805 -4.403249740600586 -0.1943526268005371
-29.88288116455078 -4.4198150634765625 -0.21421289443969727

2
29.82550811767578 5.286048889160156 -0.432436466217041
29.073017120361328 5.2786865234375 -0.4334278106689453
28.263526916503906 5.275367736816406 -0.42897987365722656
27.42327880859375 5.271720886230469 -0.4271240234375
26.552520751953125 5.252159118652344 -0.43053197860717773
25.86343765258789 5.262090682983398 -0.4265756607055664
25.06536865234375 5.262174606323242 -0.42838335037231445
24.344894409179688 5.349262237548828 -0.42779541015625
23.571712493896484 5.867519378662109 -0.4157595634460449
23.240596771240234 6.6630401611328125 -0.3887495994567871
23.276798248291016 7.451925277709961 -0.358583927154541
23.228069305419922 8.28184700012207 -0.3630051612854004
23.217117309570312 9.121026992797852 -0.37218761444091797
23.147361755371094 9.989465713500977 -0.38065004348754883
23.10201644897461 10.770137786865234 -0.3958711624145508
23.152294158935547 11.582420349121094 -0.4065279960632324
23.09841537475586 12.406818389892578 -0.4211459159851074
23.08829116821289 13.247232437133789 -0.42864513397216797
23.165367126464844 14.050691604614258 -0.4330410957336426
23.418869018554688 14.804479598999023 -0.43423032760620117

