1
-29.8287410736084 4.856201171875 -0.35255002975463867
-28.780275344848633 4.853080749511719 -0.3498806953430176
-27.731075286865234 4.874689102172852 -0.3402137756347656
-26.64533233642578 4.855213165283203 -0.3372335433959961
-25.44417953491211 4.808685302734375 -0.3366823196411133
-24.477237701416016 4.83282470703125 -0.3312721252441406
-23.330459594726562 4.794116973876953 -0.3338313102722168
-22.27631950378418 4.830324172973633 -0.3246192932128906
-21.781902313232422 5.610980987548828 -0.34352922439575195
-21.837583541870117 6.64463996887207 -0.36639881134033203
-21.721948623657227 7.7633514404296875 -0.3872261047363281
-21.797828674316406 8.947835922241211 -0.39914560317993164
-22.18917465209961 9.548965454101562 -0.40837669372558594
-23.29348373413086 9.475702285766602 -0.4030303955078125
-24.404190063476562 9.518409729003906 -0.39769554138183594
-25.656726837158203 9.531373977661133 -0.3894491195678711
-26.650196075439453 9.507566452026367 -0.3855414390563965
-27.68785858154297 9.477277755737305 -0.3787975311279297
-28.763154983520508 9.484403610229492 -0.375180721282959
-29.893890380859375 9.446968078613281 -0.3849472999572754

1
-21.525297164916992 4.929841995239258 -0.32491254806518555
-21.558053970336914 3.4729480743408203 -0.30955028533935547
-21.49439239501953 1.9448471069335938 -0.2750868797302246
-21.493793487548828 0.5183830261230469 -0.2438640594482422
-21.45341682434082 -0.9852237701416016 -0.2389359474182129
-21.62014389038086 -2.368058204650879 -0.21895980834960938
-21.61698341369629 -3.901198387145996 -0.1769428253173828
-21.36300277709961 -5.326971054077148 -0.16391468048095703
-19.960819244384766 -4.820013999938965 -0.17080211639404297
-18.502391815185547 -4.397771835327148 -0.16036462783813477
-17.124656677246094 -4.003504753112793 -0.17322015762329102
-16.63287925720215 -2.817002296447754 -0.19546890258789062
-16.61880874633789 -1.285008430480957 -0.22742033004760742
-16.67664337158203 0.134002685546875 -0.25861024856567383
-16.683956146240234 1.6123161315917969 -0.2992410659790039
-16.75201988220215 3.059946060180664 -0.3487257957458496
-16.770322799682617 4.394514083862305 -0.3757491111755371
-18.27665901184082 4.611013412475586 -0.3621244430541992
-19.89139175415039 4.670856475830078 -0.33470582962036133
-21.5286808013916 4.927738189697266 -0.31284666061401367

2
29.829914093017578 -2.521097183227539 -0.34247541427612305
26.60388946533203 -2.5422792434692383 -0.33409976959228516
23.397212982177734 -2.5768518447875977 -0.33477354049682617
20.09426498413086 -2.5927085876464844 -0.3257126808166504
16.896648406982422 -2.6294336318969727 -0.31755733489990234
13.54327392578125 -2.624818801879883 -0.3163466453552246
10.13125991821289 -2.662022590637207 -0.3100242614746094
6.930091857910156 -2.675342559814453 -0.2914848327636719
3.487213134765625 -2.690310478210449 -0.2804079055786133
0.23287200927734375 -2.7016611099243164 -0.27734804153442383
-3.0519046783447266 -2.724747657775879 -0.2767939567565918
-6.3990936279296875 -2.7386274337768555 -0.2756009101867676
-9.760255813598633 -2.7681798934936523 -0.2782444953918457
-12.959575653076172 -2.7822608947753906 -0.28331756591796875
-16.294357299804688 -2.7563180923461914 -0.2956733703613281
-19.796722412109375 -2.8528966903686523 -0.28402090072631836
-22.0219669342041 -4.978466033935547 -0.21969223022460938
-22.05430030822754 -8.189501762390137 -0.12244939804077148
-22.151473999023438 -11.531720161437988 -0.0027866363525390625
-21.89729118347168 -14.803110122680664 0.14159679412841797

2
18.176982879638672 14.800897598266602 -0.422116756439209
17.981311798095703 11.552024841308594 -0.39823102951049805
18.03351593017578 8.298629760742188 -0.3668556213378906
17.087116241455078 5.333047866821289 -0.4404945373535156
13.75607681274414 5.103309631347656 -0.42560434341430664
10.638145446777344 5.080223083496094 -0.43378210067749023
7.253265380859375 5.0562591552734375 -0.41531944274902344
3.9959259033203125 5.0697021484375 -0.4119143486022949
0.5462474822998047 5.06883430480957 -0.39786577224731445
-2.552244186401367 5.080059051513672 -0.4001913070678711
-5.943447113037109 5.083530426025391 -0.4042534828186035
-9.13692855834961 5.032867431640625 -0.42711877822875977
-12.864408493041992 4.954021453857422 -0.44421911239624023
-16.051984786987305 4.842529296875 -0.41301774978637695
-17.96894645690918 3.1395931243896484 -0.3787360191345215
-21.133304595947266 3.579244613647461 -0.3451724052429199
-23.45429229736328 6.141429901123047 -0.4213705062866211
-22.464860916137695 8.511770248413086 -0.4306764602661133
-22.179227828979492 11.469335556030273 -0.5054025650024414
-22.428897857666016 14.795101165771484 -0.5371789932250977

1
-29.85515594482422 -9.087418556213379 0.002930164337158203
-28.808401107788086 -9.102270126342773 -0.008858203887939453
-27.557186126708984 -9.1006498336792 -0.009792804718017578
-26.45789337158203 -9.0365629196167 -0.012167930603027344
-25.356698989868164 -9.054769515991211 -0.01729583740234375
-23.946741104125977 -9.048070907592773 -0.01269674301147461
-22.699058532714844 -9.14376449584961 -0.013651847839355469
-21.572593688964844 -9.005086898803711 -0.01724386215209961
-21.083484649658203 -8.105552673339844 -0.05495452880859375
-20.92861557006836 -6.882297515869141 -0.11256074905395508
-20.779327392578125 -5.651938438415527 -0.14994049072265625
-20.656124114990234 -4.527048110961914 -0.18650197982788086
-21.57898712158203 -4.314011573791504 -0.19208478927612305
-22.776405334472656 -4.336148262023926 -0.20839834213256836
-24.021549224853516 -4.358095169067383 -0.1946887969970703
-25.204938888549805 -4.400843620300293 -0.19717121124267578
-26.36577796936035 -4.4323272705078125 -0.20480823516845703
-27.554567337036133 -4.45058536529541 -0.20623254776000977
-28.783458709716797 -4.443713188171387 -0.18655776977539062
-29.877195358276367 -4.467035293579102 -0.2075657844543457

2
29.828536987304688 5.298528671264648 -0.44586849212646484
29.052608489990234 5.295862197875977 -0.4441986083984375
28.21914291381836 5.288373947143555 -0.44332075119018555
27.328166961669922 5.290275573730469 -0.44098997116088867
26.460426330566406 5.2607879638671875 -0.4443488121032715
25.772537231445312 5.269147872924805 -0.44075489044189453
24.902362823486328 5.274309158325195 -0.44425535202026367
24.101947784423828 5.318593978881836 -0.44197988510131836
23.349628448486328 5.680351257324219 -0.42825937271118164
22.844070434570312 6.495368957519531 -0.40297889709472656
22.820232391357422 7.313392639160156 -0.37242603302001953
22.784122467041016 8.12916374206543 -0.37002134323120117
22.787567138671875 8.966268539428711 -0.3783893585205078
22.73328399658203 9.87930679321289 -0.3844003677368164
22.77184295654297 10.701810836791992 -0.39813804626464844
22.76004409790039 11.505609512329102 -0.4103555679321289
22.70684051513672 12.360475540161133 -0.42836856842041016
22.694580078125 13.209049224853516 -0.4335918426513672
22.837142944335938 14.024791717529297 -0.438931941986084
22.872760772705078 14.799789428710938 -0.44053220748901367

